   1.3526459e-14   0.0000000e+00  -7.1054274e-15  -2.1684043e-19  -3.4606936e-18   0.0000000e+00
  -5.6374610e-04   5.4825782e-02  -3.7574945e-02   3.9434574e-04  -1.0107836e-04   1.1110230e-04
  -8.6338817e-03   4.8808487e-02   4.5283172e-02   5.5205528e-04   1.7288614e-04  -1.6218585e-04
  -7.2505693e-04  -5.1529818e-02  -4.1336066e-02   7.7119015e-06   1.4540348e-04  -2.4864951e-04
  -2.2421353e-02   5.7369296e-02   1.3058471e-02   1.1173668e-03   4.9128875e-04  -3.3544951e-04
  -2.2246742e-02  -3.4634769e-03   3.9913722e-02   5.1922771e-05   2.7532499e-04  -7.2659497e-04
  -1.9114093e-02   4.4926473e-02   3.2621132e-02   7.8535390e-04   2.2294148e-04  -6.3713007e-04
  -2.1294262e-02   2.7711725e-02   5.2770471e-02   3.3900586e-04   4.7361312e-04  -7.5406175e-04
  -1.3702090e-02   5.3515689e-03  -1.2845240e-02   1.1837319e-05   7.1296908e-04  -6.5119193e-04
  -1.8338611e-02   2.9769741e-02   5.7468291e-02   6.3288729e-04   8.8876862e-04  -6.3583374e-04
  -2.1028686e-02  -3.2271903e-02   4.1037886e-02  -1.0790240e-03   6.7511143e-04  -1.1810665e-03
  -2.4368546e-02   7.5567809e-02   8.3406707e-02   5.6257330e-04   7.2548001e-04  -1.0516891e-03
  -2.1807937e-02   4.5125123e-02   2.4693068e-02  -3.2418503e-04   8.2183179e-04  -1.3084493e-03
  -1.8186375e-02   5.6312441e-02  -4.3343565e-03   6.3859996e-04   6.0992767e-04  -1.1617295e-03
  -2.2036426e-02   7.2473202e-02   4.6166798e-02  -3.8868894e-05   8.2508923e-04  -1.4216963e-03
  -1.7737624e-02   4.0420689e-02   1.0078333e-02   2.5884436e-04   6.3418075e-04  -1.1846293e-03
  -2.4665022e-02   4.1407998e-02   8.5755972e-02   8.0577815e-05   1.0167514e-03  -1.5342002e-03
  -1.5486180e-02   4.5613423e-02   4.6412872e-02   4.2937900e-04   5.7805619e-04  -1.4629333e-03
  -1.8392929e-02  -3.0087807e-02   1.1338160e-01   1.6845869e-04   8.7159896e-04  -1.5810547e-03
  -1.3400118e-02   7.6529158e-03   6.8497945e-02  -5.0330979e-04   1.0029925e-03  -1.7966619e-03
  -1.6918978e-02   3.9470461e-02   1.1242238e-01   1.2172809e-03   1.2102514e-03  -1.5452555e-03
  -1.1989221e-02  -4.0926564e-03   7.8007178e-02  -5.2773592e-04   1.1868142e-03  -1.9025158e-03
  -8.2223671e-03   8.0683274e-02   7.2360958e-02   1.0806277e-03   1.4443446e-03  -1.6085336e-03
  -6.3208814e-03  -1.2528159e-02   9.7237025e-02   1.5983990e-04   2.1393424e-03  -1.8635393e-03
  -1.1014810e-02   5.8963437e-02   3.6477272e-02  -2.7133588e-04   2.2261880e-03  -1.8629759e-03
  -3.1721922e-03   3.4907841e-02   1.0620821e-01   5.3369026e-04   2.1430323e-03  -1.9406877e-03
  -5.1787045e-03  -8.9391172e-03   4.0081046e-02  -2.6175463e-04   2.4088639e-03  -2.1337429e-03
   4.5826730e-04   1.0868733e-02   8.3365957e-02   1.5303319e-03   2.3699299e-03  -1.6259707e-03
   2.5628957e-03  -4.3894864e-02   2.1486852e-02   2.1901176e-04   2.7806044e-03  -1.9236338e-03
  -4.0599503e-03   7.5569615e-02   8.6059039e-02   1.5727415e-03   2.4908532e-03  -1.7637147e-03
   3.0539745e-03  -1.2876252e-02   6.3009958e-02   4.3631078e-04   2.5355018e-03  -2.1922479e-03
   8.3343068e-03   7.2575491e-02   4.0126821e-02   5.1403004e-04   2.3589570e-03  -1.6944324e-03
   4.2554651e-03   5.9201419e-02   5.2203053e-02   1.0924455e-03   2.2576168e-03  -1.9375388e-03
   2.9740177e-03   3.1375800e-02   7.7418121e-02   1.1517816e-03   2.5710032e-03  -1.8258240e-03
  -3.0531987e-03   6.6277007e-02   1.3304221e-01   1.1540435e-03   2.4557703e-03  -2.1289915e-03
   8.3906786e-03  -2.7506094e-02   5.9451128e-02   6.3767002e-04   2.1817345e-03  -1.9067173e-03
  -5.4192512e-03   2.7186770e-02   1.1032586e-01   1.2695444e-03   2.6107046e-03  -1.9265597e-03
   2.9441898e-03   4.7015009e-02   3.2666449e-02   5.4633350e-04   2.4371982e-03  -1.7718551e-03
  -3.1992550e-03   5.6706013e-02   1.1902149e-01   6.3366502e-04   2.2989801e-03  -1.9405200e-03
   2.6293573e-03  -1.3483164e-02   4.8543214e-02   1.1612964e-04   2.1209512e-03  -2.0543801e-03
  -4.5609972e-03   7.2253979e-02   1.1936972e-01   6.1039159e-04   2.3012734e-03  -2.0091242e-03
  -2.1721880e-03   2.2841140e-02   4.6569530e-02  -1.4903458e-04   2.6269487e-03  -2.0146392e-03
   1.4139497e-03   6.1039302e-02   1.1466925e-01   6.3958073e-04   2.7604390e-03  -1.8252296e-03
   2.6896787e-02  -8.3238091e-02   1.6671859e-01  -4.3280430e-04   1.9415872e-03  -2.0136207e-03
   2.0782273e-02   8.4335333e-02   1.0877311e-01   2.2280090e-04   2.2721600e-03  -1.7199027e-03
   5.9765797e-03   1.3574352e-01   1.7995572e-01   1.2929638e-03   2.3778344e-03  -1.9001632e-03
   1.1263191e-02   6.6662806e-02   1.8373563e-01   9.8794917e-04   2.6919229e-03  -1.7719185e-03
   3.3922497e-03   5.4384656e-02   2.0463195e-01   6.0321752e-04   3.0407435e-03  -2.0288176e-03
  -3.2451101e-04   1.3645910e-02   2.3325850e-01   1.5513998e-03   3.1471003e-03  -1.8927710e-03
  -1.5517662e-02   6.8006933e-02   2.6271494e-01   8.7305745e-04   3.2345311e-03  -2.2542865e-03
  -1.4423782e-02   1.7955805e-02   2.1533958e-01   1.0264949e-03   3.0117688e-03  -2.3829784e-03
  -8.1721861e-03   1.2025771e-02   2.5203946e-01   1.0064538e-03   3.3867576e-03  -2.2174639e-03
  -6.3674959e-03   1.5308869e-02   2.2363438e-01   1.0352594e-03   3.0161036e-03  -2.2575642e-03
  -1.5392933e-02   1.4148416e-02   2.4153710e-01   1.7731452e-03   3.3003896e-03  -2.4013594e-03
  -1.5170475e-03   3.3501553e-02   2.7569518e-01   1.1693845e-03   3.2276861e-03  -2.3987561e-03
  -4.9367456e-03   9.8894344e-03   2.4890486e-01   8.9976133e-04   3.4539576e-03  -2.6204861e-03
  -5.4941250e-03   6.8037009e-02   2.5795859e-01   1.5367250e-03   3.7593126e-03  -2.4290531e-03
  -7.5067169e-04   3.8605814e-02   2.5321551e-01   5.6131093e-04   3.4689105e-03  -2.6784627e-03
  -6.2048070e-03   3.7488086e-02   2.5092305e-01   9.6007639e-04   3.7853212e-03  -2.8882437e-03
  -2.0187821e-03   3.2515231e-02   2.3806108e-01   1.6006144e-03   3.9338708e-03  -2.8603162e-03
   1.4897332e-03   1.7853497e-03   1.7263956e-01  -1.8866928e-04   4.1645585e-03  -3.0297308e-03
  -4.2352108e-03   6.9645091e-02   2.1702352e-01   1.1674026e-03   4.1210493e-03  -3.0567418e-03
  -1.2923280e-02   6.8945158e-02   2.3769046e-01   1.7667234e-03   4.4145880e-03  -2.9540684e-03
  -1.1556087e-02   1.2391888e-02   2.2921885e-01   7.4646186e-04   4.8323873e-03  -3.0409232e-03
  -1.1268909e-02   1.5453779e-02   2.7361800e-01   1.5278906e-03   4.8366655e-03  -3.0692613e-03
  -4.1538495e-03  -2.0839073e-02   2.5893582e-01   2.3192833e-04   4.7400391e-03  -3.3159488e-03
  -8.9406597e-03   4.8961153e-02   2.2638640e-01   1.0502166e-03   4.7658180e-03  -2.9203616e-03
  -5.5029072e-03   1.0007454e-02   2.5357533e-01  -6.1420184e-04   4.9997803e-03  -3.4507924e-03
  -9.8200044e-03   6.4722688e-02   2.1901535e-01   1.0367639e-03   5.0298534e-03  -3.2642916e-03
  -8.9596677e-03   3.7234332e-02   2.8069593e-01  -1.5732816e-04   5.2313327e-03  -3.5358764e-03
  -6.4187095e-03   4.6548372e-02   2.1436876e-01   3.7532567e-04   5.2115582e-03  -3.3962318e-03
  -5.1260800e-03   8.3095891e-02   2.5443352e-01  -1.8841592e-04   5.3092166e-03  -3.5819246e-03
  -9.6702081e-03   3.9546305e-02   1.8990044e-01   6.5852328e-04   5.5651727e-03  -3.3285434e-03
  -1.1175589e-02   8.9261885e-03   2.7929784e-01   2.5974180e-05   5.7134544e-03  -3.6291432e-03
  -7.8119680e-03   8.6375742e-02   2.0621500e-01   4.9821390e-04   5.5562942e-03  -3.5820304e-03
  -6.6676340e-03   2.6515733e-02   2.7241489e-01   3.8839605e-04   5.6328513e-03  -3.7056310e-03
   1.9928596e-03   4.4178355e-02   1.9206555e-01  -1.2003802e-04   5.4524010e-03  -3.7023047e-03
  -7.6051463e-03   8.4470890e-02   2.4152107e-01   9.1622343e-04   5.8444556e-03  -3.6201981e-03
  -4.6682813e-03   3.7022896e-02   2.0401730e-01   1.2013308e-04   5.9828395e-03  -3.7563385e-03
  -1.2777375e-02   1.0380420e-01   2.2324253e-01   4.3833419e-04   6.3588575e-03  -3.7595889e-03
  -4.8232399e-03   4.5418496e-02   2.2290579e-01  -3.3993892e-04   6.1878055e-03  -3.9147432e-03
  -6.4373517e-03   9.2744701e-02   2.1712409e-01   1.1430711e-04   6.0980729e-03  -3.7315074e-03
  -4.9438139e-03   5.6297415e-02   2.3279944e-01  -4.7047067e-04   5.7577230e-03  -3.7556231e-03
  -1.2139336e-02   5.4385932e-02   2.4683295e-01   1.3287694e-03   5.6572833e-03  -3.5110421e-03
  -1.4073033e-02   1.8896197e-02   3.1764802e-01   3.7144769e-04   5.4630107e-03  -3.8290322e-03
  -9.8682679e-03   5.3038641e-02   2.7680262e-01   7.3314893e-04   5.5971149e-03  -3.8007404e-03
  -6.6786882e-03   8.9937021e-03   3.3034570e-01   1.6407955e-03   5.4967184e-03  -3.8206668e-03
   6.6506595e-04  -4.6844597e-02   3.4588887e-01   6.3332899e-04   5.7157909e-03  -3.8466460e-03
  -4.4357745e-04   8.4661565e-03   3.6164610e-01   1.6128042e-03   5.3194935e-03  -3.8674289e-03
  -6.0548712e-03   1.9240558e-02   2.9006810e-01   8.0149149e-04   5.4672145e-03  -4.1150865e-03
  -7.1094700e-03   2.7568604e-02   2.5606130e-01   1.6890122e-03   5.6579479e-03  -3.9782877e-03
   2.9572782e-03   1.5502161e-02   2.6159518e-01   1.1429879e-03   5.7280198e-03  -3.9541116e-03
   8.5040711e-03   7.9581157e-02   2.5419928e-01   1.8733978e-03   5.4880261e-03  -3.6273770e-03
  -6.1034178e-03   6.6346381e-02   3.1842757e-01   1.9236561e-03   5.4979625e-03  -4.0548757e-03
   6.7820413e-03   6.4422611e-02   3.0831556e-01   1.9557575e-03   5.1952117e-03  -3.7865123e-03
   6.2250577e-03   5.2899352e-02   3.6334773e-01   1.7546743e-03   5.4622437e-03  -3.9410567e-03
  -8.5898580e-04   2.0122385e-02   3.5327435e-01   1.0943518e-03   5.8243922e-03  -3.9143737e-03
   5.1804367e-03   4.6846221e-02   3.7008526e-01   1.7471815e-03   5.4256848e-03  -4.1646126e-03
   1.6986737e-03  -2.1234416e-02   3.0455326e-01   1.3549105e-03   5.6070597e-03  -4.3726254e-03
   2.2064828e-03   8.0611257e-02   3.1000911e-01   2.6061436e-03   5.6367284e-03  -3.8254159e-03
   5.0294715e-03   3.7666295e-02   3.1104643e-01   1.0292429e-03   5.6759541e-03  -4.0415614e-03
   5.3254095e-03   1.2881030e-01   2.9068863e-01   2.2390837e-03   5.5998501e-03  -3.6800899e-03
  -2.0809822e-03   1.2283796e-01   2.9944587e-01   2.2535875e-03   5.6123879e-03  -4.1847486e-03
   2.7346208e-02   3.7689536e-03   1.5225973e-01   2.0087670e-03   6.1567787e-03  -3.9929170e-03
   8.4216272e-03   1.0727288e-01   2.1398050e-01   3.1206352e-03   6.3841041e-03  -3.4348196e-03
  -1.2653230e-02   1.4310857e-01   2.4191578e-01   3.0285209e-03   5.8209331e-03  -3.7789396e-03
  -2.6195501e-03   7.9361642e-02   1.6506966e-01   1.9225809e-03   6.0899379e-03  -3.5687654e-03
  -1.6860999e-02   1.1568314e-01   2.4435953e-01   3.7534496e-03   6.5206596e-03  -3.8021636e-03
  -7.1074409e-04   1.8211133e-02   1.5467498e-01   4.1806135e-03   6.6921060e-03  -3.7006379e-03
  -1.2304447e-02   5.8700474e-02   2.4522339e-01   5.5653032e-03   6.1234122e-03  -3.7709539e-03
  -1.2662905e-02   2.9733902e-03   2.1331894e-01   4.5817834e-03   6.1755076e-03  -4.0103246e-03
  -1.6614804e-02   1.0230209e-01   2.4210935e-01   5.4756055e-03   6.2037791e-03  -4.0939303e-03
  -2.4288305e-02   9.1741286e-02   2.8033234e-01   5.0050392e-03   6.1424961e-03  -4.3085296e-03
  -2.8870115e-02   5.8431340e-02   2.4962870e-01   4.7230386e-03   5.9684743e-03  -4.4076241e-03
  -2.2065912e-02   7.5410350e-02   3.1868247e-01   6.4235474e-03   5.7367046e-03  -4.6024243e-03
  -2.4192029e-02  -1.7351772e-02   2.6779985e-01   5.8516106e-03   6.2335719e-03  -4.7163734e-03
  -3.4454240e-02   5.0301367e-02   3.1045677e-01   6.4229164e-03   6.1747029e-03  -4.8336667e-03
  -3.6024140e-02   2.5571579e-02   2.5582048e-01   5.6519644e-03   6.4121249e-03  -5.2017808e-03
  -4.1345783e-02   7.9811904e-02   2.8965247e-01   6.9622200e-03   6.4575038e-03  -4.9238335e-03
  -2.9456340e-02   3.4930451e-02   3.1744468e-01   6.2195190e-03   6.4705619e-03  -5.2024068e-03
  -2.7545075e-02   9.5480446e-02   3.0091629e-01   6.7647903e-03   6.4425567e-03  -5.1866200e-03
  -3.4120329e-02   1.1763960e-01   3.3973250e-01   7.4358388e-03   6.4888264e-03  -5.3557816e-03
  -2.7811302e-02   4.0894882e-02   2.8996010e-01   6.6629593e-03   6.5569221e-03  -5.1691439e-03
  -2.7290758e-02  -9.3608939e-03   3.5226536e-01   7.3731290e-03   6.4638708e-03  -4.9229835e-03
  -3.0150640e-02   2.0689400e-02   3.5527733e-01   6.7494544e-03   6.4725088e-03  -5.2502901e-03
  -3.2463459e-02   3.6652557e-02   3.5567917e-01   8.1163778e-03   7.0843076e-03  -5.0132037e-03
  -3.3146425e-02   4.4243649e-02   4.3374324e-01   7.8613276e-03   7.1221514e-03  -5.4601353e-03
  -1.9297759e-02   2.8124301e-02   4.2242640e-01   7.7221637e-03   6.8757614e-03  -5.3866137e-03
  -1.3164031e-02   2.0121875e-02   4.2966842e-01   8.1154423e-03   6.9076055e-03  -5.4859377e-03
  -1.7700963e-02   8.6368349e-03   3.9927548e-01   7.1696073e-03   6.9374598e-03  -5.8715880e-03
  -2.6584680e-02   5.5534767e-02   4.0165130e-01   7.7716449e-03   7.5913175e-03  -5.6100677e-03
  -2.5090957e-02   3.5938913e-02   3.9941974e-01   6.8435238e-03   7.0869446e-03  -6.1127981e-03
  -3.1080146e-02   5.3452099e-02   3.8230420e-01   7.8845613e-03   7.6383990e-03  -6.0533453e-03
  -2.4077525e-02   3.6488506e-02   3.9688920e-01   6.6857310e-03   7.7954042e-03  -6.5197906e-03
  -2.5784887e-02   5.9899147e-02   3.7640149e-01   8.3106333e-03   8.2798397e-03  -6.2260781e-03
  -3.2892706e-02   5.3075534e-02   4.1126809e-01   7.1362910e-03   7.9281805e-03  -6.5444084e-03
  -2.7216395e-02   6.3001884e-02   3.7224297e-01   7.8974407e-03   8.0599911e-03  -6.6119295e-03
  -2.6216385e-02   8.2549994e-03   4.3723167e-01   7.5861952e-03   8.1305908e-03  -7.0244059e-03
  -2.0625168e-02   9.0912107e-03   3.6913816e-01   8.0655118e-03   7.9869484e-03  -6.7677817e-03
  -3.2292356e-02   6.4962552e-02   4.1702083e-01   8.6471611e-03   8.2454607e-03  -6.6113858e-03
  -2.3013113e-02   9.3799033e-03   4.1975867e-01   9.2604489e-03   8.4254228e-03  -6.9126136e-03
  -2.5176193e-02   2.4285987e-02   4.4487034e-01   9.8111255e-03   8.5716856e-03  -7.3226036e-03
  -2.8911040e-02  -3.3870633e-02   4.1692584e-01   8.0286069e-03   8.7244787e-03  -7.6195061e-03
  -4.4717313e-02   7.2350097e-02   4.0506494e-01   9.9121509e-03   9.2309006e-03  -7.5371906e-03
  -5.4011411e-02   1.0095687e-01   4.7572648e-01   8.8955579e-03   9.2339244e-03  -7.3336654e-03
  -4.7866320e-02   9.8562669e-02   4.4212005e-01   9.6017442e-03   8.8889790e-03  -7.4570430e-03
  -5.6134988e-02   7.5178176e-02   4.6187137e-01   9.4829471e-03   8.7588138e-03  -6.9912031e-03
  -5.1170760e-02   4.4506802e-02   4.0287300e-01   9.3566080e-03   9.0006011e-03  -6.7009651e-03
  -6.2181401e-02   6.2753672e-02   4.5014921e-01   9.4682214e-03   9.2585270e-03  -6.7937709e-03
  -5.5945336e-02   3.0725578e-02   4.7965495e-01   8.3686235e-03   9.1204368e-03  -6.8320209e-03
  -6.6247311e-02   6.3844859e-02   5.0648735e-01   1.0399791e-02   8.9652466e-03  -6.8012248e-03
  -6.3652232e-02   3.0777958e-02   5.4036952e-01   9.3660543e-03   9.0177456e-03  -7.1611136e-03
  -6.2302173e-02   4.7518653e-02   4.9198017e-01   9.5176026e-03   8.8145637e-03  -7.1019327e-03
  -6.7599041e-02   5.0737162e-02   5.0531972e-01   1.0230061e-02   8.7449705e-03  -7.2697270e-03
  -6.7730514e-02   1.2996194e-02   5.0473992e-01   8.8052373e-03   9.4324363e-03  -7.1358909e-03
  -7.0137597e-02   8.2556098e-02   5.3166049e-01   8.6648761e-03   1.0206465e-02  -7.1391571e-03
  -8.4544519e-02   1.0286729e-01   4.4222962e-01   8.9451602e-03   1.0088736e-02  -6.7149325e-03
  -7.9139804e-02   3.3154035e-02   4.8282324e-01   9.4001767e-03   9.7245478e-03  -6.5878869e-03
  -7.8850567e-02   5.1483496e-02   5.0380411e-01   9.9669891e-03   9.7422826e-03  -6.7496032e-03
  -8.2072045e-02   6.6262605e-02   5.5809935e-01   1.0200187e-02   9.8957610e-03  -6.8425805e-03
  -7.8142458e-02   2.6706248e-02   5.3464308e-01   9.6911174e-03   9.5693020e-03  -6.8989084e-03
  -7.4624930e-02   2.7569609e-02   4.5644272e-01   1.0179532e-02   9.2767339e-03  -6.5365380e-03
  -7.8256767e-02   1.5915176e-02   4.1320901e-01   8.9671182e-03   9.6770449e-03  -6.6754789e-03
  -7.5913785e-02   5.8952324e-02   4.8324206e-01   9.9031944e-03   9.4558492e-03  -6.4334519e-03
  -6.7377810e-02  -9.4414575e-03   4.5933511e-01   9.0374650e-03   9.2450053e-03  -6.4717381e-03
  -6.7493231e-02   4.6252893e-02   5.0607167e-01   1.0020896e-02   9.1653460e-03  -6.3555302e-03
  -6.5411056e-02   5.3537472e-02   5.3993978e-01   9.0556248e-03   9.0770514e-03  -6.6401764e-03
  -6.2038821e-02   5.8010887e-02   5.1572579e-01   9.1225635e-03   8.9397233e-03  -6.6689497e-03
  -6.2608479e-02   8.4482197e-02   5.3392882e-01   8.5985433e-03   9.5827050e-03  -6.6855721e-03
  -5.3823055e-02   2.7998842e-02   5.0807447e-01   7.9302610e-03   9.4314081e-03  -6.7989401e-03
  -5.4363216e-02   6.0965553e-02   5.5805298e-01   8.4742208e-03   9.6475462e-03  -6.7701551e-03
  -5.7261454e-02   3.8503656e-02   5.7483050e-01   7.8196099e-03   9.9842966e-03  -6.8458251e-03
  -7.0417729e-02   6.8882999e-02   4.5428108e-01   8.3027479e-03   1.0320295e-02  -6.7273693e-03
  -7.2522535e-02   5.0506555e-02   4.8308673e-01   8.3579672e-03   1.0119834e-02  -7.2760061e-03
  -6.2701780e-02   1.3175806e-02   4.4196291e-01   7.7211844e-03   1.0041121e-02  -6.9828515e-03
  -6.3232389e-02   8.5676668e-02   4.5988793e-01   8.3480491e-03   1.0016338e-02  -6.8742102e-03
  -5.9705560e-02   8.9601392e-02   4.7323255e-01   7.4130793e-03   1.0252092e-02  -6.7985943e-03
  -6.4078081e-02   5.5692633e-02   4.7984909e-01   8.1923771e-03   1.0836431e-02  -6.5197354e-03
  -5.8709173e-02   4.3239607e-02   5.8438620e-01   7.6931143e-03   1.0769300e-02  -6.4811098e-03
  -5.7995850e-02   1.0320019e-01   5.8439717e-01   8.1652201e-03   1.0606071e-02  -6.5781334e-03
  -5.9577000e-02   7.9792751e-03   5.4947084e-01   6.9132822e-03   1.1262312e-02  -6.5792945e-03
  -4.9638998e-02   8.7407617e-02   4.6486872e-01   6.1118367e-03   1.1623752e-02  -6.3630829e-03
  -5.4692721e-02   1.6250770e-01   4.9314941e-01   7.8901712e-03   1.1416354e-02  -5.8195358e-03
  -5.7751249e-02   6.5346048e-02   5.3382821e-01   8.0187303e-03   1.1394797e-02  -5.9590371e-03
  -5.1099471e-02   7.9151220e-02   5.3044623e-01   8.1355753e-03   1.0950477e-02  -6.1068371e-03
  -6.1639646e-02   7.4316559e-02   5.8014325e-01   7.6655120e-03   1.1194681e-02  -6.4709715e-03
  -5.7676697e-02   1.0219794e-01   5.1618329e-01   7.0338062e-03   1.1229246e-02  -6.3211508e-03
  -5.0227592e-02   7.4393870e-02   5.4503088e-01   7.7221504e-03   1.1259896e-02  -6.1771402e-03
  -6.0578799e-02   3.9103278e-02   5.1682848e-01   6.8019156e-03   1.1501350e-02  -6.3139457e-03
  -5.7968602e-02   3.2828050e-02   5.7363764e-01   7.6186184e-03   1.1349904e-02  -6.3193704e-03
  -5.3587604e-02   3.2198315e-02   5.6245409e-01   6.2182269e-03   1.1392908e-02  -6.2712259e-03
  -5.0248745e-02   2.4967792e-02   5.6489482e-01   7.1894404e-03   1.1287707e-02  -6.1856953e-03
  -4.9442654e-02   1.7202312e-02   5.4821616e-01   6.0687113e-03   1.1519324e-02  -6.3000778e-03
  -5.8629314e-02   7.2719645e-02   5.1488191e-01   7.7829699e-03   1.1209366e-02  -6.2038388e-03
  -5.5367044e-02   5.1903879e-02   5.6551160e-01   7.1685108e-03   1.1480464e-02  -6.5979496e-03
  -5.8098825e-02   1.0320366e-01   4.5147266e-01   7.6036476e-03   1.1437016e-02  -6.4592846e-03
  -5.8756874e-02   7.1669853e-02   4.8636921e-01   7.5327470e-03   1.1602565e-02  -6.4330701e-03
  -6.0988097e-02   3.6443052e-02   5.1783809e-01   7.7708460e-03   1.1523965e-02  -6.5613028e-03
  -6.3678895e-02   8.6998301e-02   5.4034389e-01   8.1688144e-03   1.1271045e-02  -6.7795247e-03
  -6.1916180e-02   7.1943241e-02   4.7866376e-01   7.6104701e-03   1.1290841e-02  -6.7592446e-03
  -6.1992163e-02   5.7846415e-02   5.1694376e-01   8.2595679e-03   1.1177658e-02  -6.7342525e-03
  -6.6682776e-02  -2.3120998e-04   4.8400234e-01   8.1350734e-03   1.1531099e-02  -6.8623909e-03
  -6.4372340e-02   2.9745804e-02   5.2409536e-01   9.4316394e-03   1.1262441e-02  -6.5733592e-03
  -6.1024400e-02   4.1523034e-02   5.0674573e-01   9.5434230e-03   1.1483773e-02  -6.5934490e-03
  -5.6454569e-02   7.4091609e-02   4.5044654e-01   8.6359364e-03   1.1517209e-02  -6.5654980e-03
  -5.3328957e-02   7.8393350e-02   4.9375445e-01   9.5721596e-03   1.1098587e-02  -6.3521332e-03
  -5.0171949e-02   1.9169396e-02   5.0062905e-01   8.3140506e-03   1.1054363e-02  -6.5822977e-03
  -6.2500930e-02   1.0263635e-01   5.1361035e-01   9.3974565e-03   1.1195134e-02  -6.4816749e-03
  -6.4527466e-02   7.6599428e-02   5.4360681e-01   9.3241607e-03   1.1129375e-02  -6.5670256e-03
