   0.0000000e+00   0.0000000e+00   0.0000000e+00   0.0000000e+00   0.0000000e+00   0.0000000e+00
  -7.2137864e-04  -4.0709087e-02   1.7065763e-02  -1.4779557e-04   3.7849577e-05  -1.5361372e-05
  -6.3307419e-03  -1.2183250e-01  -1.2014182e-02  -6.2612453e-04   1.4170091e-04  -5.1504612e-05
  -8.4414486e-03  -9.6174822e-02  -2.4153990e-03  -4.4978215e-04   5.5260582e-06  -1.7410494e-05
  -4.2103881e-03  -1.0148895e-01   1.2307460e-02  -4.2716460e-04   1.0797998e-04  -5.6167139e-05
   4.2761046e-03  -1.0342744e-01  -1.2915277e-02  -1.1630796e-03  -2.2870611e-05  -4.7781448e-05
  -4.7283449e-03  -1.1176015e-01   8.9974943e-03  -3.0048451e-04   1.0871134e-04  -8.5338465e-05
  -1.2237725e-03  -1.0405676e-01   3.9406851e-02  -3.0845994e-04  -1.2710412e-04  -3.2100423e-05
  -6.8121675e-03  -5.3701329e-02   2.5724300e-02  -1.0403442e-03  -4.9032235e-05   2.1039459e-05
  -1.7201960e-02  -4.7145752e-02   2.0005077e-03  -1.2809953e-03   2.7813311e-04  -1.8239262e-05
  -4.1567781e-04  -1.3955992e-01   1.7422253e-02  -1.0270612e-03   1.3886297e-04  -1.9968879e-04
   4.7852842e-03  -1.3397273e-01   6.5986640e-02  -6.7490955e-04  -1.7067999e-04  -3.8325237e-05
   3.4597743e-03  -9.7637071e-02   3.2530676e-02  -1.1618786e-03  -1.6376453e-04  -6.2220055e-05
   4.3357565e-03  -2.0880193e-02   4.2227076e-02  -2.0309673e-03  -1.0907214e-04   4.8756259e-05
   5.8793963e-03  -1.1117732e-01   1.6402505e-02  -2.4068673e-03  -1.0703909e-05  -3.3504723e-04
   1.0336111e-02  -1.5417525e-01   3.3226519e-02  -2.0010482e-03  -8.6455484e-05  -3.0099064e-04
   1.3440856e-02  -1.3348977e-01   6.8639761e-02  -1.9580256e-03  -5.2470276e-04  -1.2174825e-04
   1.6070486e-03  -8.8482993e-02   3.5909488e-02  -2.9663424e-03  -3.6516878e-04  -1.0465687e-04
   1.3201954e-03  -4.8709726e-02   1.9867256e-02  -2.8978270e-03  -3.4727074e-04  -1.8618118e-04
   1.9479676e-03  -1.2979869e-01   3.8143832e-02  -2.3989343e-03  -4.6189897e-04  -2.1297263e-04
  -1.5133267e-04  -1.1506442e-01   4.3518081e-02  -2.6150418e-03  -4.7008017e-04  -8.9718710e-05
   9.6016151e-03  -6.5698032e-02   2.3918229e-02  -2.6361656e-03  -4.1191295e-04  -3.2545225e-04
   1.3016955e-02  -8.4354819e-02   4.0982921e-02  -2.4950660e-03  -5.1830339e-04  -2.8525370e-04
   9.9237249e-03  -5.8493640e-02   4.3515686e-02  -2.5211972e-03  -4.7570568e-04  -1.6184706e-04
   1.0356496e-02  -6.5822513e-02   4.2200551e-02  -3.1634952e-03  -5.3292590e-04  -3.1255888e-04
   9.5852974e-03  -1.2625674e-02   2.7318822e-02  -3.5738505e-03  -4.3385301e-04  -1.3926500e-04
   6.0294273e-03  -7.0157398e-02   1.9381348e-02  -3.2112966e-03  -3.9520742e-04  -1.8305635e-04
   7.6140030e-03  -9.4152781e-02   4.3780137e-02  -2.9261167e-03  -3.8048552e-04  -1.2156098e-04
   8.0498341e-03  -3.4083836e-02   2.7058806e-02  -3.2605222e-03  -4.4671596e-04  -1.3332225e-04
  -7.4544777e-04  -3.7714800e-02   8.1972577e-03  -3.8508285e-03  -2.8608085e-04  -1.0617055e-04
  -5.3714951e-03  -7.2643793e-02   4.1309655e-02  -3.5468295e-03  -5.1202846e-04  -7.6826923e-05
  -3.5529764e-03  -1.3003988e-01   5.4378807e-02  -3.4530335e-03  -3.6522193e-04   8.5251156e-06
   1.8645698e-03  -8.0695252e-02   4.3344836e-02  -4.2617360e-03  -2.5197206e-04  -9.0287483e-05
  -1.1938042e-04  -6.1372666e-02   3.3177062e-02  -4.2698233e-03  -9.1773886e-05  -1.0790388e-04
  -3.5739024e-03  -8.9056156e-02   7.6953671e-02  -3.9321730e-03  -2.0499654e-04  -2.3816382e-04
  -1.3710927e-02  -5.1419386e-02   7.4466480e-02  -4.3063682e-03   4.7544433e-06  -1.0292176e-04
  -1.0673968e-02  -1.7651923e-02   5.7310677e-02  -4.7585820e-03  -4.5072977e-05  -1.5365030e-04
  -1.0036047e-02  -1.0299237e-01   6.7771566e-02  -4.5848017e-03  -1.1704285e-04   1.8129847e-05
  -5.6705889e-04  -9.6698791e-02   8.3730621e-02  -4.7685494e-03  -2.3717721e-04  -4.4627008e-05
  -4.2813881e-03  -2.0558546e-02   3.4069540e-03  -3.9792900e-03  -2.0454721e-04   2.4800875e-04
  -1.2998914e-02  -1.7416029e-01   5.9500667e-02  -3.4876134e-03  -3.0638811e-04   3.1947494e-04
  -1.0024938e-02  -1.5973381e-01   4.5103829e-02  -4.4639619e-03  -2.1380723e-05   1.6831679e-04
  -1.7455541e-02  -7.4864629e-02   7.9013786e-02  -3.8686588e-03  -1.0485918e-04   8.6410244e-05
   2.6755602e-04  -4.8776929e-02   6.8327464e-02  -4.8322691e-03  -1.6081753e-04   3.9699966e-05
  -1.8585291e-02  -5.9961583e-02   3.5243890e-02  -3.1356902e-03  -2.1161698e-04   1.1989561e-04
  -3.9940530e-02  -1.1434138e-02   5.3492615e-02  -3.3786548e-03  -2.0844621e-04  -2.0135464e-05
  -2.3512370e-02  -4.3028553e-02   2.7505924e-02  -4.8763382e-03  -4.6611164e-05  -6.9434655e-05
  -2.4779030e-02  -1.1021536e-01   3.3943726e-02  -4.7340488e-03   2.6602045e-05  -1.4362391e-04
  -3.0540626e-02  -2.5129598e-02   5.0062090e-02  -4.0734374e-03  -7.1785995e-05  -9.9934657e-05
  -2.9828435e-02  -5.1403008e-02   3.7625895e-02  -5.3344811e-03  -5.3275544e-05  -1.0802096e-04
  -3.6402042e-02  -4.4303724e-02   3.1160757e-02  -5.2874753e-03   2.2416129e-04  -3.9072518e-05
  -3.3193088e-02  -1.4214697e-01   1.0256329e-01  -4.4217037e-03   1.5820676e-05   5.0619087e-05
  -3.2785336e-02  -5.9738598e-02   1.1744484e-01  -6.2705937e-03  -3.3092381e-05   9.4222776e-05
  -4.2864666e-02   2.0016501e-02   1.0399107e-01  -7.2888962e-03   2.7223121e-04  -3.0310811e-05
  -4.1984221e-02  -1.2520948e-02   1.2082269e-01  -6.6974138e-03   8.9311577e-05  -1.7000251e-04
  -2.8872238e-02  -5.7434579e-02   1.0341660e-01  -6.8990337e-03  -1.5630950e-04  -2.0021886e-04
  -2.9919907e-02   3.7607911e-02   9.2339453e-02  -7.5319641e-03  -1.2471584e-04  -1.3288459e-04
  -3.8535045e-02   1.0092259e-02   6.7497171e-02  -8.0965419e-03   2.5454780e-04  -1.6360377e-04
  -2.8418219e-02  -2.0838626e-02   7.4177433e-02  -7.8216382e-03   2.4712010e-04  -3.4433045e-04
  -3.0624867e-02  -4.3506932e-02   1.1512725e-01  -7.2515551e-03   2.0788099e-04  -1.3211153e-04
  -3.0839218e-02   4.4881254e-02   1.0758259e-01  -7.6055819e-03   1.8741005e-04  -1.0426510e-04
  -3.9885309e-02   1.4302676e-02   1.2227802e-01  -8.0333049e-03   2.7275755e-04  -1.3583605e-04
  -3.2109240e-02  -3.5722337e-02   1.3577700e-01  -8.4734035e-03   4.0911617e-04  -2.5085353e-04
  -3.5891487e-02  -1.3832406e-02   1.1826650e-01  -8.9189027e-03   5.0246047e-04  -1.9973618e-04
  -4.2399344e-02   1.1316735e-02   1.3855260e-01  -9.3680285e-03   7.2215229e-04  -2.4121728e-04
  -3.2925911e-02  -1.3213522e-03   1.8773701e-01  -1.0392849e-02   3.7832160e-04  -2.7574469e-04
  -3.7728500e-02   3.2293068e-02   1.6464535e-01  -1.0791667e-02   5.5541696e-04  -3.5960261e-04
  -3.7618507e-02   3.0064188e-02   1.7884695e-01  -1.1528297e-02   7.2477531e-04  -5.0750515e-04
  -3.5855550e-02  -1.1287238e-02   1.8720108e-01  -1.1699269e-02   5.8503379e-04  -5.1387300e-04
  -3.6041375e-02   8.7224576e-02   2.1451282e-01  -1.2106387e-02   4.8641390e-04  -4.9437937e-04
  -3.5363804e-02   1.0593684e-01   2.1961902e-01  -1.2615632e-02   4.2810392e-04  -5.2694936e-04
  -3.8086185e-02   3.8977297e-02   1.9591193e-01  -1.3226563e-02   5.2642858e-04  -5.7312918e-04
  -3.9376865e-02   3.9950395e-02   1.8826317e-01  -1.3305774e-02   7.4376101e-04  -6.3034939e-04
  -4.4511014e-02  -1.2246041e-02   2.1347969e-01  -1.2546623e-02   6.0538466e-04  -6.1534544e-04
  -5.0891360e-02   3.1636499e-02   2.0290888e-01  -1.3144447e-02   7.7241104e-04  -4.1374625e-04
  -4.7977364e-02   9.5853896e-02   1.9118652e-01  -1.3636882e-02   7.6131959e-04  -4.5991533e-04
  -5.2568916e-02   7.4193870e-02   1.5340549e-01  -1.4061555e-02   9.0522106e-04  -5.8889303e-04
  -5.5795402e-02  -9.0023699e-03   1.4447137e-01  -1.3862638e-02   9.6934715e-04  -7.6792259e-04
  -5.4334508e-02   9.9256453e-02   1.6580541e-01  -1.4084817e-02   9.0081867e-04  -6.9516979e-04
  -5.7335324e-02   6.3344457e-02   1.6602321e-01  -1.4064858e-02   9.4879894e-04  -7.7370079e-04
  -6.2238000e-02   6.4652093e-02   1.4934879e-01  -1.4703395e-02   1.1984250e-03  -7.3646039e-04
  -6.6444613e-02   7.5675788e-02   1.6576635e-01  -1.4275890e-02   1.1952387e-03  -8.9897940e-04
  -6.7590998e-02   6.5320102e-02   1.5295309e-01  -1.4316266e-02   1.2431229e-03  -8.0365720e-04
  -6.4726191e-02   1.3130795e-01   1.7409357e-01  -1.4254485e-02   1.4195762e-03  -8.3595939e-04
  -5.8290759e-02   4.2301126e-02   1.7421549e-01  -1.4675075e-02   1.3704094e-03  -9.8908100e-04
  -5.4874323e-02   5.5660951e-02   1.3320320e-01  -1.5020192e-02   1.3207159e-03  -9.8802235e-04
  -6.5043076e-02   6.8131480e-02   1.3108371e-01  -1.4640040e-02   1.3632454e-03  -8.7871795e-04
  -5.8277742e-02   6.6970891e-02   1.4957250e-01  -1.5228853e-02   1.1920035e-03  -8.2511259e-04
  -5.6606578e-02   1.5142772e-01   1.0602425e-01  -1.5706180e-02   1.1402748e-03  -7.1741553e-04
  -5.9863886e-02   1.2512484e-01   9.2916425e-02  -1.5580977e-02   1.3717464e-03  -8.6175772e-04
  -5.2974338e-02   5.4161911e-02   1.1052251e-01  -1.5154798e-02   1.3192572e-03  -8.0078205e-04
  -5.3235404e-02   3.9979937e-02   1.4402953e-01  -1.5027411e-02   1.2767608e-03  -7.8212093e-04
  -4.9019533e-02   7.9351514e-02   1.1952767e-01  -1.6211763e-02   1.5219916e-03  -8.5022944e-04
  -4.8741896e-02   1.4394426e-01   1.3327615e-01  -1.5675595e-02   1.2908715e-03  -7.3788108e-04
  -4.9086528e-02   5.3506524e-02   1.4298250e-01  -1.5248110e-02   1.4381640e-03  -9.0760213e-04
  -5.4098693e-02   5.5193571e-02   1.5245971e-01  -1.5535549e-02   1.5694600e-03  -1.0686718e-03
  -5.9091878e-02   4.2896604e-02   1.5326646e-01  -1.5217757e-02   1.4415433e-03  -1.0330472e-03
  -6.3445616e-02   1.1935813e-01   1.4799026e-01  -1.5694702e-02   1.4920844e-03  -9.7945571e-04
  -6.6053719e-02   1.5107007e-01   1.5797219e-01  -1.5532775e-02   1.4941886e-03  -1.1117071e-03
  -6.6605912e-02   6.7005471e-02   1.8500216e-01  -1.5149277e-02   1.2395850e-03  -9.7053262e-04
  -6.6086231e-02   9.3461937e-02   1.3683000e-01  -1.6001805e-02   1.3095365e-03  -8.5490529e-04
  -5.2087471e-02   1.4389966e-01   1.3410707e-01  -1.6019057e-02   1.2725411e-03  -9.9056977e-04
  -4.9170057e-02   5.8317891e-02   1.4083819e-01  -1.5735812e-02   1.2671658e-03  -1.0006293e-03
  -5.9029562e-02   7.7121151e-02   1.7533129e-01  -1.5739561e-02   1.2635060e-03  -9.1107229e-04
  -5.4403049e-02   6.2545164e-02   1.7282918e-01  -1.5574644e-02   1.0319985e-03  -8.9260698e-04
  -5.7425120e-02   6.2700609e-02   1.5822367e-01  -1.5350207e-02   1.0226270e-03  -8.4325873e-04
  -6.2601671e-02   9.5869980e-02   1.7349322e-01  -1.5337258e-02   1.0647984e-03  -8.7384955e-04
  -6.5492602e-02   2.9632969e-02   1.9284775e-01  -1.5471627e-02   1.1255418e-03  -9.3876120e-04
  -6.4973695e-02   3.8946611e-02   1.8878456e-01  -1.5834872e-02   1.1793421e-03  -8.4386893e-04
  -5.1768720e-02   3.0675652e-02   2.1109108e-01  -1.5879975e-02   1.0752367e-03  -8.8412004e-04
  -5.5270203e-02   3.1020442e-02   1.9027865e-01  -1.4732877e-02   9.6995700e-04  -3.9548487e-04
  -5.5065458e-02   8.6330213e-02   2.2196954e-01  -1.6082844e-02   1.0376169e-03   5.8714490e-05
  -4.2011441e-02   5.4773169e-02   2.4557144e-01  -1.6870671e-02   1.2105800e-03  -3.4643734e-05
  -4.1632387e-02   3.7173246e-02   2.7689346e-01  -1.3262409e-02   1.3066453e-03  -1.6087101e-04
  -3.8365472e-02   4.6417702e-02   2.8425763e-01  -1.4916765e-02   1.1123444e-03   5.8950580e-05
  -2.9142630e-02   1.1220471e-01   2.8100456e-01  -1.4884217e-02   5.6771580e-04   5.7334199e-05
  -3.7505444e-02   1.0292234e-01   3.3183349e-01  -1.4461467e-02   7.0303082e-04   2.1628260e-05
  -4.2177214e-02   9.8958125e-02   3.1073828e-01  -1.4877486e-02   7.5599843e-04   1.4747907e-04
  -3.9544680e-02   9.5163627e-02   3.1142329e-01  -1.5620094e-02   8.7450235e-04  -1.4342477e-04
  -4.2638496e-02   9.6812224e-02   3.2192450e-01  -1.5205140e-02   6.8607890e-04  -1.3248358e-05
  -4.8122993e-02   1.8791209e-01   3.0386890e-01  -1.6066787e-02   8.4464781e-04   6.3892666e-05
  -4.5429451e-02   1.4502010e-01   3.0438947e-01  -1.6164668e-02   9.9876304e-04   4.5406505e-05
  -5.4233738e-02   8.1310792e-02   3.3268702e-01  -1.5869868e-02   9.9755791e-04   4.3865187e-05
  -5.2330425e-02   8.4121465e-02   3.6132286e-01  -1.6277909e-02   9.8772464e-04   2.7801569e-04
  -4.9704238e-02   1.3002756e-01   3.1325204e-01  -1.6986707e-02   1.0356482e-03   2.5326856e-04
  -4.7578560e-02   5.4297004e-02   3.3862120e-01  -1.6628232e-02   1.0591609e-03   9.5903355e-05
  -3.7933181e-02   2.7132826e-02   3.6769859e-01  -1.6155618e-02   9.5263483e-04   2.4862431e-04
  -4.2678787e-02   1.0291714e-01   3.4871894e-01  -1.7011411e-02   1.0748426e-03   2.9539366e-04
  -4.2419116e-02   9.6936972e-02   3.5146211e-01  -1.6671908e-02   1.1494474e-03   2.5009776e-04
  -4.9463631e-02   1.6110189e-01   3.6237710e-01  -1.6460978e-02   1.0578844e-03   3.2093006e-04
  -5.3818110e-02   8.9836505e-02   3.5781530e-01  -1.7042140e-02   1.1888592e-03   1.3439012e-04
  -5.5741430e-02   5.6120275e-02   3.4778779e-01  -1.6831245e-02   9.7584877e-04   2.4673080e-04
  -6.6711658e-02   1.2640053e-01   3.4877508e-01  -1.7208986e-02   1.2278992e-03   1.9913331e-04
  -6.6968330e-02   1.0697317e-01   3.1627390e-01  -1.7182461e-02   1.3226064e-03   1.8973488e-04
  -6.6012083e-02   1.0677766e-01   3.4706721e-01  -1.6793892e-02   1.2298865e-03   2.0697267e-04
  -6.5688928e-02   1.2541867e-01   3.0956755e-01  -1.7884640e-02   1.2187339e-03   2.3845937e-04
  -7.9261464e-02   1.2242635e-01   3.1820112e-01  -1.7303995e-02   1.6139156e-03   2.3139721e-04
  -5.9157537e-02   7.6198560e-02   3.2150948e-01  -1.7517012e-02   1.2532942e-03   2.3516203e-04
  -5.7351877e-02   1.3181079e-01   3.1261676e-01  -1.7988196e-02   1.3853109e-03   2.2366020e-04
  -6.2123070e-02   8.8527275e-02   3.2506798e-01  -1.7444005e-02   1.3129343e-03   2.2735699e-04
  -5.9108081e-02   6.6678383e-02   3.5953166e-01  -1.7233576e-02   1.3488283e-03   2.5860643e-04
  -6.0926431e-02   1.4190671e-01   3.1225410e-01  -1.7988328e-02   1.3235904e-03   2.8953952e-04
  -6.9161392e-02   1.1156068e-01   3.3152820e-01  -1.7415298e-02   1.3202552e-03   1.9596432e-04
  -7.5357489e-02   1.3876739e-01   3.4702210e-01  -1.7127408e-02   1.1584455e-03   3.3225577e-04
  -7.2492497e-02   1.2449162e-01   3.2220827e-01  -1.8047991e-02   1.2717934e-03   2.0477624e-04
  -7.0473813e-02   1.2999045e-01   2.5239609e-01  -1.7800417e-02   1.3647764e-03   1.8664054e-04
  -7.1339823e-02   1.5521168e-01   2.4864149e-01  -1.6669104e-02   1.9660004e-03  -3.5965056e-04
  -6.6400169e-02   1.4901712e-01   3.3140008e-01  -1.7449893e-02   2.2158783e-03  -4.9007954e-04
  -5.9369114e-02   1.7159679e-01   3.1670145e-01  -1.8368045e-02   2.4151629e-03  -5.1023810e-04
  -5.5191281e-02   1.5381759e-01   3.3748309e-01  -1.8235387e-02   2.2012402e-03  -5.6579274e-04
  -6.7659991e-02   1.3037019e-01   3.5554479e-01  -1.8447293e-02   2.4015233e-03  -5.0554395e-04
  -7.0366829e-02   1.3289708e-01   3.5398203e-01  -1.8972259e-02   2.5604426e-03  -5.3586815e-04
  -6.8437556e-02   1.7362167e-01   3.3853831e-01  -1.8565927e-02   2.3888867e-03  -5.9493705e-04
  -6.5090532e-02   1.4749947e-01   3.9351879e-01  -1.8588999e-02   2.4132105e-03  -5.5360601e-04
  -5.8536193e-02   1.0780513e-01   3.6349347e-01  -1.9060474e-02   2.3994416e-03  -6.1015528e-04
  -7.1352645e-02   1.6129262e-01   3.4064261e-01  -1.8608812e-02   2.3945234e-03  -6.2100488e-04
  -8.0758561e-02   1.5940575e-01   3.3725035e-01  -1.8360688e-02   2.4079132e-03  -4.8537010e-04
  -7.9420071e-02   1.5230823e-01   3.4401510e-01  -1.8649604e-02   2.5538547e-03  -6.4674166e-04
  -7.9247579e-02   1.0363386e-01   3.8301390e-01  -1.8294859e-02   2.5333312e-03  -5.3904640e-04
  -8.2450285e-02   2.0126678e-01   3.6169641e-01  -1.9203579e-02   2.7313218e-03  -5.2996083e-04
  -8.0078863e-02   1.8351393e-01   3.3355371e-01  -1.9411998e-02   2.8323926e-03  -7.3057367e-04
  -8.2131982e-02   1.0545796e-01   3.5816431e-01  -1.8791170e-02   2.7521712e-03  -6.8241738e-04
  -8.1565992e-02   1.3538504e-01   3.4314317e-01  -2.0321350e-02   2.9559512e-03  -5.8431999e-04
  -8.3961748e-02   1.7047527e-01   2.9165320e-01  -2.0100542e-02   3.0577832e-03  -7.0394540e-04
  -8.1448486e-02   1.6160262e-01   3.3113900e-01  -1.9689701e-02   2.8627333e-03  -6.5385815e-04
  -7.7650215e-02   1.6538693e-01   2.7097020e-01  -2.0321810e-02   3.0048702e-03  -7.8196584e-04
  -8.4566076e-02   1.4778765e-01   2.9649696e-01  -2.0220742e-02   3.0530816e-03  -7.7931407e-04
  -8.8482955e-02   1.5115476e-01   3.4498383e-01  -2.0443650e-02   3.1105473e-03  -5.9334867e-04
  -8.5003742e-02   1.6162252e-01   3.0147417e-01  -2.0723662e-02   3.2004657e-03  -7.3541280e-04
  -8.8766763e-02   1.2608779e-01   2.8445997e-01  -2.0732755e-02   3.2242292e-03  -7.2877193e-04
  -9.2865638e-02   1.7171310e-01   3.1619113e-01  -2.0441327e-02   3.2245625e-03  -6.8302023e-04
  -9.1005903e-02   1.7750245e-01   3.1745029e-01  -2.0952889e-02   3.2766949e-03  -7.4157613e-04
  -8.9585476e-02   1.5582058e-01   2.8065441e-01  -2.1363479e-02   3.3946637e-03  -9.0609853e-04
  -8.6498179e-02   1.1197749e-01   3.2982705e-01  -2.0667244e-02   3.4155742e-03  -1.0268154e-03
  -8.8457358e-02   9.8361845e-02   3.3569474e-01  -2.0689857e-02   3.4957629e-03  -9.3671256e-04
  -8.7498082e-02   1.5398808e-01   2.9087258e-01  -2.1637900e-02   3.5641821e-03  -9.5449473e-04
  -8.8310479e-02   2.2276937e-01   3.1063458e-01  -2.0960875e-02   3.3889987e-03  -1.0637588e-03
  -8.7709325e-02   2.2180304e-01   3.2832224e-01  -2.0874938e-02   3.4596209e-03  -1.1486673e-03
  -8.6075805e-02   2.3750160e-01   2.9007566e-01  -2.1186020e-02   3.3385317e-03  -1.2793437e-03
  -8.7824211e-02   1.5761816e-01   3.3212849e-01  -2.0811300e-02   3.2648152e-03  -1.2429528e-03
  -8.4081404e-02   1.7264166e-01   3.4207560e-01  -2.0844938e-02   3.4147359e-03  -1.2237791e-03
  -8.7288624e-02   1.6381580e-01   3.0323967e-01  -2.1033946e-02   3.5941564e-03  -1.2021083e-03
  -8.1736022e-02   1.1564767e-01   3.1577707e-01  -2.0649951e-02   3.5569463e-03  -1.2674054e-03
  -7.6624750e-02   1.9836042e-01   3.6166921e-01  -2.0477509e-02   3.6114450e-03  -1.1740936e-03
  -6.3327831e-02   1.7119943e-01   3.3426103e-01  -2.0870261e-02   3.4192533e-03  -1.1859526e-03
  -6.8146852e-02   1.6698744e-01   3.2784649e-01  -2.0518955e-02   3.5679927e-03  -1.2431673e-03
  -6.6242777e-02   1.7239776e-01   3.5329280e-01  -2.0291531e-02   3.5078921e-03  -1.2235842e-03
  -6.8549686e-02   2.4263518e-01   3.1796967e-01  -2.0992636e-02   3.5054228e-03  -1.1733114e-03
  -6.6504862e-02   2.3971273e-01   3.5129981e-01  -2.0870584e-02   3.2823658e-03  -1.2880506e-03
  -6.8953952e-02   1.4080541e-01   3.6515146e-01  -2.0806546e-02   3.4834242e-03  -1.3363030e-03
  -7.0162193e-02   1.7988127e-01   3.0054270e-01  -2.1086960e-02   3.5310967e-03  -1.3891946e-03
  -7.0630383e-02   1.7755301e-01   3.2783254e-01  -2.0494388e-02   3.4870146e-03  -1.3246425e-03
  -7.0038051e-02   1.8494624e-01   3.3609757e-01  -2.0546999e-02   3.4916972e-03  -1.2526058e-03
  -7.0789658e-02   2.1098716e-01   3.1123539e-01  -2.1224667e-02   3.5766530e-03  -1.3548261e-03
  -6.9161722e-02   1.7405479e-01   3.4188831e-01  -2.0667592e-02   3.4307975e-03  -1.2822286e-03
  -6.5770415e-02   1.7651447e-01   3.3400363e-01  -2.1069287e-02   3.5922347e-03  -1.2599357e-03
  -7.0963832e-02   1.6257965e-01   3.1380773e-01  -2.1419087e-02   3.5974504e-03  -1.2990418e-03
  -6.9459064e-02   9.6393369e-02   3.4252355e-01  -2.0641401e-02   3.3879394e-03  -1.2839435e-03
  -7.5678569e-02   1.7254331e-01   3.1658341e-01  -2.1165465e-02   3.5263021e-03  -1.3337936e-03
  -7.9707559e-02   2.4484085e-01   2.8132076e-01  -2.1388304e-02   3.6839664e-03  -1.3748776e-03
  -7.7831845e-02   1.9330620e-01   2.9098848e-01  -2.0656948e-02   3.7937995e-03  -1.3839585e-03
  -8.0812926e-02   1.3994262e-01   3.1213922e-01  -2.0613894e-02   3.7656908e-03  -1.3466578e-03
  -7.6921734e-02   2.3272256e-01   2.5846533e-01  -2.1779957e-02   3.7429047e-03  -1.3228262e-03
  -8.3753597e-02   2.1888237e-01   2.4207752e-01  -2.1011053e-02   3.8330253e-03  -1.4246985e-03
  -8.5313659e-02   1.4393260e-01   2.5759803e-01  -2.0461021e-02   3.8656100e-03  -1.4362355e-03
  -8.4368832e-02   2.1333707e-01   2.3748246e-01  -2.1293699e-02   3.7732025e-03  -1.4308644e-03
  -8.9250987e-02   2.3192212e-01   2.2976096e-01  -2.1221107e-02   3.8430998e-03  -1.4235766e-03
  -8.3220868e-02   1.6056801e-01   2.7994292e-01  -2.0357200e-02   3.6679397e-03  -1.4901371e-03
  -8.0795030e-02   2.0426702e-01   2.9161690e-01  -2.1292621e-02   3.6252908e-03  -1.2989835e-03
