   0.0000000e+00  -1.4962893e-14   0.0000000e+00   0.0000000e+00   0.0000000e+00  -1.3877788e-17
   2.2442380e-03  -9.4020651e-03  -1.9742913e-02   1.3447301e-04  -3.1277178e-04  -5.7480706e-06
  -5.5442432e-03  -7.3333163e-02  -8.2938086e-03   4.1785313e-04  -9.0635619e-05  -2.8346130e-05
  -3.2775350e-03  -4.4947187e-02  -1.8191459e-02  -1.2346926e-03  -2.1639185e-05   9.2843732e-05
  -8.7977183e-03  -5.0233738e-02  -3.5762390e-02  -3.6092132e-04   2.1872957e-04  -7.4568158e-06
  -2.9569589e-03  -3.3159266e-02  -2.1690514e-02  -1.6695566e-03   7.6421184e-05   3.8672936e-05
  -6.3742026e-03  -7.8402616e-02  -2.4288862e-02  -9.3943755e-04   1.1863984e-04  -1.5703773e-05
  -6.3726217e-03  -1.0643709e-01  -3.5411382e-03  -4.0487050e-04  -2.2897857e-05   7.6522626e-05
  -1.1679677e-02  -6.4188106e-02  -6.4030052e-03  -4.0520653e-04   1.9331118e-04   5.7840916e-05
  -1.1004918e-02  -9.8496384e-02  -5.8947017e-02  -4.9883251e-04  -9.4960101e-05   5.2773676e-05
  -1.8189805e-02  -3.5731131e-02  -4.6063849e-02  -1.0068173e-03   2.6830739e-04   8.2444580e-05
  -6.2298542e-03  -1.6027114e-01   5.5273132e-03  -3.3197714e-04  -2.0447364e-04   1.3324185e-04
  -1.7725451e-02  -3.9379603e-02   1.8623451e-02  -8.1016226e-04   7.8613741e-04  -5.5630709e-06
   5.7247256e-02  -9.0652989e-03  -5.1431936e-02  -2.8686831e-03  -3.6932436e-03   1.6369031e-03
   4.6576319e-02  -1.5824590e-02  -1.1586882e-01  -3.2122451e-03  -4.2967298e-03   1.1687568e-03
   3.4037515e-02  -8.1065836e-02  -6.9466108e-02  -2.3399605e-03  -3.2399744e-03   6.6029543e-04
   3.0536508e-02  -1.0137512e-01  -7.1696988e-02  -2.7905627e-03  -3.4110368e-03   1.0031863e-03
   2.5710752e-02  -7.4690896e-02  -4.3520071e-02  -8.9783664e-04  -2.6441597e-03   6.7443507e-04
   2.5432807e-02  -1.0168466e-01  -9.0402159e-02  -1.6535157e-03  -2.4985372e-03   6.1326070e-04
   1.8217847e-02   6.8382485e-03  -4.3260452e-02  -9.6876495e-04  -2.0912690e-03   3.8427501e-04
   2.7344520e-02  -1.1171935e-01  -4.8785993e-02  -6.0328448e-04  -2.3086320e-03   2.9567657e-04
   1.4215605e-02  -3.3887160e-03  -4.8065184e-02  -1.1936368e-03  -2.2732056e-03   5.9711751e-04
   1.8799931e-02  -7.9857692e-02  -9.7737186e-03  -1.1211417e-03  -2.0685409e-03   5.9147608e-04
   9.1653458e-03  -5.9238818e-02  -2.9061556e-03  -1.3714547e-03  -1.8274079e-03   8.6482202e-04
  -4.1344466e-03  -6.2468201e-02  -2.6416434e-02  -1.0911608e-03  -1.3067348e-03   8.1751209e-04
   6.7616396e-03   6.1353116e-03  -5.4736349e-02  -1.7547212e-03  -1.6581572e-03   7.7136954e-04
   9.1341903e-03  -3.9776723e-02  -2.4922641e-02  -1.2531123e-03  -1.7762863e-03   8.1459030e-04
   9.9497611e-03  -1.7085225e-02  -3.6191985e-02  -1.8304446e-03  -1.7635539e-03   7.0983620e-04
   7.2897142e-03  -3.7131132e-02  -5.5169978e-03  -1.5471701e-03  -1.6169472e-03   7.6873247e-04
   1.7389052e-03  -2.0040556e-02  -8.6294442e-03  -1.4880851e-03  -1.7031763e-03   8.5182466e-04
  -1.6144724e-03   2.1167962e-02  -3.8857744e-02  -1.8573492e-03  -1.4939080e-03   8.0425883e-04
   1.8975987e-03  -2.6910364e-03  -1.1829886e-01  -2.5041451e-03  -1.5400592e-03   7.1363062e-04
   9.2713896e-03  -4.1087526e-02  -7.4688977e-02  -1.7546994e-03  -1.7327941e-03   6.2660017e-04
   1.2689188e-02  -6.1208876e-03  -1.1304565e-01  -1.1440579e-03  -1.9371311e-03   6.1844784e-04
   3.1971957e-02  -4.2354838e-02  -9.6497516e-02  -2.4378120e-03  -2.2889619e-03   8.5186669e-04
   2.2577422e-02  -1.0979358e-01  -1.0081819e-01  -1.2903586e-03  -1.9440001e-03   8.3889871e-04
   1.0709858e-02   1.5416579e-02  -1.9164186e-01  -1.9350604e-03  -2.3220444e-03   2.7975324e-04
  -4.7329232e-03   1.6928347e-02  -1.1695762e-01  -2.3231981e-03  -1.7768774e-03   5.1195194e-04
  -1.3132052e-02   2.9846181e-02  -1.6616977e-01  -2.2248204e-03  -1.3840994e-03   1.0782759e-03
   9.4318206e-03   1.2433139e-03  -2.3628412e-01  -2.0429422e-03  -1.4910610e-03   7.1418764e-04
   3.7162716e-02   9.6687857e-03  -1.9572540e-01  -2.1456702e-03  -2.6766410e-03   4.0484575e-04
   4.6337531e-02  -3.3556327e-02  -1.7475756e-01  -1.4623005e-03  -3.7981856e-03   9.4035692e-06
   3.3510850e-02   1.5566450e-02  -1.2223398e-01  -8.6742236e-04  -3.5272102e-03  -9.0380796e-05
   1.9610221e-02  -2.7963461e-02  -1.0021973e-01  -9.2589484e-04  -2.7007467e-03   1.8339108e-05
   1.4139785e-02   1.7323016e-02  -9.6223462e-02  -1.3590309e-03  -2.5854685e-03   2.0900146e-04
   6.4067943e-03  -1.0448850e-02  -7.1495969e-02  -2.0603778e-03  -2.1224674e-03   1.5348191e-04
   1.9285998e-02   2.7222998e-02  -1.1899503e-01  -3.8428515e-03  -2.1038132e-03   1.9581054e-04
   2.9624285e-02   5.7816149e-02  -5.4807141e-02  -2.1881093e-03  -2.5291271e-03   3.5734367e-04
   1.8640920e-02  -6.3749553e-02  -3.9096947e-02  -9.7965822e-04  -1.8379547e-03   1.4987549e-04
   1.5278588e-02   6.6847556e-02  -6.6889264e-02  -1.2107598e-03  -2.1898693e-03   3.0776906e-04
   1.4176680e-02  -1.1740855e-02  -3.8325769e-02  -6.1572092e-04  -2.1429173e-03   3.6264045e-04
   2.2855367e-02   2.7631281e-02  -7.8943347e-02  -2.8101161e-03  -2.2314969e-03   5.1373776e-04
   1.7766481e-02   1.9149713e-02   8.3107239e-03  -2.5633082e-03  -2.2152137e-03   7.0906790e-04
   1.3553100e-02   4.8202523e-02  -2.1980300e-02  -2.0118335e-03  -2.1134598e-03   5.8396854e-04
   1.7536648e-02  -1.3627228e-02  -1.4356314e-03  -1.7980705e-03  -2.0573700e-03   5.3912641e-04
   2.0383477e-02   7.2817617e-02  -1.1403118e-01  -2.9541713e-03  -2.2974795e-03   3.1538494e-04
   2.8285867e-02   1.0337491e-01  -1.6541530e-01  -2.7479354e-03  -2.9781038e-03   4.3403657e-04
   2.1255948e-02   5.8594748e-03  -7.3745965e-02  -2.5311395e-03  -2.3078596e-03   3.5408611e-04
   1.8025749e-02   5.9847920e-02  -3.6466459e-02  -1.5215493e-03  -2.5046908e-03   3.3147681e-04
   2.0554934e-02   7.4859602e-02  -7.0012776e-02  -3.6068557e-03  -2.7204118e-03   3.5622624e-04
   5.3423716e-02   2.7798155e-02  -9.1559325e-02  -3.0204398e-03  -3.8914035e-03   1.0194805e-04
   2.5282210e-02  -9.5959251e-02  -8.1168962e-02  -1.3056646e-04  -2.3848611e-03  -2.0334270e-04
   1.8907702e-02  -3.2917567e-02  -3.9344225e-02  -1.4446796e-03  -2.2376217e-03   7.4243849e-04
   2.7484771e-02   5.6448625e-02  -3.5281451e-02  -1.5965580e-03  -2.8002069e-03   1.4881811e-03
   1.7484093e-02   8.6953939e-02  -5.7568382e-02  -1.5575709e-03  -2.1157052e-03   1.0884422e-03
   1.4308062e-02  -1.0652119e-02  -3.0807798e-02  -5.1680260e-04  -2.4370375e-03   1.7674669e-03
   2.4437723e-02  -3.3814813e-02  -1.1841690e-01   2.6310645e-04  -3.4754346e-03   1.4753662e-03
   1.1970939e-02   8.4453760e-02  -1.8758570e-01  -2.7561508e-03  -2.3656014e-03   8.3833073e-04
   2.0339208e-02   9.0284790e-02  -2.1119578e-01  -1.9686789e-03  -2.6804639e-03   6.7424786e-04
   2.4283863e-02  -9.2786166e-03  -1.0038128e-01   3.4963826e-04  -3.1591170e-03   1.0712865e-03
   1.9771381e-02   3.3699045e-02  -1.5474430e-01  -7.5866011e-04  -3.4721467e-03   1.1776270e-03
   1.4604397e-02   2.2663857e-02  -1.3740405e-01   2.8598591e-04  -3.3009610e-03   8.4365959e-04
   1.6422718e-02  -1.5203449e-02  -1.0716330e-01   3.3092659e-04  -3.2930482e-03   8.4728721e-04
  -9.6170508e-03   1.1587249e-01  -6.9333315e-02  -2.2106958e-05  -3.6196275e-03   1.3081054e-03
   4.4671033e-04  -1.2125395e-01  -6.9239927e-02   1.2464995e-03  -3.3093501e-03   1.6254821e-03
   3.4355028e-02   2.9533520e-02  -1.7403534e-01   2.4988304e-04  -4.4011287e-03   1.2091136e-03
   3.5931418e-02  -6.8340459e-02  -1.1425593e-01   1.2973546e-03  -4.8525711e-03   2.0212898e-03
   3.5608744e-02   9.6454724e-02  -3.3242057e-01   3.2590544e-04  -5.4693877e-03   1.1452508e-03
   4.3581943e-02   1.4286561e-01  -4.1861493e-01  -1.6332600e-03  -5.6460840e-03   7.3674145e-04
   2.7866792e-02   1.2053255e-01  -3.9593897e-01  -2.7979411e-03  -4.1389563e-03   1.4208273e-03
   2.1370167e-02   1.9185158e-01  -3.4130474e-01  -1.6290017e-03  -4.7098368e-03   1.5750687e-03
   3.5994376e-02   1.3433517e-02  -2.8313391e-01  -1.4493876e-03  -5.1362189e-03   1.5842337e-03
   3.7498047e-03   1.9866547e-01  -3.5395132e-01  -1.4814412e-03  -5.0428406e-03   1.3093576e-03
   2.4748065e-03   1.5610511e-01  -3.4895211e-01  -6.8827820e-04  -4.8521483e-03   1.0334644e-03
   4.7356277e-03   1.0436648e-01  -3.2713828e-01  -2.7769398e-03  -4.7096616e-03   1.0238509e-03
   7.4389592e-03   5.9929658e-02  -3.1975893e-01  -1.9987062e-03  -4.5682744e-03   7.6015846e-04
  -3.8579622e-03   4.3203898e-02  -2.4515812e-01  -1.0468859e-03  -4.6120990e-03   1.0903014e-03
   4.8711746e-03   4.0911024e-02  -2.3523836e-01   1.2423550e-03  -4.5335619e-03   8.1562437e-04
  -4.6693752e-03   7.0458700e-02  -2.0426562e-01   1.9017184e-03  -3.8192259e-03   8.9422880e-04
  -1.3223622e-02   1.4763836e-01  -1.9806759e-01   9.6365877e-04  -3.9322528e-03   6.6633988e-04
  -2.2882318e-02   1.8168953e-01  -2.0120662e-01   3.7163570e-04  -4.0534193e-03   3.5386888e-04
  -3.0257390e-02   2.8087734e-01  -2.2694038e-01  -1.9446101e-03  -4.1658477e-03   6.3151140e-04
  -1.3576307e-02   1.5843710e-01  -1.9124926e-01  -6.2430446e-04  -4.4193100e-03   3.7378246e-04
  -2.2686938e-02   1.3110688e-01  -2.0770824e-01  -7.5988677e-04  -4.1010721e-03   5.1962652e-04
  -1.4919550e-02   2.0816887e-01  -2.2943114e-01   1.3480260e-04  -4.4771441e-03   5.1202725e-04
  -1.7004141e-02  -7.3216090e-03  -1.2971979e-01  -3.1301105e-04  -3.4796769e-03   5.3837635e-04
  -2.4477897e-02   1.6646270e-01  -1.6684152e-01  -1.0285965e-03  -3.8827074e-03   7.4378979e-04
  -2.3808047e-02   1.3944762e-01  -1.7383370e-01  -9.2084351e-04  -3.8022596e-03   6.3746893e-04
  -2.5401256e-02   2.2297037e-01  -2.2382701e-01  -1.7179592e-03  -3.8723003e-03   5.0862581e-04
  -1.1994752e-02   2.3458766e-01  -2.3033090e-01  -1.5598294e-03  -4.4404431e-03   2.8264169e-04
  -1.7971524e-02   2.1090746e-01  -2.2332193e-01  -1.6287163e-03  -4.2269394e-03   4.3810961e-04
  -1.2512852e-02   1.4951318e-01  -2.3859107e-01  -1.6940486e-03  -4.7637127e-03   5.4646277e-04
  -1.2818343e-02   6.2256233e-02  -1.6470491e-01  -2.6386608e-03  -4.0740385e-03   4.6235894e-04
  -2.2623760e-02   1.7049515e-01  -2.1151087e-01  -2.6426060e-03  -4.1013016e-03   4.4461873e-04
  -2.7330683e-02   1.6293359e-01  -1.8278258e-01  -3.1931786e-03  -3.7867785e-03   4.6505164e-04
  -2.9632877e-02   1.7329360e-01  -2.1508079e-01  -1.7275616e-03  -3.6326293e-03   1.6358246e-04
  -3.2453111e-02   2.0968743e-01  -2.0961049e-01  -2.3026334e-03  -3.6181698e-03   3.5694534e-04
  -3.3213730e-02   3.4694375e-02  -1.7227257e-01  -2.8728824e-03  -3.0817508e-03   3.2197412e-04
  -4.5078020e-02   2.3524803e-01  -1.2724207e-01  -2.6942007e-03  -3.1149092e-03   3.4053128e-04
  -4.6859422e-02   1.7107963e-01  -1.4044989e-01  -2.3530660e-03  -2.9788671e-03   5.3469672e-04
  -3.7350536e-02   2.2446131e-01  -1.6936083e-01  -2.6778666e-03  -3.3449711e-03   5.0820473e-04
  -3.3489678e-02   1.9718853e-01  -1.5673201e-01  -1.9063762e-03  -3.3035099e-03   3.1358999e-04
  -3.5262978e-02   2.1219568e-01  -1.5669076e-01  -3.4845431e-03  -3.4299861e-03   5.9689510e-04
  -3.5533725e-02   1.7181881e-01  -1.5232917e-01  -2.6980807e-03  -3.3275974e-03   4.7479084e-04
  -4.5991387e-02   2.5333433e-01  -1.5569197e-01  -3.3506630e-03  -2.9231977e-03   4.5971375e-04
  -3.6060527e-02   2.1754693e-01  -1.3259720e-01  -3.2837449e-03  -3.0684717e-03   2.9611642e-04
  -2.9869212e-02   1.4714342e-01  -1.6683580e-01  -3.1030062e-03  -3.1801360e-03   3.6224623e-04
  -4.2976319e-02   2.3750423e-01  -1.4008386e-01  -4.9483838e-03  -2.9854535e-03   5.7963561e-04
  -4.6846521e-02   1.8761830e-01  -1.9106770e-01  -4.9198658e-03  -3.0347847e-03   5.6337325e-04
  -4.6954126e-02   1.9649861e-01  -1.6222836e-01  -4.1845867e-03  -2.9403794e-03   5.6694926e-04
  -4.9798611e-02   1.5644684e-01  -1.4815023e-01  -3.9425583e-03  -2.6466659e-03   4.7834940e-04
  -3.9620940e-02   2.0207083e-01  -1.7237043e-01  -3.8148278e-03  -3.1473789e-03   6.5730788e-04
  -4.1072894e-02   1.9444926e-01  -2.0560190e-01  -4.0251984e-03  -2.7879322e-03   4.6272517e-04
  -3.0240458e-02   2.1749127e-01  -2.1629562e-01  -4.5003850e-03  -3.3972108e-03   3.8489998e-04
  -2.8561923e-02   1.7890672e-01  -1.9270701e-01  -5.1191106e-03  -3.1775918e-03   3.8796055e-04
  -2.9127433e-02   1.7807340e-01  -1.5859234e-01  -3.9789196e-03  -3.3239447e-03   2.3425661e-04
  -2.8646993e-02   1.9541320e-01  -1.7385374e-01  -4.2755157e-03  -3.2506036e-03   2.6309265e-04
  -3.4211921e-02   2.1068253e-01  -2.0192969e-01  -6.2574915e-03  -2.8691906e-03   7.7513543e-04
  -3.5895507e-02   2.2983311e-01  -2.2487136e-01  -5.5702985e-03  -3.1851540e-03   5.0339794e-04
  -4.1695382e-02   1.8133994e-01  -2.0646429e-01  -4.5641800e-03  -3.0024588e-03   4.0785904e-04
  -3.5667027e-02   2.3170053e-01  -3.2323249e-01  -5.4449348e-03  -3.5121830e-03   4.3894593e-04
  -3.3050045e-02   2.0672961e-01  -2.9324526e-01  -4.7444620e-03  -3.5635635e-03   3.3439582e-04
  -3.7618576e-02   2.6465748e-01  -3.0518515e-01  -7.3855230e-03  -3.2529526e-03   6.7299110e-04
  -3.6840135e-02   3.1626904e-01  -2.8934956e-01  -6.0340835e-03  -3.6730337e-03   3.8574080e-04
  -4.0894850e-02   1.5798007e-01  -2.9362500e-01  -5.6371691e-03  -3.2245961e-03   3.3801824e-04
  -3.3581004e-02   2.8674458e-01  -3.2162083e-01  -6.1095300e-03  -3.4645932e-03   1.1180790e-04
  -4.4675008e-02   1.9552003e-01  -2.6693199e-01  -4.9122675e-03  -3.1155536e-03   2.4360461e-04
  -4.5155023e-02   2.8198484e-01  -2.7675100e-01  -5.4367298e-03  -3.2645285e-03   3.4283598e-04
  -4.3101578e-02   2.5383943e-01  -2.5859543e-01  -5.4725919e-03  -3.2631553e-03   2.0648461e-04
  -3.4384638e-02   2.1365168e-01  -2.7659240e-01  -6.2726636e-03  -3.4645542e-03   3.9506927e-04
  -3.6636697e-02   2.4744722e-01  -2.8584213e-01  -5.4001698e-03  -3.2867072e-03   2.7126365e-04
  -3.0457063e-02   2.0654023e-01  -2.7581371e-01  -6.5823676e-03  -3.4622148e-03   3.1010730e-04
  -4.4853173e-02   2.4806926e-01  -3.0698894e-01  -5.3886391e-03  -3.3227260e-03   2.2315670e-04
  -4.5885933e-02   2.8548286e-01  -2.9184736e-01  -4.9979254e-03  -3.3696372e-03   2.5756710e-04
  -4.7142858e-02   3.0354244e-01  -2.9347271e-01  -4.5954673e-03  -3.2742495e-03   2.6277708e-04
  -5.1586430e-02   2.5411779e-01  -2.7925025e-01  -4.8941793e-03  -2.7870108e-03   2.4308398e-04
  -4.1619590e-02   2.5528633e-01  -3.0306130e-01  -5.7071026e-03  -2.8943476e-03   2.1287184e-04
  -4.0882338e-02   2.8643417e-01  -2.5149503e-01  -4.7593248e-03  -3.0911173e-03   1.0865315e-04
  -5.0266632e-02   2.0476470e-01  -2.5920693e-01  -5.1702159e-03  -2.7697472e-03   1.1363978e-04
  -5.6854739e-02   2.7637499e-01  -2.7709899e-01  -5.4878776e-03  -3.0791099e-03   2.7556586e-04
  -5.4719614e-02   2.8081343e-01  -2.5394086e-01  -6.2930574e-03  -3.1305847e-03   3.0682617e-04
  -4.4901982e-02   2.4495754e-01  -2.6770027e-01  -5.6591761e-03  -3.5018494e-03   1.5321409e-04
  -4.7835839e-02   2.7129446e-01  -2.8997058e-01  -5.5542960e-03  -3.3045375e-03   1.3970349e-04
  -4.3631454e-02   3.1470431e-01  -2.6957810e-01  -6.0834564e-03  -3.3938975e-03   1.6615026e-04
  -3.3766174e-02   2.4058890e-01  -2.7374075e-01  -5.3474230e-03  -3.3154534e-03   8.1509591e-05
  -3.6941340e-02   2.2854957e-01  -2.5596563e-01  -5.8959689e-03  -3.2642523e-03   1.3130916e-04
  -3.8096995e-02   2.1061100e-01  -2.6299376e-01  -4.6512826e-03  -3.1481747e-03   1.5283814e-04
  -4.0514483e-02   3.2209993e-01  -3.0338635e-01  -6.4525118e-03  -3.1804440e-03   5.5864088e-05
  -4.0765895e-02   2.9884128e-01  -2.7956727e-01  -5.0070394e-03  -3.1222944e-03  -3.0001696e-05
  -4.5651051e-02   2.4868439e-01  -2.9553929e-01  -5.9201662e-03  -2.7681725e-03   1.7451797e-04
  -4.1772637e-02   3.0580791e-01  -2.6976032e-01  -6.6836949e-03  -2.9447136e-03   2.0989708e-04
  -3.6319622e-02   2.2777263e-01  -2.4122090e-01  -6.4433444e-03  -2.8209921e-03   1.5846445e-04
  -5.0760726e-02   2.7732421e-01  -3.0469889e-01  -6.8134033e-03  -2.3707141e-03   4.2155589e-04
  -4.5316273e-02   3.0125820e-01  -2.9009675e-01  -6.3652047e-03  -2.5693917e-03   4.3046999e-04
  -4.4587677e-02   2.9040774e-01  -2.9192627e-01  -6.9049686e-03  -2.4538061e-03   3.4584438e-04
  -5.2588906e-02   3.5277080e-01  -2.8922470e-01  -6.6995919e-03  -2.6807978e-03   4.1395813e-04
  -5.8445663e-02   2.7454337e-01  -2.6624166e-01  -4.8526390e-03  -2.6091277e-03   4.3225386e-04
  -6.8646239e-02   3.4504490e-01  -2.8606881e-01  -5.1887027e-03  -2.5011485e-03   4.3376183e-04
  -6.1271275e-02   2.8182390e-01  -2.7012141e-01  -6.8985367e-03  -2.3564107e-03   2.9670929e-04
  -6.6918443e-02   3.3930835e-01  -3.7928255e-01  -7.2405704e-03  -2.3770023e-03   2.4057173e-04
  -5.0223333e-02   3.5901827e-01  -3.7152628e-01  -6.5125380e-03  -2.7232409e-03   7.9396027e-05
  -4.4675818e-02   2.8062060e-01  -3.1188450e-01  -6.3782626e-03  -2.5061259e-03   1.9560149e-04
  -4.5091816e-02   2.6006414e-01  -2.3175812e-01  -6.6486959e-03  -2.5415495e-03   5.6717946e-05
  -4.7598412e-02   2.9959292e-01  -3.4235749e-01  -9.1099612e-03  -2.3099791e-03   2.6709658e-04
  -5.0876465e-02   3.9632948e-01  -3.7249750e-01  -8.3346216e-03  -2.5228390e-03   1.0965984e-04
  -4.8856512e-02   2.8787638e-01  -3.5618282e-01  -8.2614705e-03  -2.1408825e-03  -4.6450476e-05
  -5.4158832e-02   3.7115313e-01  -3.6416674e-01  -7.2054103e-03  -2.2507670e-03  -6.4434846e-05
  -5.2861517e-02   3.8147726e-01  -3.2770055e-01  -6.9098827e-03  -2.4321324e-03  -5.4326429e-06
  -3.7589218e-02   2.7507686e-01  -3.5529941e-01  -8.8013398e-03  -2.2925171e-03  -1.7569168e-05
  -3.5677837e-02   3.1839640e-01  -3.4096331e-01  -7.3123255e-03  -2.5051590e-03   1.4824811e-05
  -3.7382095e-02   2.9995692e-01  -2.9039427e-01  -6.5544686e-03  -2.3129603e-03  -6.1946740e-05
  -3.8703428e-02   3.2844155e-01  -3.1858707e-01  -7.7770183e-03  -2.4632187e-03  -2.3292873e-05
  -3.5405403e-02   3.3616203e-01  -2.9592612e-01  -7.2882410e-03  -2.6361047e-03   9.6393576e-05
  -4.3469598e-02   3.3196892e-01  -3.2011008e-01  -6.9480718e-03  -2.8274773e-03   7.2628401e-05
  -4.1674748e-02   3.1529718e-01  -3.0883595e-01  -7.4429948e-03  -2.8367709e-03   6.5489994e-05
  -5.7734576e-02   2.9633319e-01  -3.3634658e-01  -7.3147382e-03  -2.4401122e-03   2.1998708e-04
  -4.9808117e-02   3.7123534e-01  -3.8637245e-01  -7.7755060e-03  -2.7271739e-03  -3.5446009e-05
  -5.4337331e-02   3.0055766e-01  -3.6713550e-01  -7.0628461e-03  -2.3329224e-03  -1.4296009e-04
  -5.8228079e-02   2.9579478e-01  -3.8122868e-01  -7.7932296e-03  -2.3235231e-03   7.5387011e-05
  -5.4587664e-02   3.3435733e-01  -3.3336132e-01  -8.4144971e-03  -2.2702804e-03   1.2079950e-05
  -5.3836238e-02   3.1577021e-01  -3.4276043e-01  -8.0734493e-03  -2.2398406e-03  -6.7996856e-05
  -5.0539408e-02   3.5568281e-01  -3.8347419e-01  -8.9582820e-03  -2.4378454e-03  -7.4566871e-05
  -5.9778899e-02   3.5160935e-01  -3.5088323e-01  -6.9208256e-03  -2.2329658e-03  -7.0803417e-05
  -6.9496807e-02   3.5715458e-01  -3.0924384e-01  -7.3143359e-03  -1.8310827e-03  -1.3126346e-04
  -5.6722392e-02   3.2000479e-01  -3.4186803e-01  -7.0109216e-03  -2.1686591e-03  -1.1216475e-04
  -5.2431017e-02   3.1261962e-01  -3.2763782e-01  -7.1173717e-03  -2.2677759e-03  -1.6710998e-04
  -6.3414008e-02   4.0162165e-01  -3.5684399e-01  -8.1591203e-03  -2.0926626e-03  -2.2210816e-05
  -6.3619382e-02   4.5573126e-01  -3.4315155e-01  -7.7204793e-03  -2.4759987e-03  -2.4668712e-05
  -6.4094643e-02   3.2672271e-01  -3.3700773e-01  -7.3592341e-03  -2.2261641e-03  -2.3282511e-05
  -5.4636934e-02   3.7123812e-01  -3.8719193e-01  -8.4221611e-03  -2.3602183e-03  -6.5946702e-05
  -5.4405561e-02   3.3039848e-01  -3.6414868e-01  -7.1337208e-03  -2.1204437e-03  -1.1341445e-04
  -5.0613127e-02   3.9062469e-01  -4.1647464e-01  -8.2191112e-03  -2.4123811e-03  -1.1951192e-05
  -5.3220565e-02   3.5533145e-01  -3.7508985e-01  -7.4202842e-03  -2.5724242e-03   9.0362170e-05
  -5.1452161e-02   3.2444863e-01  -3.6380639e-01  -7.9097381e-03  -2.3862471e-03  -1.1708940e-04
  -5.8301124e-02   3.9090338e-01  -3.5284142e-01  -7.5302160e-03  -2.2021613e-03  -3.0112140e-04
  -5.0719079e-02   3.9509685e-01  -3.4692852e-01  -8.2626729e-03  -2.3823584e-03  -2.0786996e-04
  -5.2924032e-02   3.6897424e-01  -3.2127592e-01  -8.0512297e-03  -2.0987026e-03  -2.0453260e-04
  -5.9435585e-02   4.3196630e-01  -3.1907058e-01  -8.0210947e-03  -2.1599418e-03  -1.1810889e-04
  -4.9181201e-02   3.9926747e-01  -3.4594244e-01  -8.6034628e-03  -2.3774700e-03  -2.2989299e-04
