   1.5557737e-14   0.0000000e+00   0.0000000e+00   0.0000000e+00   0.0000000e+00   0.0000000e+00
   1.1559131e-02   8.7878455e-02   3.8288429e-03  -1.1869554e-04   4.8498099e-05  -2.1127550e-05
   5.9917698e-03   1.6120008e-01   2.0449358e-02  -2.3942958e-05   3.2368311e-04   6.3350044e-05
   8.6852391e-04   1.6989534e-03   2.9049089e-02   3.1844741e-04  -1.4550779e-04   6.7103438e-05
   1.8353409e-03   1.0019399e-01   1.1389293e-02   6.7313541e-05   6.8374408e-05   1.7321235e-04
  -4.1435852e-03   9.0824917e-02   3.8451511e-02   3.7628021e-04   1.6033698e-04   3.2000355e-04
   7.8110636e-03   1.0052186e-01   3.1744701e-02   1.4476382e-04   1.8291852e-04   4.6731795e-04
   2.7010836e-03   5.5033499e-02   5.3357017e-02   6.0256243e-04   3.1278971e-04   4.3412465e-04
  -1.2825039e-02  -7.6155834e-03   4.7377365e-02   8.2249900e-04   4.3539624e-04   6.2129612e-04
  -8.3795481e-03   6.0369120e-02   6.3536324e-02   5.9660764e-04   3.2774632e-04   7.3127907e-04
  -2.1873173e-02   2.1196123e-02   5.3574048e-02   1.4810440e-03   8.0834038e-04   6.7925699e-04
  -1.8727314e-02   6.9223041e-02   4.0859757e-02   1.5894226e-03   1.0719174e-03   5.9087120e-04
  -1.9489624e-02  -4.7898188e-03   2.7885814e-02   1.4896380e-03   1.0104600e-03   6.0797949e-04
  -1.9220270e-02   2.1725226e-02   2.1469805e-02   1.1998209e-03   1.1863518e-03   8.7025686e-04
  -1.2201197e-02  -2.8566125e-03   7.7102946e-02   1.6712680e-03   9.7509868e-04   9.3960644e-04
  -2.1766762e-02   4.7721591e-02   7.2319099e-02   1.8601633e-03   1.0828562e-03   9.7503625e-04
  -3.4895495e-02  -1.5280955e-02   8.2678743e-02   2.0853079e-03   1.2338292e-03   9.6361181e-04
  -3.2424173e-02   1.3990541e-02   9.8133515e-02   1.8652789e-03   1.1272631e-03   1.2256568e-03
  -3.8550915e-02  -1.8308533e-02   1.0847891e-01   2.0907315e-03   1.1532701e-03   1.1016735e-03
  -3.9281511e-02  -4.3538182e-05   1.0184087e-01   1.8172731e-03   1.3815526e-03   1.0783795e-03
  -2.8382646e-02  -9.0557747e-03   1.0485176e-01   1.5256492e-03   1.4149833e-03   9.8950179e-04
  -1.7227779e-02  -1.2611062e-02   5.6686717e-02   1.2869419e-03   1.2316194e-03   1.0123874e-03
  -1.5636299e-02   6.0398718e-02   8.8777884e-02   2.1115266e-03   1.1267250e-03   8.5318298e-04
  -1.7222578e-02   6.6625001e-02   1.0551578e-01   1.9602802e-03   1.0979091e-03   1.1263561e-03
  -3.1064782e-02   4.0743674e-02   7.9663271e-02   1.9316115e-03   1.3047148e-03   1.3569828e-03
  -2.9389011e-02   2.4068456e-02   9.4776974e-02   1.8771111e-03   1.4678897e-03   1.3174625e-03
  -2.1927478e-02   1.0396280e-01   7.9631549e-02   1.6076134e-03   1.4015691e-03   1.3696483e-03
  -1.6520248e-02   3.1706871e-02   1.2595026e-01   1.6976516e-03   1.4686487e-03   1.2621256e-03
  -1.1749869e-02  -7.9753594e-04   1.4635122e-01   2.0046228e-03   1.4285156e-03   1.4250954e-03
  -1.4475860e-02   3.4090880e-02   9.8429654e-02   1.5585273e-03   1.5046412e-03   1.5608531e-03
  -1.6341130e-02   3.3349664e-02   9.9716882e-02   1.8794462e-03   1.5781380e-03   1.4527965e-03
  -1.5281159e-02   5.8093097e-02   1.1817714e-01   2.2091508e-03   1.5207421e-03   1.4690333e-03
  -2.3934788e-02   5.3527744e-02   1.1957084e-01   2.4307609e-03   1.6803539e-03   1.6040076e-03
  -3.4658788e-02   6.4230547e-03   1.2792379e-01   2.6849304e-03   1.7503554e-03   1.6072299e-03
  -2.8050146e-02  -9.5378889e-03   1.3691146e-01   2.7883555e-03   1.6481009e-03   1.6221780e-03
  -3.1253970e-02  -2.4733477e-02   1.2427406e-01   2.4821023e-03   1.7188277e-03   1.6569975e-03
  -2.5051575e-02   4.0512356e-03   1.2090606e-01   2.4133491e-03   1.6348456e-03   1.6477460e-03
  -2.4127347e-02   1.4476497e-02   1.0649015e-01   2.3658827e-03   1.7902461e-03   1.5664947e-03
  -2.9373862e-02  -1.7669380e-02   8.9963371e-02   2.4911549e-03   1.8383334e-03   1.3451033e-03
  -2.5313853e-02   5.1595966e-02   1.1509897e-01   2.5040760e-03   1.6275946e-03   1.4982622e-03
  -2.7254477e-02   4.9697060e-02   1.1674269e-01   2.6426401e-03   1.6049579e-03   1.6001636e-03
  -3.3413568e-02   5.7790253e-02   8.6981393e-02   2.8584101e-03   1.7655947e-03   1.3902305e-03
  -4.1491784e-02   8.6086707e-02   6.1948368e-02   2.4380528e-03   2.0155288e-03   1.3161267e-03
  -4.5052493e-02   1.3509288e-02   8.9008252e-02   2.6280683e-03   2.1366934e-03   1.4214417e-03
  -3.5200741e-02  -1.5499634e-03   8.1848943e-02   2.3722657e-03   1.9437955e-03   1.3338278e-03
  -3.3038444e-02   4.1232976e-02   9.0619939e-02   2.2798131e-03   1.8482867e-03   1.4255596e-03
  -4.0083137e-02   1.2219194e-02   1.0392384e-01   2.4358983e-03   1.7236434e-03   1.3153281e-03
  -4.6076189e-02   2.0539426e-02   9.2535629e-02   2.2052297e-03   1.7898129e-03   1.4377894e-03
  -4.3549285e-02   3.5059728e-02   9.8986909e-02   2.2464810e-03   1.8719164e-03   1.2635526e-03
  -3.0399075e-02   6.6549266e-02   8.9771508e-02   1.2323733e-03   1.9563310e-03   1.3864453e-03
  -3.2789034e-02   7.3792393e-02   7.7603624e-02   7.2970254e-04   1.8502033e-03   1.3984561e-03
  -2.9034620e-02   6.2260193e-02   6.6129430e-02   1.1564679e-03   1.6857708e-03   1.1645161e-03
  -3.0864795e-02   1.7554104e-02   7.2871302e-02   1.5653011e-03   1.7156165e-03   1.2108637e-03
  -3.0218816e-02   5.6082639e-02   8.2956101e-02   1.7106533e-03   1.9074133e-03   1.5819472e-03
  -3.5062946e-02   6.6442233e-02   8.1029117e-02   1.7282326e-03   2.1796422e-03   1.7199662e-03
  -3.0244780e-02   1.0601187e-01   9.7145058e-02   1.6682742e-03   2.2320682e-03   1.5342317e-03
  -3.4309191e-02   1.2844912e-01   9.9868918e-02   1.9370053e-03   2.2489993e-03   1.5428729e-03
  -2.6374399e-02   2.0403320e-02   1.4433143e-01   1.2376195e-03   2.0808248e-03   1.2882235e-03
  -8.1420151e-03   5.0878906e-02   1.3417646e-01   7.1465225e-04   1.6468481e-03   8.6814219e-04
  -9.7582042e-03   1.5173678e-01   1.3592391e-01   1.7663417e-03   1.7819585e-03   1.2944494e-03
  -2.7327724e-02   1.0050612e-01   2.0854222e-01   2.3224363e-03   2.1900702e-03   1.6182425e-03
  -2.9775552e-02   4.2516686e-02   2.1888863e-01   2.6868683e-03   2.1737631e-03   1.9229401e-03
  -3.6514771e-02   5.9596938e-02   2.0433162e-01   2.1902067e-03   2.4150544e-03   1.8176456e-03
  -4.0322253e-02   7.8145561e-04   2.1220894e-01   2.5877801e-03   2.6552115e-03   1.8088230e-03
  -4.2005691e-02  -2.5596448e-02   2.2818989e-01   2.5383906e-03   2.9464179e-03   1.7983327e-03
  -4.1756319e-02  -4.8124519e-02   2.3148021e-01   2.4526531e-03   2.8147324e-03   1.8537719e-03
  -4.4775520e-02   1.3746847e-02   2.3866703e-01   2.2739880e-03   2.9375040e-03   2.0056062e-03
  -6.0818735e-02   4.0743337e-05   2.3968528e-01   2.5902933e-03   3.2336250e-03   1.9031191e-03
  -6.3443863e-02  -5.5835639e-02   2.2125271e-01   2.5114659e-03   3.4980711e-03   1.8788265e-03
  -5.9306119e-02  -8.8813308e-03   2.2837311e-01   2.6838804e-03   3.2945043e-03   1.8035015e-03
  -6.6207283e-02  -3.6773250e-03   2.0852901e-01   2.3607837e-03   3.4266950e-03   1.9632884e-03
  -6.0876784e-02  -4.5062668e-02   1.9468568e-01   2.6558608e-03   3.3663338e-03   1.8268978e-03
  -6.1547737e-02  -3.1856649e-02   2.1802456e-01   2.4969884e-03   3.4592316e-03   1.9471482e-03
  -6.5800112e-02  -1.1534120e-02   2.3709840e-01   2.7737585e-03   3.6634875e-03   1.7798912e-03
  -7.1288158e-02  -6.2767592e-02   2.2524660e-01   2.9054547e-03   3.4711430e-03   1.7922238e-03
  -6.9824765e-02  -1.6842120e-02   2.1018510e-01   2.9287137e-03   3.4640490e-03   1.8795984e-03
  -6.8090253e-02  -1.3821499e-02   2.5818051e-01   3.1786112e-03   3.3635777e-03   1.7027540e-03
  -6.2969813e-02  -1.2684977e-02   2.5427634e-01   3.5128260e-03   3.2323626e-03   1.4466329e-03
  -6.1729214e-02  -4.0911713e-03   2.4949628e-01   3.8159974e-03   3.3474914e-03   1.5336695e-03
  -5.6215344e-02   6.7237227e-02   2.4195610e-01   3.2433695e-03   3.3881987e-03   1.7135217e-03
  -6.5938130e-02   7.2591386e-02   2.5437556e-01   3.2454643e-03   3.4544248e-03   1.6843410e-03
  -7.1394172e-02  -8.7427670e-03   2.5085382e-01   3.5583655e-03   3.4062871e-03   1.4237032e-03
  -6.4240468e-02  -7.3822446e-03   2.6870613e-01   3.5773233e-03   3.5416792e-03   1.2170302e-03
  -6.2917639e-02   9.5976528e-03   2.9051812e-01   3.4042586e-03   3.4869861e-03   1.3647597e-03
  -6.4340282e-02   2.7678674e-02   2.8185384e-01   3.6203517e-03   3.4696935e-03   1.5988399e-03
  -6.8766232e-02  -1.7278084e-02   2.9573507e-01   3.4594684e-03   3.5000379e-03   1.6015020e-03
  -6.4561280e-02  -3.5398638e-02   3.0427672e-01   3.8015390e-03   3.5463070e-03   1.5595281e-03
  -6.4329753e-02  -3.1919763e-02   3.1336948e-01   3.2350694e-03   3.6885172e-03   1.5373212e-03
  -6.4445444e-02   1.0881113e-02   3.0042810e-01   3.1685005e-03   3.6721420e-03   1.5166346e-03
  -5.5899878e-02   1.3388747e-02   3.1366672e-01   3.4935004e-03   3.5777490e-03   1.4670679e-03
  -5.8892632e-02  -2.7686567e-02   3.2850929e-01   3.6157021e-03   3.5169519e-03   1.4311585e-03
  -5.0358835e-02   1.3060535e-03   3.3809395e-01   3.4292833e-03   3.5121348e-03   1.5145686e-03
  -5.0413341e-02   2.1863331e-02   3.1686949e-01   3.6295375e-03   3.7088352e-03   1.3778614e-03
  -5.3624132e-02  -7.4308325e-02   3.6074875e-01   4.0726510e-03   3.7401216e-03   1.4544077e-03
  -5.9381618e-02  -7.2839967e-02   3.6852658e-01   4.3024763e-03   3.9165638e-03   1.5275277e-03
  -5.5558239e-02  -4.2147021e-02   3.4984971e-01   3.6429230e-03   3.8300051e-03   1.7749749e-03
  -6.4016918e-02   2.2378792e-02   3.6685033e-01   4.0902281e-03   3.8388634e-03   1.6688929e-03
  -6.4265403e-02  -1.6471402e-02   3.5398033e-01   3.5123123e-03   3.8346358e-03   1.4886453e-03
  -6.1741447e-02  -7.9945694e-02   3.2602050e-01   3.4380630e-03   3.6574639e-03   1.2533509e-03
  -6.3361363e-02  -9.0253692e-03   3.5502736e-01   3.6220264e-03   3.5326491e-03   1.3208046e-03
  -6.3068928e-02   2.1329483e-02   3.4894297e-01   4.0418779e-03   3.7107094e-03   1.2375785e-03
  -6.8427847e-02  -5.6469748e-02   3.5595037e-01   4.6026501e-03   3.7067650e-03   1.3534634e-03
  -7.2339075e-02  -9.8283140e-05   3.5166806e-01   3.9644491e-03   3.7726787e-03   1.5966200e-03
  -8.1693124e-02   2.6174550e-02   3.5598309e-01   3.9259742e-03   3.9841726e-03   1.6131598e-03
  -8.9699282e-02   3.1356941e-02   3.8858759e-01   4.2445267e-03   4.2929982e-03   1.3270005e-03
  -9.3790987e-02  -7.2071731e-02   3.7539585e-01   4.2644070e-03   4.3422107e-03   1.3025807e-03
  -9.5195199e-02  -4.9270807e-02   3.8355553e-01   3.3545580e-03   4.3994326e-03   1.2754185e-03
  -9.5929782e-02   2.1235085e-02   3.4811903e-01   3.0245852e-03   4.6664632e-03   1.1119273e-03
  -7.0329453e-02  -4.1022587e-02   3.2860696e-01   2.7246441e-03   4.2979988e-03   1.0132511e-03
  -7.1574009e-02  -2.1563023e-01   3.6970093e-01   2.6290862e-03   4.3478924e-03   6.9588845e-04
  -5.2817441e-02   1.8708527e-01   3.0041789e-01   1.7092078e-03   4.0564022e-03   8.1731486e-04
  -5.3339532e-02   2.1510509e-01   3.0754905e-01   2.2789675e-03   4.2486711e-03   1.0345340e-03
  -5.7248829e-02   5.5514364e-02   3.1010235e-01   2.6365090e-03   4.2504164e-03   1.3027317e-03
  -4.9853523e-02   1.4061496e-02   2.9929595e-01   2.6016286e-03   3.9372876e-03   1.6411898e-03
  -6.0922387e-02   8.9306011e-03   2.5512113e-01   2.6425165e-03   4.2194116e-03   1.1129912e-03
  -6.1475129e-02   7.3596559e-02   3.1853048e-01   2.4516153e-03   4.1380778e-03   1.3160915e-03
  -6.7036926e-02   8.6836449e-02   2.8837113e-01   2.3724649e-03   4.3620019e-03   1.5438999e-03
  -7.1452286e-02   5.3768473e-02   2.9665741e-01   2.3060838e-03   4.5485278e-03   1.4187067e-03
  -6.7460867e-02   4.8103155e-02   3.3712231e-01   2.7757646e-03   4.2679320e-03   1.7367640e-03
  -6.6650611e-02   8.2576462e-03   3.4125702e-01   2.8754311e-03   4.1503056e-03   1.8186191e-03
  -6.1425441e-02  -4.6178225e-03   3.2431740e-01   3.0911270e-03   4.2772157e-03   1.8023923e-03
  -5.1140474e-02  -3.7019418e-03   3.1993909e-01   2.5868243e-03   4.0029444e-03   1.9143437e-03
  -4.7859291e-02   2.8515236e-02   2.8001863e-01   2.3512708e-03   3.9528848e-03   1.5741911e-03
  -4.7990629e-02   9.5850978e-02   2.9797542e-01   3.2945576e-03   4.0319073e-03   1.6062582e-03
  -5.6292024e-02   1.1750086e-01   2.9986505e-01   2.7152548e-03   4.1886720e-03   1.5552415e-03
  -5.8331295e-02   1.0591317e-01   3.0569472e-01   2.8841776e-03   4.2895505e-03   1.7162647e-03
  -5.3986773e-02   6.9152992e-02   3.0122661e-01   3.1306682e-03   4.5745403e-03   2.1339099e-03
  -5.8043449e-02   4.2128357e-02   2.8530922e-01   2.9948355e-03   4.6726121e-03   1.8828635e-03
  -5.5533314e-02   5.3111379e-02   3.0850486e-01   2.6118622e-03   4.3825708e-03   1.8426520e-03
  -5.0022315e-02  -8.2296169e-03   3.1273561e-01   2.9828817e-03   4.1840181e-03   1.7970293e-03
  -5.3303919e-02   1.3009484e-01   3.0892220e-01   2.5820141e-03   4.2887716e-03   1.9134255e-03
  -5.9234277e-02   1.5128724e-02   3.2759680e-01   2.9256505e-03   4.5141232e-03   2.0545958e-03
  -6.0984616e-02   7.3285984e-02   3.1304544e-01   2.8658313e-03   4.5172124e-03   2.2180368e-03
  -7.4814077e-02   4.5153066e-02   2.8596747e-01   3.1760291e-03   4.7007545e-03   2.3498473e-03
  -8.5253927e-02   7.0296672e-02   2.9698941e-01   2.8037195e-03   5.0469442e-03   1.9272590e-03
  -6.2831272e-02   6.7614777e-02   2.9618197e-01   3.0897264e-03   4.6957422e-03   2.0222306e-03
  -6.3534739e-02   1.7489638e-03   3.3287381e-01   2.7371395e-03   4.7298320e-03   2.0389408e-03
  -7.0903706e-02   2.5376717e-03   2.0946195e-01   3.7691972e-03   4.6461606e-03   2.1387700e-03
  -7.8684214e-02   1.5910058e-02   1.5182837e-01   3.3689563e-03   4.3959088e-03   1.6535396e-03
  -6.8624452e-02   5.3157514e-02   2.2167170e-01   1.9639200e-03   3.7693882e-03   8.8771778e-04
  -6.2622163e-02  -4.8871571e-03   2.1663228e-01   2.8794775e-03   4.1713863e-03   1.1322022e-03
  -6.3200895e-02   2.1895608e-02   2.5866908e-01   3.3342517e-03   4.1236922e-03   1.3807061e-03
  -6.5574336e-02   1.4327339e-02   2.5960289e-01   3.7262374e-03   4.2661921e-03   1.3949622e-03
  -6.3297194e-02   1.0593232e-03   2.9341092e-01   3.2246231e-03   4.5002403e-03   1.5943976e-03
  -7.5269675e-02   3.7827386e-03   3.1540836e-01   3.5783405e-03   4.8235629e-03   1.8398542e-03
  -8.3302455e-02  -4.4419960e-02   3.7475808e-01   3.5844822e-03   4.6347859e-03   1.6098598e-03
  -9.1156320e-02  -5.3972891e-02   3.7051190e-01   4.0166061e-03   5.0807196e-03   1.9913163e-03
  -9.0643793e-02  -7.6543522e-02   3.8926449e-01   3.9927034e-03   5.1232603e-03   1.9163575e-03
  -9.7041649e-02  -1.5772090e-02   3.7544767e-01   3.5827136e-03   5.4028071e-03   2.0168248e-03
  -1.0681639e-01   1.8884534e-02   3.8607724e-01   3.7144145e-03   5.6013380e-03   1.9483671e-03
  -1.1486237e-01  -9.6910141e-02   4.0187969e-01   3.6534590e-03   5.7499649e-03   1.7170484e-03
  -1.1093266e-01  -2.5238873e-02   4.2990841e-01   3.6267533e-03   5.9380635e-03   1.6212708e-03
  -1.1001283e-01  -3.1615075e-02   4.1933485e-01   4.1243315e-03   5.9213243e-03   1.6360899e-03
  -1.1490316e-01  -4.2228443e-02   4.3578103e-01   3.9863326e-03   6.2455619e-03   1.5238770e-03
  -1.2496036e-01  -5.7200877e-02   4.7943146e-01   4.0943601e-03   6.5785561e-03   1.5090317e-03
  -1.0935356e-01  -7.9344108e-02   4.6408008e-01   4.0157527e-03   6.1481219e-03   1.6066953e-03
  -9.9630136e-02   3.8370383e-02   4.4313212e-01   4.0127264e-03   6.0005770e-03   1.7257373e-03
  -1.0306710e-01   1.1139729e-02   4.6411888e-01   4.0538187e-03   6.1018731e-03   1.6982180e-03
  -1.1596191e-01  -5.8630049e-02   4.5753841e-01   3.7663935e-03   6.3659324e-03   1.6306244e-03
  -1.1617715e-01  -3.6020608e-02   4.4600052e-01   3.8177249e-03   6.4109729e-03   1.6004123e-03
  -1.2145550e-01  -3.4658587e-02   4.4710569e-01   3.7733746e-03   6.4826917e-03   1.5368277e-03
  -1.2134818e-01  -5.6207861e-02   4.7799861e-01   4.3028846e-03   6.3865932e-03   1.5683481e-03
  -1.2666361e-01  -4.6063613e-02   5.1654341e-01   3.8355520e-03   6.7327093e-03   1.6184865e-03
  -1.1360260e-01  -3.1610745e-02   4.8811715e-01   3.4118791e-03   6.4485935e-03   1.8147619e-03
  -1.2310656e-01  -4.0669789e-02   4.8164173e-01   3.3015548e-03   6.3895553e-03   1.7017949e-03
  -1.2182177e-01   2.0662017e-02   4.1659185e-01   2.5144101e-03   6.5498567e-03   1.6650258e-03
  -1.3103252e-01  -9.1007781e-03   4.4705248e-01   3.2601614e-03   6.4968870e-03   1.2866123e-03
  -9.6472721e-02  -1.1470063e-01   4.5621594e-01   3.4072159e-03   5.8521918e-03   1.3469022e-03
  -9.4761704e-02   5.5698221e-02   3.6393366e-01   2.7320090e-03   6.0838269e-03   1.4743747e-03
  -9.2691283e-02   1.3899563e-01   4.2956034e-01   2.8199264e-03   5.4327511e-03   1.1556177e-03
  -9.3742496e-02  -3.3302611e-02   4.0652314e-01   3.0855524e-03   5.7212736e-03   1.3632445e-03
  -9.7140466e-02  -1.6085255e-02   4.7322566e-01   2.7725274e-03   5.5617703e-03   1.3841343e-03
  -9.8238066e-02   1.7665213e-03   4.4941539e-01   2.6557719e-03   5.5623042e-03   1.3341388e-03
  -1.0001136e-01  -3.1061835e-02   4.6571223e-01   2.6648965e-03   5.5814028e-03   1.2952754e-03
  -9.8702663e-02  -3.9595689e-02   4.7131556e-01   2.7639232e-03   5.8574366e-03   1.5643962e-03
  -9.5173104e-02  -2.5885206e-02   4.5036359e-01   2.1793358e-03   5.6797563e-03   1.7717084e-03
  -9.1969608e-02   3.7837496e-02   4.8272682e-01   2.4998009e-03   5.6488083e-03   1.7483389e-03
  -9.8446241e-02  -1.5297720e-02   4.8831609e-01   3.3550930e-03   5.7904765e-03   1.7851272e-03
  -8.5799190e-02  -2.9035644e-03   4.6830219e-01   3.2848988e-03   5.6034755e-03   1.7357237e-03
  -8.7527766e-02  -2.6382947e-02   4.6723599e-01   3.0133999e-03   5.4317390e-03   1.7470551e-03
  -8.5543079e-02   2.9026100e-03   5.0447659e-01   3.2210194e-03   5.5043614e-03   1.9808156e-03
  -7.4260834e-02   6.9615870e-02   4.5603673e-01   3.0870356e-03   5.4799833e-03   1.9553639e-03
  -7.6835517e-02  -3.0144907e-02   4.6131979e-01   3.3355189e-03   5.3723005e-03   1.7815669e-03
  -8.4760180e-02   2.2061360e-02   4.6229847e-01   3.0614575e-03   5.5582259e-03   1.9728412e-03
  -8.9456177e-02   3.6728616e-02   4.6163987e-01   3.0311026e-03   5.6902567e-03   1.9268072e-03
  -8.2383774e-02   7.5648583e-03   4.3595262e-01   2.8394642e-03   5.4083191e-03   1.7313650e-03
  -7.8214833e-02   5.5011025e-02   4.2790423e-01   2.7105070e-03   5.4477425e-03   2.0490454e-03
  -8.2118770e-02   1.0468460e-01   4.4266561e-01   2.9877966e-03   5.7529162e-03   2.1673887e-03
  -8.4884453e-02   5.9385810e-02   4.6937908e-01   3.5558210e-03   5.8132752e-03   2.1529849e-03
  -8.1006039e-02  -7.3751773e-03   4.9789104e-01   3.7866985e-03   5.7875612e-03   2.2548274e-03
  -7.9797723e-02  -1.7309032e-02   4.9211991e-01   3.4383664e-03   5.8167657e-03   2.4215974e-03
  -8.1413158e-02   1.0012958e-02   4.7693875e-01   3.2825979e-03   5.8045897e-03   2.4111736e-03
  -7.6879741e-02   2.0327344e-02   5.0054639e-01   3.3791827e-03   5.6425251e-03   2.4465044e-03
  -7.2751257e-02   4.6331684e-02   5.0671687e-01   3.4151216e-03   5.7161618e-03   2.4715633e-03
  -7.4001514e-02   3.9721827e-03   5.1562559e-01   3.9173404e-03   5.7301430e-03   2.5749109e-03
  -8.1170191e-02  -1.0629696e-01   5.2735728e-01   4.0652693e-03   5.7271786e-03   2.4261654e-03
  -8.2143727e-02  -4.3954216e-02   5.2048276e-01   3.4307422e-03   5.7226279e-03   2.4659014e-03
  -9.8102864e-02  -7.7514873e-03   5.0332039e-01   4.1996555e-03   6.1116029e-03   2.6196872e-03
  -9.6992926e-02  -4.3857633e-02   5.0032059e-01   4.0850882e-03   5.9966490e-03   2.6870145e-03
  -9.8753858e-02  -8.4651537e-02   4.9796674e-01   3.8118619e-03   5.8997351e-03   2.6087095e-03
  -9.1131448e-02   9.3925576e-03   5.2053192e-01   3.8560775e-03   5.8410524e-03   2.8340779e-03
  -9.5430516e-02  -2.2867059e-02   5.2131876e-01   4.1167747e-03   5.8529257e-03   2.9972657e-03
  -1.0141518e-01  -8.5140805e-02   4.8963015e-01   3.9113921e-03   6.2391467e-03   2.8745464e-03
  -9.7614964e-02  -4.6059705e-02   5.1401585e-01   3.8770992e-03   6.2845724e-03   2.8677268e-03
  -1.0986195e-01  -5.9011838e-03   5.2364846e-01   4.0766328e-03   6.6495022e-03   2.7205835e-03
  -1.0766915e-01  -3.4478227e-02   5.4484804e-01   4.2746813e-03   6.6518002e-03   2.8421889e-03
  -1.0249580e-01  -8.7655218e-02   5.1545086e-01   4.3982757e-03   6.5090910e-03   2.9939721e-03
  -1.0130639e-01  -5.3770405e-02   5.1532132e-01   3.9646476e-03   6.5858777e-03   2.9763199e-03
  -1.0525814e-01  -1.0213367e-02   5.2307667e-01   4.1375245e-03   6.9062913e-03   2.9275358e-03
