   0.0000000e+00   0.0000000e+00  -7.1054274e-15  -2.1684043e-19  -1.3865964e-17  -3.0067016e-36
   4.9417106e-03  -1.0107025e-01  -2.4542675e-02   5.2509331e-04  -4.1059483e-04   2.5516501e-04
   1.1013708e-02  -1.5991370e-01   1.3942118e-02  -2.0139989e-04   5.5880370e-04   8.1893651e-04
   2.5595730e-02  -3.9933390e-02  -2.7703032e-02  -1.6162568e-03   3.7203736e-04   7.6026359e-04
   2.3413064e-02  -1.7924928e-01  -2.0600218e-02  -1.8543089e-04  -2.2139591e-04   7.8073181e-04
   2.3361506e-02  -1.3085494e-01  -2.4306045e-02  -1.7206371e-04  -2.4278174e-04   5.9962109e-04
   3.6622136e-02  -9.5568587e-02   3.4234958e-03  -2.2550303e-03   2.5605920e-04  -2.4495169e-04
   2.1560676e-02  -1.4190188e-01  -6.6523981e-03  -1.5175609e-03   4.6614779e-05   7.2375007e-05
   2.2120688e-02  -1.2643867e-01  -2.1127390e-02  -7.4845675e-04  -4.9617859e-04  -1.4927641e-04
   1.4802468e-02  -1.4270287e-01  -3.9924974e-02  -1.3800928e-03  -5.4672618e-04   2.7028022e-05
  -5.2061875e-03  -1.0695356e-01   1.4258840e-01   9.0767455e-04  -5.3745346e-04   3.2307869e-04
   1.3151416e-02  -1.4388178e-01   4.3253068e-02  -9.9590278e-04   4.9149267e-05   7.7244596e-05
   1.0773605e-02  -1.3528329e-01   3.7887468e-02  -6.8472784e-04  -2.5304168e-04   2.6289173e-04
   3.2725843e-03  -1.8344798e-01  -4.0365407e-03  -2.7720612e-04  -4.1047335e-04   5.4696219e-04
   1.5399705e-02  -9.9137896e-02  -5.4197401e-02  -2.3740431e-03   1.5063619e-04   4.6692879e-04
   6.4723534e-03  -1.4306696e-01  -1.8956886e-02  -1.0837214e-03  -1.9508334e-04   3.3080655e-04
   1.7513824e-02  -1.2256725e-01  -4.3387749e-02  -1.6034293e-03  -2.4366085e-04   4.2981332e-04
   5.0436698e-03  -1.4094943e-01  -2.9782416e-02  -6.4126927e-04  -5.5834517e-04   5.7066347e-04
   1.9765901e-05  -9.6797801e-02  -3.4192062e-03  -2.4172729e-03  -2.4472971e-04   4.2562132e-04
  -9.9114690e-03  -1.3505923e-01   2.0033073e-03  -4.3834114e-04  -2.5328041e-04   5.5823423e-05
  -1.7116528e-02  -1.0617543e-01  -1.2996603e-02  -2.1040959e-03  -3.8876170e-04  -1.8559694e-04
  -2.1028000e-02  -1.2633956e-01   3.9845746e-02  -1.2132554e-03  -2.5612241e-04   1.2459465e-04
  -1.5547554e-02  -1.8807489e-01  -4.7109119e-03  -1.5180820e-03  -3.4123229e-04  -2.1614092e-04
  -1.9316917e-02  -1.2465753e-01   9.8229078e-05  -1.5216605e-03  -3.1011209e-04  -8.6664252e-05
  -1.1218847e-02  -1.2441021e-01  -5.0995915e-02  -1.9143153e-03   4.4050072e-04  -1.2968571e-04
  -1.3111210e-03  -9.1079824e-02   7.0986974e-03  -1.2585605e-03   5.9612627e-04   1.6922876e-04
  -1.6206267e-02  -9.5747065e-02  -4.0097670e-02   1.7658392e-05   1.7978779e-04   1.9016753e-04
   5.6735455e-03  -2.8054725e-02  -9.7904818e-02  -2.2713081e-03   5.3438108e-04  -5.0893118e-04
  -9.3756379e-04  -1.2422590e-01  -8.8852340e-02  -7.9140757e-04  -2.2645355e-04   9.4728790e-05
   1.5782217e-02  -1.6454173e-01  -6.3528111e-02  -4.1993240e-04  -5.7098832e-04  -2.2047855e-04
   3.1861439e-02  -1.0160076e-01  -8.1383795e-02  -1.3401613e-03  -7.4694124e-04  -4.4913405e-04
   2.5602797e-02  -1.0226018e-01  -5.0213354e-02   1.8414145e-04  -8.5378963e-04  -8.6507413e-05
   1.9797698e-02  -8.8371557e-02  -9.0465160e-02  -9.0381054e-04  -5.8848019e-04  -2.8737917e-04
   1.9802700e-02  -1.1186915e-01  -5.3866049e-02  -6.3459921e-04  -7.7883374e-04  -1.7331179e-04
   1.4213108e-02  -1.3544606e-01  -9.3899376e-02  -9.6459717e-04  -7.2173985e-04  -2.7305009e-04
   7.2571438e-03  -9.2542743e-02  -4.8607628e-02  -1.1389169e-03  -4.9634907e-04  -1.5769958e-04
   1.1988350e-03  -1.2890986e-01  -9.6508953e-02  -3.1971723e-04  -7.3441259e-04  -1.8042838e-05
   1.4894541e-02  -9.5648259e-02  -9.3632124e-02  -2.1682266e-03  -3.7203930e-04  -4.7615190e-04
   1.2324788e-02  -1.1924147e-01  -1.0339972e-01  -6.6283681e-04  -7.4047152e-04   6.0783955e-05
   2.1668724e-02  -1.1751675e-01  -9.9631213e-02  -2.5425935e-03  -7.6882377e-05  -6.6688035e-04
   1.0278946e-02  -4.7499344e-02  -8.9733329e-02  -2.6252320e-03  -6.1524616e-04  -1.4182634e-04
  -1.5312330e-04  -1.4565001e-01  -1.1876982e-01  -1.7607047e-03  -6.9763109e-04   2.7139963e-05
   1.8085142e-02  -9.7729066e-02  -1.4970848e-01  -2.3298470e-03  -3.2692884e-04   7.6800802e-05
   4.2861336e-03  -1.2630631e-01  -9.8293431e-02  -2.0340999e-03  -3.4083533e-04  -9.6162967e-05
   2.8031434e-03  -1.1409199e-01  -1.3446433e-01  -3.3637552e-03  -8.8839044e-05  -4.1115221e-04
   6.3916015e-03  -5.8064268e-02  -1.0371590e-01  -2.2178025e-03  -5.8455200e-05   1.3807350e-04
  -4.6046738e-03  -1.3384426e-01  -1.3177940e-01  -2.0801535e-03  -8.4895106e-05  -7.9945913e-05
   6.3908280e-03  -1.3410359e-01  -1.4716943e-01  -3.0575280e-03   2.0939145e-04  -2.3602010e-04
  -1.2458781e-02  -1.2563301e-01  -1.5431825e-01  -1.8450654e-03  -6.8682288e-05   2.5105260e-04
   1.2197839e-03  -1.1584495e-01  -2.0123223e-01  -1.3623333e-03   1.0685313e-03   3.6336452e-05
  -6.1566425e-03  -8.3117779e-02  -1.7684932e-01  -2.0972948e-03   6.3973106e-04   3.1331818e-04
  -1.0655653e-02  -1.5745174e-01  -1.6844582e-01  -1.7328157e-03   2.4667964e-04   5.9030377e-05
  -7.9737373e-03  -8.7114801e-02  -2.2919745e-01  -1.8481779e-03  -1.9649351e-04  -2.4965509e-04
  -1.5853079e-02  -1.4340607e-01  -7.2843013e-02  -2.3675041e-03  -4.8746815e-04  -6.7773709e-04
  -2.2348028e-02  -1.1228102e-01  -9.7441870e-02  -9.7848593e-04  -5.2586687e-04  -2.3800113e-04
  -2.2695242e-02  -1.2187332e-01  -1.1819445e-01  -1.0841446e-03  -5.6116008e-04  -2.8322751e-04
  -1.8652994e-02  -6.8588600e-02  -1.4139513e-01  -2.7875244e-03  -1.2016998e-05  -4.1728385e-04
  -2.5174870e-02  -1.5025346e-01  -1.0101009e-01  -1.3820779e-03  -1.4148510e-04  -2.8850975e-04
  -1.1824360e-02  -1.2756425e-01  -1.4402353e-01  -2.1503536e-03  -8.7646636e-05  -7.1443405e-04
  -1.7743819e-02  -1.1662504e-01  -1.1061806e-01  -1.8647457e-03  -2.0877901e-04  -9.8390008e-05
  -4.1012077e-02  -1.0106695e-01  -1.0041845e-01  -7.6784877e-04  -9.9829559e-05   1.4374548e-04
  -2.3681651e-02  -8.3580637e-02  -1.3053337e-01  -2.2751931e-03   2.7934308e-04   1.3729857e-08
  -2.0015172e-02  -1.2434635e-01  -1.5178510e-01  -1.4173915e-03  -3.2536103e-04   1.9470461e-04
  -1.5367461e-02  -1.3297988e-01  -1.5756531e-01  -6.7285408e-04  -6.4040767e-04   5.7845981e-05
  -1.1705024e-02  -4.6779362e-02  -1.9546068e-01  -2.7759088e-03   2.2392003e-04  -6.7360363e-05
  -1.4009070e-02  -6.5822205e-02  -1.9754242e-01  -1.2686032e-03  -3.4324289e-04   3.9005136e-04
  -6.6040484e-03  -1.2715143e-01  -2.0088665e-01  -2.7486309e-03  -6.5745135e-05  -2.5103970e-04
  -2.3460432e-02  -1.0346107e-01  -1.8637315e-01  -2.1292500e-03  -2.2995972e-04   1.3788122e-04
  -2.8125892e-02  -1.1157805e-01  -1.7304880e-01  -2.1620700e-03   3.2608065e-05  -1.7046625e-04
  -2.0718968e-02  -4.6882942e-02  -1.7512463e-01  -2.8181778e-03   2.0725327e-04   2.3587712e-04
  -2.0891925e-02  -1.4362765e-01  -1.9131371e-01  -1.8748533e-03  -1.4957407e-04   2.9515291e-04
  -2.1657898e-02  -9.2276139e-02  -2.4866572e-01  -3.6813972e-03  -2.3070880e-04   2.1663824e-04
  -3.6159698e-02  -7.3506426e-02  -2.1381169e-01  -2.5821083e-03  -4.9380839e-04   3.2723044e-04
  -5.3947144e-02  -4.9184719e-02  -2.2232245e-01  -4.2958274e-03  -3.4403790e-04  -9.1333075e-05
  -6.4629556e-02  -3.1791803e-02  -1.8388886e-01  -1.9571523e-03  -6.4990105e-04   1.2441675e-04
  -4.1178047e-02  -6.2868262e-02  -2.3831732e-01  -3.6046767e-03   6.6672853e-05  -3.2981222e-04
  -4.0985663e-02  -2.7931121e-02  -2.0546321e-01  -3.1188055e-03  -3.5068837e-04  -9.6974701e-06
  -3.1436538e-02  -1.0199193e-01  -2.0653177e-01  -2.8609381e-03  -3.4798545e-04  -2.9125605e-04
  -2.8481680e-02  -8.2566682e-02  -1.9590271e-01  -3.8083333e-03  -2.2382867e-04  -1.7968233e-04
  -2.1436365e-02  -1.3719576e-01  -2.0145062e-01  -1.9416435e-03  -5.6638924e-04   2.6593053e-04
  -1.5387125e-02  -8.3357052e-02  -2.2050127e-01  -3.7511433e-03  -8.9114567e-05  -4.2674134e-04
  -1.4702673e-02  -9.8002932e-02  -2.1474535e-01  -2.6178868e-03  -4.3634072e-04  -8.6161415e-05
  -2.5833859e-02  -9.4823714e-02  -2.3449608e-01  -2.7371885e-03  -4.2788757e-04  -3.2763459e-04
  -2.1102366e-02  -3.4009681e-02  -2.5164390e-01  -3.9152199e-03   8.9626696e-05  -4.2469401e-04
  -1.2324302e-02  -9.8283807e-02  -2.2081432e-01  -2.8363708e-03  -2.9638882e-04  -1.1567460e-04
  -1.6110161e-02  -1.3639222e-01  -2.0214081e-01  -3.3489249e-03  -4.6759235e-04  -5.7928353e-04
  -1.4523535e-02  -8.7404449e-02  -2.3745859e-01  -4.0734362e-03  -5.5239636e-04  -8.0309530e-04
  -1.7721935e-02  -1.1639634e-01  -2.0812472e-01  -3.7926455e-03  -4.8276855e-04  -6.4136852e-04
  -1.3714870e-02  -8.7021577e-02  -1.9277164e-01  -3.9347653e-03  -2.1703027e-04  -3.8122601e-04
  -5.8898621e-03  -8.0331061e-02  -2.3329266e-01  -4.7037152e-03   8.4253589e-04  -5.1715635e-04
  -4.1941353e-03  -1.6746216e-01  -1.8710322e-01  -4.9393380e-03   2.0991168e-04  -5.3450301e-04
  -6.3572578e-03  -1.3045272e-01  -1.3508428e-01  -5.0641000e-03   8.1051464e-05  -1.1225845e-03
  -5.4709455e-03  -8.4927428e-02  -1.4784515e-01  -7.1572334e-03   6.2949480e-04  -1.4651424e-03
  -1.6695654e-02  -1.1446362e-01  -1.3530178e-01  -6.3525135e-03   3.2773843e-04  -1.2895715e-03
  -1.3931921e-02  -4.7135088e-02  -1.1960599e-01  -7.1949415e-03   5.8084057e-04  -1.2561220e-03
  -3.2359397e-02  -1.1407145e-01  -1.0891612e-01  -7.0600667e-03   5.5339305e-04  -1.1161486e-03
  -3.0715102e-02  -1.4966133e-01  -8.2092439e-02  -7.5015258e-03   7.1458892e-04  -1.5984908e-03
  -2.7092222e-02  -8.1694517e-02  -9.3598535e-02  -7.5555072e-03   5.9766687e-04  -1.0682744e-03
  -1.3009590e-02  -1.1125977e-01  -1.0948997e-01  -5.2971051e-03   3.0809130e-04  -9.0671488e-04
  -3.1584138e-02  -8.0711608e-02  -1.2560116e-01  -6.4634030e-03   4.2573058e-04  -1.6764492e-03
  -4.6037219e-02  -5.0593088e-02  -1.3516374e-01  -5.5593924e-03   2.7482297e-05  -1.1024822e-03
  -4.8073267e-02  -1.4823850e-01  -1.4072317e-01  -4.8354071e-03   6.7849604e-05  -1.1014141e-03
  -3.0366133e-02  -3.9425888e-02  -1.9803465e-01  -6.5471851e-03   4.7982405e-04  -1.2647876e-03
  -2.5564481e-02  -9.3168172e-02  -1.9947587e-01  -5.1756314e-03   3.5181396e-04  -8.6083224e-04
  -2.4642510e-02  -9.8289281e-02  -1.0645151e-01  -4.2896309e-03   5.8626701e-04  -8.7703326e-04
  -1.8201180e-02  -4.0674522e-02  -1.4481475e-01  -5.6441298e-03   8.3195808e-04  -1.1180909e-03
  -1.7819796e-02  -7.4880708e-02  -1.8916691e-01  -3.8531380e-03   7.1495415e-05  -6.1367188e-04
  -1.8533653e-02  -2.1950773e-01  -1.1994882e-01  -4.7406133e-03   4.8283453e-04  -1.4506809e-03
  -1.9009834e-02  -5.1092776e-02  -1.8391220e-01  -5.7198461e-03  -4.4642174e-05  -1.4058434e-03
  -1.2319608e-02  -1.4699209e-01  -1.4162047e-01  -5.0207680e-03  -1.5505136e-04  -1.0910246e-03
  -2.7967911e-02  -9.4206090e-02  -1.6077679e-01  -6.4230028e-03  -1.2469218e-05  -1.2822345e-03
  -3.6599153e-02  -1.1441640e-01  -1.0428691e-01  -5.1595116e-03   1.2001739e-04  -1.4269091e-03
  -2.1956423e-02  -8.4992264e-02  -1.4351522e-01  -6.1751327e-03   2.7157654e-04  -1.5120463e-03
  -3.0375105e-02  -9.5805196e-02  -1.4284021e-01  -5.7977387e-03   1.6701628e-04  -1.3638632e-03
  -1.7866069e-02  -7.0860680e-02  -1.6288505e-01  -6.6261323e-03   7.1021128e-04  -1.3867232e-03
  -1.0551444e-02  -1.3655490e-01  -1.1498530e-01  -5.7720624e-03   6.0299428e-04  -9.9013192e-04
  -2.2284508e-02  -1.0607473e-01  -1.6250967e-01  -6.6303451e-03   5.2092070e-04  -1.3867278e-03
  -1.1620959e-02  -1.0093703e-01  -1.1652743e-01  -5.2715213e-03   5.0024288e-04  -1.1709475e-03
  -1.2099890e-02  -1.3351654e-01  -1.7765962e-01  -6.0697316e-03   3.2909792e-04  -1.5177094e-03
  -2.1146876e-02  -5.0489768e-02  -1.5547237e-01  -6.4823599e-03   1.9333037e-04  -1.3274907e-03
  -3.2293922e-02  -1.4791211e-01  -1.8390140e-01  -5.6540060e-03  -2.0270798e-06  -1.2500011e-03
  -1.0670324e-02  -1.5041559e-01  -2.3062718e-01  -7.0674074e-03   3.8387538e-04  -1.1036619e-03
  -2.7800980e-02  -8.2928625e-02  -2.0963824e-01  -5.7964447e-03   7.8007752e-05  -8.4471338e-04
  -2.1310663e-02  -1.0524148e-01  -1.8623828e-01  -7.4679110e-03   5.3023032e-05  -1.6490128e-03
  -4.9867640e-02  -8.5711267e-02  -2.1063936e-01  -7.0718506e-03   2.3244012e-04  -1.0933446e-03
  -6.2491171e-02  -1.0020553e-01  -1.9942637e-01  -6.4334167e-03   1.2227333e-04  -1.5132882e-03
  -5.1049096e-02  -9.7726988e-02  -2.2221533e-01  -7.6727719e-03   7.6601284e-05  -1.7037086e-03
  -4.4373801e-02  -1.1339144e-01  -2.2130444e-01  -6.9123080e-03   1.6024833e-05  -1.1758213e-03
  -3.6945496e-02  -1.0416981e-01  -2.3765620e-01  -8.2675895e-03   8.0190268e-04  -1.9521181e-03
  -3.0576134e-02  -6.8304091e-02  -2.0254290e-01  -7.8602196e-03   7.9137734e-04  -1.4127839e-03
  -1.4746661e-02  -1.3140756e-01  -2.3951525e-01  -6.8675603e-03   2.1492449e-04  -1.3974882e-03
  -6.7520643e-03  -1.0235881e-01  -2.5091759e-01  -8.9485315e-03   7.7099729e-04  -2.1349186e-03
  -9.3945459e-03  -7.3257989e-02  -2.9448116e-01  -7.3915820e-03  -3.6714131e-05  -1.5038678e-03
  -1.2878534e-02  -1.6628945e-01  -2.8078911e-01  -7.6534458e-03   1.6297206e-04  -1.6409242e-03
  -1.9833777e-02  -9.8976064e-02  -2.4069889e-01  -9.0800105e-03   5.0112886e-04  -1.9315709e-03
  -1.6681829e-02  -1.0835361e-01  -2.2820523e-01  -8.7577679e-03   1.3333681e-04  -1.9659907e-03
  -1.2581944e-02  -9.2447774e-02  -2.4908470e-01  -8.2074190e-03   2.1263921e-04  -1.9824347e-03
  -3.0719580e-03  -8.3741766e-02  -2.3477085e-01  -8.7465497e-03   2.8932030e-04  -1.7399627e-03
  -1.3529546e-02  -1.1426951e-01  -1.8668372e-01  -7.9203396e-03   4.8366809e-04  -1.9456238e-03
  -1.2692495e-02  -1.3465780e-01  -1.9925027e-01  -8.2861859e-03   3.7116761e-04  -2.2971948e-03
  -6.3640626e-03  -1.4335090e-01  -2.1000603e-01  -8.7546967e-03   9.2467695e-04  -1.7981105e-03
  -1.4821620e-02  -1.0931688e-01  -2.4790847e-01  -7.3306916e-03   6.6668730e-04  -1.4750930e-03
  -4.8488724e-03  -1.3709152e-01  -2.6547226e-01  -9.3235161e-03   1.0808590e-03  -2.1135550e-03
  -3.4886108e-03  -1.3852779e-01  -2.4071163e-01  -8.4107276e-03   6.2607355e-04  -1.9674805e-03
  -1.0325588e-02  -1.7660637e-01  -2.3884259e-01  -8.3613283e-03   8.0200587e-04  -2.0695456e-03
  -3.2759592e-03  -1.5459935e-01  -2.5635792e-01  -9.2930697e-03   6.7045744e-04  -1.6193580e-03
  -1.6647866e-02  -7.6302071e-02  -2.5121468e-01  -7.9605970e-03   6.0546118e-04  -1.6241595e-03
   3.7647248e-03  -1.0333211e-01  -2.3593157e-01  -9.4244609e-03   1.2812700e-03  -1.7435736e-03
  -1.2101755e-03  -8.7308125e-02  -2.6679434e-01  -8.4993938e-03   1.2842011e-03  -1.7965407e-03
  -1.6070663e-02  -8.4344736e-02  -2.9178169e-01  -7.2931328e-03   1.1003849e-03  -1.6947199e-03
  -2.6751661e-04  -1.4382320e-01  -3.0703368e-01  -1.0175735e-02   1.2399611e-03  -2.1886549e-03
  -1.4334136e-02  -8.4571860e-02  -3.0835267e-01  -8.7409954e-03   7.0553097e-04  -2.0262412e-03
  -1.9393231e-02  -1.4334045e-01  -3.0317038e-01  -8.8165444e-03   2.3463753e-04  -2.0265682e-03
  -1.0780468e-02  -9.3303193e-02  -3.0549254e-01  -9.1760762e-03   3.8688853e-04  -2.2585323e-03
  -1.7467007e-02  -1.0647965e-01  -2.9853955e-01  -7.7768344e-03   1.9922990e-04  -1.6628477e-03
  -3.5940419e-02  -1.0980368e-01  -2.3264415e-01  -8.7703528e-03   7.7531690e-04  -2.1620071e-03
  -9.8680808e-03  -1.1347553e-01  -2.5091803e-01  -7.8891851e-03   2.1814315e-04  -1.8972214e-03
  -2.5790860e-02  -1.7640915e-01  -2.6364131e-01  -7.7384667e-03   1.3160987e-04  -1.8674187e-03
  -2.5247747e-02  -6.5699366e-02  -2.3865897e-01  -1.0105346e-02  -6.3459619e-05  -2.1467037e-03
  -4.1339188e-02  -6.9819035e-02  -2.6012609e-01  -8.5881848e-03  -3.4479895e-04  -1.9864375e-03
  -3.6886819e-02  -1.2157305e-01  -2.6956844e-01  -1.0132057e-02   1.4399801e-04  -2.5188570e-03
  -4.6341690e-02  -4.7785541e-02  -2.7632415e-01  -8.7996210e-03  -3.2467153e-04  -1.8342061e-03
  -4.6093354e-02  -1.3636302e-01  -2.5800666e-01  -9.3657841e-03   8.6506364e-05  -2.3765139e-03
  -3.8991685e-02  -8.4923508e-02  -2.5561630e-01  -9.6250570e-03  -1.4704304e-04  -2.6028138e-03
  -5.0984203e-02  -8.4030600e-02  -2.4005350e-01  -9.2175198e-03  -4.1036628e-04  -2.3997469e-03
  -3.6759598e-02  -1.5851580e-01  -2.1708350e-01  -1.0485870e-02   2.0021193e-04  -2.6962441e-03
  -3.6207686e-02  -1.1795178e-01  -1.9481772e-01  -9.5066780e-03  -8.7994805e-05  -2.3267259e-03
  -4.3558553e-02  -1.3744510e-01  -1.8980765e-01  -8.7317426e-03  -5.9912843e-06  -2.8009796e-03
  -2.9378499e-02  -4.7754634e-02  -2.2926502e-01  -8.7321055e-03   3.2229495e-04  -2.3086417e-03
  -3.3999882e-02  -1.3108863e-01  -2.1862164e-01  -8.5091802e-03   1.1092633e-04  -2.1310756e-03
  -2.0128221e-02  -1.0714592e-01  -2.0033967e-01  -9.5916159e-03   1.9522450e-04  -2.2163512e-03
  -2.3398513e-02  -1.2371907e-01  -1.8690919e-01  -8.7110520e-03   1.8365527e-04  -1.8455952e-03
  -2.7062876e-02  -1.4047896e-01  -2.1347014e-01  -8.3488210e-03  -3.1505751e-04  -2.5183475e-03
  -2.5324347e-02  -9.9074741e-02  -1.7080549e-01  -9.4987359e-03   6.9203749e-04  -2.6724695e-03
  -2.0638814e-02  -7.5675659e-02  -2.0011414e-01  -7.7891036e-03   1.6780821e-04  -2.1862904e-03
  -3.5634891e-03  -9.3947037e-02  -2.0104029e-01  -9.0026714e-03   3.0156712e-04  -2.3814325e-03
  -6.9844519e-03  -7.1144979e-02  -1.8887159e-01  -9.1462637e-03  -1.0541348e-06  -2.4549136e-03
  -2.0325019e-02  -1.1421788e-01  -2.0459819e-01  -7.9784180e-03   4.6550155e-06  -2.5271011e-03
  -1.6492623e-02  -9.5651075e-02  -2.3066658e-01  -8.2112941e-03  -1.4723124e-04  -2.9668322e-03
  -2.1521482e-02  -3.3644357e-02  -2.0762771e-01  -8.1347402e-03  -1.2674015e-04  -2.4846714e-03
  -1.9718196e-02  -1.1074496e-01  -2.0529047e-01  -8.5753880e-03   3.1578402e-04  -2.4112304e-03
  -1.5024229e-02  -1.3739287e-01  -2.4330946e-01  -8.0072611e-03   1.5912967e-04  -2.6630548e-03
  -1.4374198e-02  -5.7406682e-02  -2.1847020e-01  -8.6601350e-03   2.8672437e-04  -2.6154578e-03
  -3.0977961e-02  -1.1066044e-01  -2.1060929e-01  -6.5335035e-03  -1.4873267e-04  -2.3315678e-03
  -3.2477290e-02  -1.5497302e-01  -2.0282540e-01  -8.2043977e-03  -4.8071824e-05  -2.7151434e-03
  -3.6752159e-02  -8.8587315e-02  -1.3642755e-01  -7.2408795e-03   5.8142117e-04  -2.9825987e-03
  -3.4881245e-02  -1.4155402e-01  -1.3298616e-01  -7.1751950e-03   4.0497854e-04  -3.4198969e-03
  -5.1800606e-02  -1.7276002e-02  -9.5781124e-02  -7.5681832e-03   3.7631496e-04  -2.9293731e-03
  -6.7223684e-02  -1.3308226e-01  -5.2899459e-02  -5.9490655e-03  -9.8273740e-05  -2.6280224e-03
  -5.4056525e-02   2.1053710e-02  -1.2594253e-01  -6.6344253e-03  -8.9545287e-05  -2.2671275e-03
  -5.0511392e-02  -1.1012409e-01  -1.0518959e-01  -5.6772171e-03  -1.5517283e-04  -2.5983587e-03
  -4.9921992e-02  -6.6985128e-02  -1.1656953e-01  -7.4702727e-03   1.3796669e-04  -2.7253176e-03
  -4.5450631e-02  -7.9208832e-02  -1.2465079e-01  -6.6428182e-03   1.4368873e-04  -2.3337751e-03
  -3.3192884e-02  -4.4518711e-02  -1.3016456e-01  -8.5522874e-03   8.5064504e-04  -2.6925062e-03
  -6.5249646e-02  -3.0850996e-02  -8.4801044e-02  -8.0852912e-03   1.3146548e-04  -2.0402155e-03
  -7.3607203e-02  -1.5211909e-01  -1.4364450e-01  -8.3076683e-03   2.2952390e-05  -2.3549211e-03
  -7.0607419e-02  -7.1243048e-02  -1.3649040e-01  -8.6727349e-03   1.6636224e-04  -2.1093804e-03
  -9.0709795e-02  -7.9031484e-02  -1.6455841e-01  -7.5535309e-03  -7.7620372e-04  -2.2377155e-03
  -9.1401491e-02  -2.2591577e-02  -2.0021835e-01  -9.6911254e-03  -1.0686527e-04  -2.9754550e-03
  -1.0714412e-01  -4.3039111e-02  -2.3548488e-01  -8.2529466e-03  -6.5638445e-04  -2.5572440e-03
  -1.0307570e-01  -1.6076138e-01  -2.5731060e-01  -8.7538709e-03  -7.3406356e-04  -2.7096220e-03
  -1.0369201e-01  -1.0065470e-01  -2.5582348e-01  -9.6906043e-03  -5.3172195e-04  -2.5222827e-03
  -1.1566981e-01  -8.5191798e-02  -2.7400031e-01  -8.4778316e-03  -8.3992408e-04  -2.3774361e-03
  -1.0050683e-01  -7.2456843e-02  -3.7034955e-01  -9.4990692e-03  -5.5936228e-04  -2.4800636e-03
  -1.0149657e-01  -6.0421856e-02  -3.2988002e-01  -8.4597155e-03  -5.7502708e-04  -2.0582760e-03
  -1.0193209e-01  -1.3325379e-01  -3.0296272e-01  -7.5559898e-03  -1.0061685e-03  -1.9761384e-03
  -9.4542623e-02  -7.2040394e-02  -3.3518389e-01  -9.0334612e-03  -4.8168866e-04  -2.3653566e-03
  -9.8868593e-02  -4.4189616e-02  -3.5005086e-01  -8.6140590e-03  -1.1578096e-03  -2.1033329e-03
  -8.8591950e-02  -9.4609289e-02  -3.7498450e-01  -8.2169579e-03  -1.6213507e-03  -2.4632163e-03
