   0.0000000e+00  -1.3953346e-14   0.0000000e+00   0.0000000e+00   0.0000000e+00  -6.9388939e-18
   1.2904800e-03  -7.9785470e-02   2.8311069e-03   3.7823111e-04  -2.5945869e-06   5.9149287e-05
   1.7719694e-02  -8.5744897e-02   3.2851513e-02   2.1313810e-04  -3.8468137e-04   8.8558284e-05
   1.4802296e-02  -7.1013452e-02   1.4628619e-02  -1.7810096e-04  -3.7978957e-04  -3.0903805e-05
   2.2548541e-02  -4.4948871e-02   3.8949409e-02  -6.0599768e-05  -6.7331372e-04   1.0540556e-04
   1.4071519e-02  -5.9121150e-02   1.6532654e-02  -3.8590538e-04  -5.8601278e-04  -2.0110404e-05
   1.3379065e-02  -1.1339234e-02   3.6899884e-02  -1.8907941e-04  -8.1731421e-04   3.8788817e-05
   1.4080786e-02  -1.0201455e-01   1.8153993e-02  -1.0155460e-04  -8.6477892e-04  -1.0238203e-04
   1.9469012e-02  -5.6848930e-02   9.4592501e-03  -1.7761539e-04  -9.6813462e-04  -1.0771790e-04
   7.6130280e-03  -4.9173453e-02   7.4549796e-03   3.3493848e-04  -6.2175905e-04  -3.4280231e-04
   1.8923474e-02  -3.2389699e-02   2.3704709e-02  -3.4920915e-04  -8.6568493e-04  -2.8519417e-04
   1.8776625e-02  -2.6485938e-02  -2.5099966e-02  -6.6675953e-04  -8.0705310e-04  -3.4732350e-04
   2.8003878e-02  -1.9366367e-02   2.9290608e-02  -3.0994687e-04  -9.8225281e-04  -1.8580440e-04
   2.5514958e-02   7.8062678e-03   2.8079435e-02  -1.4039391e-03  -1.0029651e-03  -1.8130171e-04
   3.1498421e-02  -2.4697785e-02   3.7927977e-02  -7.5196955e-04  -1.3354036e-03  -2.2808944e-05
   2.5849634e-02  -7.5515197e-02   4.4037028e-02  -1.4251474e-03  -1.0913479e-03  -1.7644341e-04
   3.0304277e-02  -4.4128397e-02   2.4107204e-02  -8.8670828e-04  -1.1979177e-03  -3.0536110e-06
   2.5311691e-02  -3.8540021e-02   8.3206016e-02  -1.4466931e-03  -1.0021449e-03  -1.4321580e-04
   2.7875346e-02  -4.9689236e-02   6.6128957e-02  -1.5153202e-03  -1.0933328e-03  -1.1207752e-04
   3.5275593e-02   2.9674429e-02   9.0234466e-02  -1.7028953e-03  -1.2252139e-03  -2.1557425e-04
   3.7416193e-02  -4.8704605e-02   6.2163803e-02  -1.7490944e-03  -1.1708092e-03  -1.8188393e-04
   3.6547868e-02  -7.2675271e-02   6.9694777e-02  -1.2405547e-03  -1.2433082e-03  -7.5888444e-05
   2.6507460e-02  -3.5409464e-02   2.3975915e-02  -1.0978443e-03  -8.3650375e-04  -3.0147633e-04
   1.6680310e-02   2.5196695e-02   9.4369170e-02  -1.9017812e-04  -7.7428428e-04  -5.9153309e-04
   2.0563724e-02  -1.2634525e-02   7.4363175e-02  -1.2784501e-03  -9.2805598e-04  -7.8680797e-04
   1.8640772e-02   1.2237076e-06   1.0511286e-01  -1.1626984e-03  -7.7497950e-04  -5.7899988e-04
   2.0362752e-02  -3.3704198e-02   9.7403992e-02  -1.7379999e-03  -7.5370476e-04  -6.9375020e-04
   2.4320777e-02   2.0167978e-02   1.1828005e-01  -1.3405692e-03  -1.1060474e-03  -5.7036498e-04
   1.4080879e-02   5.1069894e-02   1.1933604e-01  -1.5273837e-03  -9.1991715e-04  -7.0180693e-04
   1.3172047e-02   3.7001568e-02   1.2134422e-01  -1.8011239e-03  -1.0048093e-03  -6.2901834e-04
   1.0552833e-02   8.5144521e-02   1.1785449e-01  -2.1634234e-03  -9.6815897e-04  -6.2840941e-04
   1.2118122e-02   1.1982003e-01   9.9172005e-02  -1.6162166e-03  -1.0345319e-03  -5.4618849e-04
   8.7865146e-03   1.2706091e-01   1.1516182e-01  -2.2486833e-03  -7.3014885e-04  -6.1056326e-04
   1.4689906e-02   1.1819972e-01   1.0419865e-01  -2.1092960e-03  -8.3098668e-04  -4.9761152e-04
   9.7497134e-03   9.2999107e-02   1.2786954e-01  -2.1168021e-03  -6.4664943e-04  -5.6238186e-04
   3.5274004e-03   3.1479345e-02   1.1260308e-01  -2.0917042e-03  -5.3292244e-04  -6.7781907e-04
   7.5260956e-03   1.1104744e-02   1.2768977e-01  -2.7451728e-03  -4.1919071e-04  -6.6578568e-04
   4.4841616e-03   6.2825883e-02   9.5632319e-02  -2.1545870e-03  -6.0154325e-04  -5.6293087e-04
   9.5333011e-03   6.5586150e-02   1.2332096e-01  -2.9562643e-03  -5.1242331e-04  -4.5113468e-04
  -1.0156299e-03   6.6281047e-02   9.2321431e-02  -2.6718514e-03  -5.6703882e-04  -3.9498354e-04
   2.3862769e-03   7.0194093e-02   1.3574474e-01  -2.5987002e-03  -6.0369212e-04  -4.0289917e-04
  -1.4631854e-04   4.4012014e-02   1.0521724e-01  -2.9799422e-03  -3.9209628e-04  -4.0036465e-04
   1.0296859e-02   9.7300666e-02   1.4059871e-01  -2.4562351e-03  -6.0790526e-04  -3.2643952e-04
   1.0325973e-02   4.6335248e-02   1.2525311e-01  -3.2684602e-03  -5.1185891e-04  -4.2752774e-04
   9.3832808e-03   7.1852375e-02   1.4601298e-01  -2.3666583e-03  -5.4749248e-04  -4.2216387e-04
   1.6850639e-02   2.8353230e-02   1.5931807e-01  -3.8757731e-03  -5.5211799e-04  -5.0206281e-04
   2.5596658e-02   1.2583237e-01   1.5350675e-01  -3.8780420e-03  -9.0223774e-04  -2.5286704e-04
   2.5626662e-02   1.3716904e-01   1.7126404e-01  -4.8221305e-03  -7.9315637e-04  -2.9284856e-04
   2.4681073e-02   1.4603343e-01   1.5354461e-01  -4.0361750e-03  -8.1609394e-04  -1.8470839e-04
   2.7964625e-02   1.0824445e-01   1.5173149e-01  -4.3290836e-03  -7.1109813e-04  -3.4521447e-04
   2.8595232e-02   1.3708158e-01   1.3161374e-01  -4.5805485e-03  -9.3997589e-04   6.9332221e-06
   2.4977960e-02   1.4128844e-01   1.5999997e-01  -4.6385707e-03  -8.0705758e-04  -7.9365855e-05
   2.8818080e-02   1.2929219e-01   1.2759946e-01  -4.3254187e-03  -7.7502216e-04  -4.1645092e-05
   3.2878629e-02   1.5232544e-01   1.3520722e-01  -3.9802300e-03  -8.0478454e-04  -2.1752668e-04
   3.0933401e-02   1.0876373e-01   1.1475727e-01  -4.1744132e-03  -7.7002792e-04  -2.1380073e-04
   3.0136582e-02   1.1161828e-01   1.6774654e-01  -4.1703003e-03  -8.9890004e-04  -1.4859530e-04
   2.3515432e-02   1.1586869e-01   1.2291591e-01  -4.5386092e-03  -8.8963540e-04  -2.1922977e-04
   1.8886869e-02   1.8659878e-01   1.7784096e-01  -3.8582935e-03  -1.0381320e-03  -1.5341281e-04
   2.1682351e-02   6.3613644e-02   1.5960088e-01  -4.3728590e-03  -9.1538977e-04  -2.3181142e-04
   2.8642216e-02   1.3562644e-01   1.8684139e-01  -4.2286812e-03  -1.0084427e-03  -6.9533007e-05
   2.2587855e-02   1.2618457e-01   1.9423299e-01  -4.9958254e-03  -8.7323561e-04  -7.8246368e-05
   2.5346017e-02   1.4855591e-01   1.7292251e-01  -4.5395046e-03  -9.1062720e-04   3.6535772e-05
   2.6468218e-02   1.4753728e-01   1.5724650e-01  -5.1854189e-03  -8.1703797e-04  -6.1303639e-05
   2.2654648e-02   1.7762146e-01   1.5333051e-01  -4.7046622e-03  -9.2022162e-04   2.6851829e-05
   1.6277682e-02   1.8258517e-01   1.8050500e-01  -5.1528408e-03  -8.3425518e-04  -5.0348268e-05
   1.3873836e-02   1.9017494e-01   1.5277446e-01  -4.7431741e-03  -8.6053813e-04  -3.5135282e-05
   1.8271715e-02   1.7068214e-01   1.7215009e-01  -4.6072317e-03  -9.6566425e-04  -1.9661618e-04
   1.6670379e-02   1.2621830e-01   1.7827205e-01  -5.0084300e-03  -8.6074999e-04  -1.0233870e-04
   2.8046317e-02   1.2827724e-01   2.0178390e-01  -5.5512595e-03  -1.0539681e-03  -1.0762428e-04
   2.2246137e-02   1.7700433e-01   1.7821803e-01  -5.1434998e-03  -1.1148883e-03  -1.6348663e-06
   2.9415807e-02   1.7286334e-01   2.1114717e-01  -5.4962786e-03  -1.2682330e-03  -3.0218502e-05
   2.9823676e-02   2.0002161e-01   1.8625610e-01  -5.9187582e-03  -1.4446279e-03   9.4546354e-05
   3.4129931e-02   1.8482372e-01   2.0602460e-01  -5.5382187e-03  -1.5614605e-03   2.3644032e-04
   3.2113566e-02   1.4719480e-01   1.6785148e-01  -5.5647297e-03  -1.3933748e-03   2.3167554e-04
   3.5605725e-02   2.0772877e-01   2.0446899e-01  -4.9157996e-03  -1.6451797e-03   3.0603927e-04
   4.3332637e-02   1.5112164e-01   1.9626387e-01  -5.6980702e-03  -1.5920274e-03   7.8528154e-05
   3.5747768e-02   2.1783471e-01   1.7302587e-01  -5.5930365e-03  -1.5088633e-03   1.3326178e-04
   4.7332621e-02   2.0289643e-01   2.0234436e-01  -5.5306330e-03  -1.8441947e-03   1.6727535e-04
   4.4966534e-02   2.0209526e-01   1.9649222e-01  -6.9487207e-03  -1.6896292e-03   8.3920268e-05
   4.5274240e-02   2.5750833e-01   1.8976351e-01  -6.7740680e-03  -1.8750187e-03   3.5910527e-04
   5.8339950e-02   2.4464352e-01   2.2177436e-01  -7.7518876e-03  -1.9138918e-03   3.8809037e-04
   5.9505789e-02   2.4210949e-01   2.2193905e-01  -8.0605057e-03  -1.9506421e-03   3.7809481e-04
   7.5676052e-02   2.3695872e-01   2.4192014e-01  -8.4107820e-03  -2.3387034e-03   4.7250738e-04
   7.3761409e-02   2.0844345e-01   2.1676027e-01  -8.7979965e-03  -2.1901999e-03   5.1618189e-04
   6.6658284e-02   2.4837709e-01   2.0616511e-01  -7.6685061e-03  -2.1705516e-03   2.4711881e-04
   7.0357407e-02   2.4763119e-01   2.0303370e-01  -8.2901523e-03  -2.2217532e-03   6.5595735e-05
   5.7675630e-02   2.7974585e-01   2.2554255e-01  -7.3378643e-03  -2.0508029e-03   2.1864713e-04
   5.9354773e-02   2.6197046e-01   2.7306562e-01  -7.9805153e-03  -2.2632941e-03   7.1387875e-05
   6.6860988e-02   1.9237894e-01   2.6568252e-01  -7.4738617e-03  -2.2416513e-03   2.5071277e-04
   8.0777846e-02   2.1088783e-01   3.2020837e-01  -8.8455935e-03  -2.5967107e-03   2.4647697e-04
   9.0703281e-02   2.4463212e-01   2.9450668e-01  -9.5329448e-03  -2.7174963e-03   4.4032671e-04
   1.2964315e-01   3.1399957e-01   2.3675860e-01  -1.0560967e-02  -4.0700249e-03   2.0730188e-04
   1.1687962e-01   2.9423217e-01   2.7039884e-01  -1.0931156e-02  -3.5409870e-03   2.1201481e-04
   1.1256417e-01   2.9383974e-01   2.2401196e-01  -9.5624003e-03  -3.3541210e-03   6.5621077e-04
   1.0987277e-01   3.1410296e-01   2.7465626e-01  -1.0343238e-02  -3.5126948e-03   5.5005603e-04
   1.0553856e-01   2.7545440e-01   2.6774708e-01  -1.1022007e-02  -3.1478458e-03   6.6561367e-04
   1.2213215e-01   3.2133190e-01   2.9205581e-01  -1.0789674e-02  -3.6920524e-03   7.9045268e-04
   1.0693904e-01   3.2760277e-01   3.2987967e-01  -1.1832591e-02  -3.4776141e-03   6.6286541e-04
   1.0280740e-01   3.1028934e-01   3.0931159e-01  -1.0926706e-02  -3.5204535e-03   8.8907126e-04
   1.1874010e-01   2.5649188e-01   3.0866624e-01  -1.1482931e-02  -3.5154917e-03   6.8248730e-04
   9.8727962e-02   2.8354120e-01   3.0521546e-01  -1.1163704e-02  -3.0983881e-03   7.5568518e-04
   1.1050421e-01   2.8017641e-01   3.0950695e-01  -1.0978526e-02  -3.3509348e-03   5.9879841e-04
   1.0201099e-01   3.0658547e-01   2.4742526e-01  -1.1611572e-02  -3.0787129e-03   5.0072271e-04
   1.0801454e-01   2.9091065e-01   3.3031345e-01  -1.0662642e-02  -3.1335265e-03   5.9671504e-04
   1.1117778e-01   2.9446726e-01   2.9356365e-01  -1.1164457e-02  -3.2722164e-03   4.0505588e-04
   1.0881187e-01   3.5137967e-01   3.0427392e-01  -1.0924532e-02  -3.3760853e-03   6.4936333e-04
   1.1357584e-01   3.2412845e-01   3.1300940e-01  -1.1269524e-02  -3.4526276e-03   5.3859810e-04
   1.1378639e-01   2.7925298e-01   3.1633367e-01  -1.0400350e-02  -3.4971024e-03   8.8950428e-04
   1.0930894e-01   3.4596575e-01   3.4369830e-01  -1.1159009e-02  -3.3840996e-03   7.6742607e-04
   1.1639479e-01   3.4833112e-01   3.0126512e-01  -1.0904601e-02  -3.6475511e-03   9.4002588e-04
   1.1117918e-01   3.7755546e-01   3.3541174e-01  -1.1998872e-02  -3.4149779e-03   7.1189820e-04
   9.8820082e-02   3.6387674e-01   3.1659295e-01  -1.1902520e-02  -3.2306503e-03   8.6949525e-04
   1.0489659e-01   3.9171504e-01   3.3318990e-01  -1.2403333e-02  -3.0949264e-03   3.7691969e-04
   9.5994190e-02   3.9499445e-01   3.2624823e-01  -1.2739120e-02  -2.9841250e-03   4.4952636e-04
   1.0255038e-01   4.0985861e-01   3.2629004e-01  -1.2835335e-02  -3.0265463e-03   4.6239725e-04
   1.0440034e-01   3.8762170e-01   3.4289507e-01  -1.3181174e-02  -3.0730357e-03   3.5987670e-04
   9.3471014e-02   3.5845309e-01   3.1774098e-01  -1.2666592e-02  -2.9468811e-03   6.5289105e-04
   1.0559376e-01   4.1660884e-01   3.6209675e-01  -1.3090553e-02  -3.1668558e-03   4.7398016e-04
   1.0184396e-01   3.9963815e-01   4.1118825e-01  -1.4173661e-02  -3.1231128e-03   5.2559763e-04
   1.0719320e-01   4.7967659e-01   4.3402876e-01  -1.6285848e-02  -3.3691723e-03   9.3670460e-04
   1.3390833e-01   4.7060472e-01   4.2815247e-01  -1.6386894e-02  -3.9798211e-03   1.0155994e-03
   1.1010316e-01   3.8845572e-01   3.6911379e-01  -1.5551890e-02  -3.3594707e-03   7.5583945e-04
   1.0936771e-01   4.6498328e-01   3.9519209e-01  -1.5237736e-02  -3.5036693e-03   1.0595952e-03
   1.0044504e-01   4.4886637e-01   3.9571655e-01  -1.5364581e-02  -3.3243575e-03   7.9700380e-04
   1.0552208e-01   4.5347448e-01   4.3796440e-01  -1.4711910e-02  -3.5321312e-03   1.0885910e-03
   1.1162334e-01   4.2030128e-01   4.2226165e-01  -1.5594632e-02  -3.4695124e-03   7.0934421e-04
   1.2089890e-01   4.7678640e-01   4.2945428e-01  -1.4708094e-02  -3.7384044e-03   1.0285870e-03
   1.2053929e-01   3.8418142e-01   4.1905458e-01  -1.4939230e-02  -3.5116311e-03   1.0488007e-03
   1.2126390e-01   3.9377905e-01   4.3519411e-01  -1.5174562e-02  -3.6805993e-03   1.0464663e-03
   1.2119514e-01   4.0844668e-01   4.4964917e-01  -1.5056976e-02  -3.3381865e-03   1.0173416e-03
   1.3684554e-01   3.7977238e-01   4.4765173e-01  -1.3934422e-02  -3.5120540e-03   1.0971810e-03
   1.4724726e-01   4.0100752e-01   4.7714328e-01  -1.4094578e-02  -3.3073314e-03   1.3111699e-03
   1.5555823e-01   4.0108077e-01   4.6472465e-01  -1.4171059e-02  -3.4254161e-03   1.5311272e-03
   1.4585281e-01   4.3675800e-01   4.7731765e-01  -1.3908408e-02  -3.4990841e-03   1.6391891e-03
   1.6796179e-01   4.1997907e-01   4.6715436e-01  -1.3598912e-02  -3.7404702e-03   1.5890693e-03
   1.6432165e-01   3.6172104e-01   4.8200085e-01  -1.4162247e-02  -4.1640788e-03   1.2167555e-03
   1.5195393e-01   3.9347554e-01   4.9935587e-01  -1.4046614e-02  -3.7896047e-03   1.1224616e-03
   1.5807532e-01   4.5609501e-01   5.1314610e-01  -1.5044746e-02  -3.7288592e-03   1.2017211e-03
   1.4402013e-01   4.3889814e-01   5.0961322e-01  -1.5214302e-02  -3.4357840e-03   1.3444801e-03
   1.5657477e-01   4.6670423e-01   5.3710853e-01  -1.4788232e-02  -3.7322088e-03   1.3020267e-03
   1.4104622e-01   4.6261444e-01   5.4098819e-01  -1.6008861e-02  -3.3110479e-03   1.0400125e-03
   1.3468380e-01   4.9931871e-01   5.2900592e-01  -1.5247443e-02  -3.1401688e-03   1.3238663e-03
   1.5676954e-01   4.8523200e-01   5.6612618e-01  -1.5302715e-02  -3.6830879e-03   1.2590669e-03
   1.5301622e-01   4.5956968e-01   5.9115524e-01  -1.6123110e-02  -3.2667743e-03   1.1494881e-03
   1.6466794e-01   5.3029357e-01   5.8785536e-01  -1.6538180e-02  -3.8845167e-03   1.3957016e-03
   1.6700870e-01   5.1436188e-01   6.0178728e-01  -1.7262102e-02  -3.9047601e-03   1.2023587e-03
   1.4981932e-01   5.3067538e-01   5.6093957e-01  -1.6526761e-02  -3.3353162e-03   1.3638604e-03
   1.7193552e-01   5.3042585e-01   5.7766536e-01  -1.6338141e-02  -3.8724800e-03   1.2730694e-03
   1.7086923e-01   5.1325230e-01   5.9841831e-01  -1.7142375e-02  -3.5956911e-03   1.3166582e-03
   1.7590933e-01   4.6632322e-01   5.8132532e-01  -1.6293414e-02  -3.7432176e-03   1.5681134e-03
   1.6457217e-01   4.9979642e-01   5.7282280e-01  -1.7218207e-02  -3.4045742e-03   1.2444076e-03
   1.6237453e-01   4.8191788e-01   5.7183312e-01  -1.6367546e-02  -3.4594735e-03   1.2656376e-03
   1.8986859e-01   4.8498634e-01   5.8625024e-01  -1.6882908e-02  -4.1282740e-03   1.2770029e-03
   1.6816518e-01   4.8780734e-01   6.2014313e-01  -1.7697818e-02  -3.4401388e-03   9.6787491e-04
   1.7025659e-01   4.4887429e-01   5.8588076e-01  -1.6725214e-02  -3.5596761e-03   1.1496888e-03
   1.9506786e-01   5.3219275e-01   6.0638283e-01  -1.7759870e-02  -4.4941476e-03   1.5176825e-03
   1.7455308e-01   4.9180518e-01   5.9855715e-01  -1.7784796e-02  -4.1822826e-03   1.7197092e-03
   1.9122710e-01   4.8189225e-01   5.9679132e-01  -1.6961854e-02  -4.3619402e-03   1.6777617e-03
   2.0151886e-01   4.6437377e-01   5.9112246e-01  -1.7851744e-02  -5.6831015e-03   2.3820086e-03
   1.8657286e-01   3.9118998e-01   5.7857506e-01  -1.7502448e-02  -5.9212774e-03   2.5218335e-03
   2.1003632e-01   4.2982764e-01   6.0315506e-01  -1.7773084e-02  -6.3851307e-03   2.2595575e-03
   1.9210232e-01   4.6179576e-01   6.0922768e-01  -1.8842046e-02  -6.0862332e-03   2.1402471e-03
   2.0576699e-01   4.7166357e-01   6.2610592e-01  -1.8487032e-02  -6.6241732e-03   2.3329413e-03
   2.0513412e-01   4.4640781e-01   6.2321194e-01  -1.9022409e-02  -6.5750273e-03   1.9779482e-03
   1.8616254e-01   4.4154322e-01   5.8667071e-01  -1.8156961e-02  -6.1459527e-03   2.1415032e-03
   2.1089849e-01   4.8350251e-01   6.4612429e-01  -1.8541744e-02  -6.5583581e-03   2.2238489e-03
   2.0357361e-01   4.8844583e-01   6.7052242e-01  -1.9490897e-02  -6.3694066e-03   2.0034704e-03
   2.2610556e-01   5.0404968e-01   6.6022227e-01  -1.9497489e-02  -6.9633945e-03   2.3508786e-03
   2.3578302e-01   5.2165187e-01   6.7051050e-01  -2.0188571e-02  -6.7429263e-03   2.0578299e-03
   2.1954415e-01   4.9066818e-01   6.0293157e-01  -2.0342755e-02  -6.4349266e-03   2.1130087e-03
   1.8935402e-01   4.8877552e-01   5.5142438e-01  -1.8191460e-02  -4.7085500e-03   1.5387237e-03
   2.0810813e-01   4.1840818e-01   6.2448900e-01  -1.8134580e-02  -4.4804892e-03   1.1936555e-03
   2.1360358e-01   3.8204632e-01   5.7758000e-01  -1.8676914e-02  -4.5107898e-03   1.0707168e-03
   2.0621017e-01   4.9108028e-01   6.6166066e-01  -1.8672531e-02  -4.5130415e-03   1.2381367e-03
   2.0369883e-01   4.9421164e-01   6.8868550e-01  -1.9852227e-02  -4.5671902e-03   9.6803600e-04
   1.9659533e-01   5.1020780e-01   7.0890104e-01  -1.9379244e-02  -4.3195762e-03   9.9145357e-04
   2.1061641e-01   5.0879686e-01   7.5442918e-01  -2.0062350e-02  -4.7321944e-03   1.2825054e-03
   2.0515097e-01   5.3306620e-01   7.8691350e-01  -2.1472574e-02  -4.8712137e-03   1.4484673e-03
   2.0864263e-01   5.5509967e-01   7.8158638e-01  -2.2348230e-02  -4.7701796e-03   1.6582201e-03
   2.0728366e-01   5.5967493e-01   8.1682614e-01  -2.3043783e-02  -4.3077455e-03   1.5664592e-03
   1.9513777e-01   5.3478690e-01   7.8816570e-01  -2.2669061e-02  -4.5121166e-03   1.7373615e-03
   2.0962009e-01   5.5993204e-01   8.0950540e-01  -2.2532954e-02  -4.6693376e-03   1.9857164e-03
   2.0682501e-01   5.9677637e-01   8.4489420e-01  -2.3060048e-02  -4.5056685e-03   1.8280469e-03
   2.4278503e-01   6.2325179e-01   7.9865737e-01  -2.3166847e-02  -4.3477730e-03   2.2991284e-03
   2.5340120e-01   6.1806193e-01   8.6243163e-01  -2.4361106e-02  -4.9928590e-03   2.2875444e-03
   2.2260548e-01   6.0230205e-01   8.5350004e-01  -2.4259984e-02  -4.8023263e-03   2.0233507e-03
   2.2807766e-01   6.2557820e-01   8.4301793e-01  -2.3623669e-02  -4.5833342e-03   1.8774226e-03
   2.2587773e-01   5.8398226e-01   8.3666272e-01  -2.3926586e-02  -4.6213498e-03   1.9044759e-03
   2.3437674e-01   6.0139917e-01   8.4634130e-01  -2.2978253e-02  -4.9198155e-03   2.4458931e-03
   2.2515200e-01   6.1141974e-01   9.1190907e-01  -2.3622921e-02  -4.9312191e-03   2.5072705e-03
   2.3027506e-01   6.0857575e-01   9.3123327e-01  -2.4278872e-02  -5.2448758e-03   2.5165024e-03
   2.5572566e-01   6.1528347e-01   9.5591165e-01  -2.4795720e-02  -5.5955232e-03   2.4814418e-03
   2.5561520e-01   6.2064579e-01   9.6204395e-01  -2.5494797e-02  -5.5936061e-03   2.6254150e-03
   2.6024462e-01   6.5068089e-01   9.6621165e-01  -2.4672251e-02  -5.8075938e-03   2.7654368e-03
   2.5585756e-01   7.0915407e-01   9.8493805e-01  -2.6313775e-02  -5.8473008e-03   2.4618036e-03
   2.3342314e-01   7.3439034e-01   9.4918378e-01  -2.5629577e-02  -5.7450579e-03   2.6435716e-03
   2.4862988e-01   7.1175536e-01   9.5590942e-01  -2.6002848e-02  -6.0955999e-03   2.6690218e-03
   2.4219816e-01   6.7128986e-01   9.4194704e-01  -2.6672854e-02  -5.8739931e-03   2.5715698e-03
   2.4153494e-01   6.8995706e-01   9.4893400e-01  -2.6310936e-02  -5.7851278e-03   2.6570154e-03
   2.4078001e-01   7.1419275e-01   9.8681390e-01  -2.6622189e-02  -5.7492335e-03   2.7971195e-03
   2.4503305e-01   7.3448008e-01   9.8122216e-01  -2.6752726e-02  -6.0388468e-03   2.8349993e-03
   2.6511018e-01   7.0165194e-01   1.0652151e+00  -2.7418544e-02  -5.8949900e-03   2.8410154e-03
   2.5464029e-01   6.7991034e-01   1.0059534e+00  -2.7913882e-02  -6.1087307e-03   2.8907389e-03
   2.5887203e-01   7.6502406e-01   9.6978387e-01  -2.8347562e-02  -7.0111709e-03   2.2410687e-03
   2.7559494e-01   7.2881624e-01   1.0389785e+00  -2.9433250e-02  -6.5063007e-03   2.6652322e-03
   2.6641779e-01   7.8306113e-01   9.8084801e-01  -2.9286267e-02  -7.0455995e-03   3.0664101e-03
   2.8247760e-01   8.3156301e-01   1.0543063e+00  -3.1207295e-02  -7.5366500e-03   3.2650590e-03
   2.7581539e-01   8.1539200e-01   1.0822985e+00  -3.1684835e-02  -6.4536336e-03   3.8036751e-03
   2.6935459e-01   8.3909240e-01   1.0393461e+00  -3.1749966e-02  -7.1585129e-03   3.6839098e-03
