   0.0000000e+00   0.0000000e+00   0.0000000e+00   0.0000000e+00   0.0000000e+00   0.0000000e+00
  -1.0448964e-02  -2.8672645e-02  -2.1423658e-02   9.2052563e-05  -3.9377208e-05  -1.9230863e-04
  -1.6200294e-02  -1.7519960e-01   1.3677543e-01  -1.8213015e-04  -5.5920140e-04  -2.7064048e-04
  -2.2768488e-02  -1.7398692e-01   1.6152711e-01  -5.3112673e-04  -8.0619634e-04  -3.2615687e-04
  -2.4347504e-02  -1.0930007e-01   4.8555413e-02   4.0890262e-04  -7.2574070e-04  -2.7103014e-04
  -2.8525726e-02  -7.5287296e-02  -1.0905424e-01  -4.8929467e-04  -1.3126406e-03  -1.1857795e-03
  -4.5973546e-02  -1.3439280e-01  -1.6014580e-02  -2.0684808e-03  -1.8917357e-03  -1.2505507e-03
  -6.1045110e-02  -1.4214832e-01   1.4200526e-01  -1.4122190e-03  -1.9315981e-03  -6.7913663e-04
  -7.6400089e-02  -1.6368586e-01   1.7729235e-01  -6.2714057e-04  -1.9219143e-03  -6.9718012e-04
  -8.9808208e-02  -1.5218332e-01   2.3185430e-01  -1.6182039e-04  -2.0997843e-03  -8.0048370e-04
  -1.1366935e-01  -1.6451875e-02   1.1865803e-01   7.6617394e-05  -2.1784408e-03  -1.0668694e-03
  -1.1231110e-01  -4.7066937e-02   1.0687121e-01  -1.1614944e-03  -2.2444927e-03  -1.1472787e-03
  -6.2502804e-02  -6.5718604e-02  -2.2015932e-02  -1.3273102e-03  -2.9045543e-03  -1.1817717e-03
  -6.5743304e-02  -1.1577252e-01   5.8962008e-03  -1.9226091e-03  -2.9904069e-03  -1.3629224e-03
  -9.5448326e-02  -2.1790201e-01   1.7813809e-01  -1.1764095e-03  -2.9691179e-03  -1.1978388e-03
  -1.0695280e-01  -1.7816406e-01   2.4783964e-01  -7.5647435e-04  -3.5227128e-03  -1.0362192e-03
  -1.2381118e-01  -1.4927680e-01   2.8337420e-01  -2.0662370e-04  -3.5067549e-03  -4.5879288e-04
  -1.2623448e-01  -4.3132841e-02   2.7729069e-01   3.6060032e-04  -3.5469780e-03  -1.4399414e-04
  -1.3564438e-01   1.2382286e-02   2.4627398e-01  -8.0155932e-05  -3.4259512e-03  -4.9094653e-04
  -1.2021650e-01  -9.9372240e-03   1.5392481e-01  -8.7732357e-04  -3.5001439e-03  -1.1015745e-04
  -1.5850824e-01  -3.8045180e-02   7.7662004e-02  -6.2332698e-04  -3.0941698e-03  -7.0545341e-04
  -1.6396773e-01  -1.7431426e-01   1.7655889e-01  -6.5939660e-04  -3.4817682e-03  -1.1261352e-03
  -1.6703546e-01  -1.7473847e-01   2.6296491e-01  -3.4593569e-04  -3.8853968e-03  -1.0576867e-03
  -1.9756313e-01  -1.1500864e-01   3.5821928e-01  -9.3348444e-05  -3.8081173e-03  -6.5217276e-04
  -2.0710623e-01  -9.5043327e-02   3.6383789e-01   2.6975192e-04  -4.0612513e-03  -3.0833103e-04
  -2.1780248e-01  -3.3120348e-02   3.0989997e-01  -8.2167175e-05  -4.4628753e-03  -4.0621071e-04
  -2.3081069e-01  -1.4359887e-02   2.6226997e-01   5.0682150e-04  -4.4252552e-03  -3.2953864e-04
  -2.5210429e-01  -5.1251728e-02   1.5508364e-01  -3.9536123e-04  -4.6582852e-03  -1.1725446e-03
  -3.0960871e-01  -5.2153928e-02   1.5937266e-01   5.2177566e-05  -4.8576044e-03  -1.8576186e-03
  -2.9516744e-01  -8.4684648e-02   2.4443126e-01  -8.1023189e-05  -4.5334247e-03  -1.7171099e-03
  -3.0342741e-01  -9.2041948e-02   3.3907476e-01  -6.4504132e-05  -4.4717624e-03  -2.1272182e-03
  -3.0287035e-01  -1.2564186e-01   3.6633087e-01   5.9943629e-04  -5.3152002e-03  -1.6777946e-03
  -3.0865018e-01  -9.1737941e-02   3.1964552e-01   6.1630735e-04  -5.2273033e-03  -1.9258276e-03
  -3.1425150e-01  -4.1519382e-02   2.7592946e-01   1.1802415e-03  -5.1292322e-03  -1.8385468e-03
  -2.9136378e-01  -2.9662350e-02   2.4821698e-01   9.9208736e-04  -5.4047949e-03  -1.6013940e-03
  -2.9110135e-01  -1.2997340e-01   3.3266380e-01   8.3314475e-04  -5.8515299e-03  -2.0687563e-03
  -2.9662129e-01  -7.8482744e-02   2.6952437e-01  -2.7490576e-04  -5.8795439e-03  -1.9618249e-03
  -2.8877135e-01  -1.5393859e-01   3.1206993e-01   7.5098887e-04  -6.3248571e-03  -1.7908817e-03
  -2.9574019e-01  -1.7109421e-01   3.2614346e-01   2.8318567e-04  -6.2295735e-03  -1.5074049e-03
  -3.1279667e-01  -1.1012286e-03   3.0444881e-01   9.4276448e-04  -6.3903625e-03  -1.5477554e-03
  -3.1022854e-01  -3.8068896e-02   2.7384503e-01   6.5964176e-04  -6.1534101e-03  -1.4378565e-03
  -2.9713502e-01   1.2760607e-02   2.7542484e-01   8.5829600e-04  -6.1162961e-03  -1.0238916e-03
  -3.0735778e-01  -5.3961364e-02   2.3015208e-01   2.7294418e-04  -6.4857951e-03  -1.2423160e-03
  -3.1658464e-01  -9.7337429e-02   3.2271862e-01   2.3178768e-04  -6.6575013e-03  -1.5701267e-03
  -3.2249330e-01  -1.0697928e-01   3.1098639e-01   4.7181579e-04  -7.0247911e-03  -1.5401126e-03
  -3.2413248e-01  -9.8289806e-02   3.3446173e-01   8.2853024e-04  -7.5430828e-03  -1.6169036e-03
  -3.2329463e-01  -5.5807045e-02   2.8681008e-01   9.6231984e-04  -7.6150401e-03  -1.3248910e-03
  -3.2270659e-01  -9.1902960e-03   2.9477963e-01   6.4682101e-04  -7.4534278e-03  -1.0716739e-03
  -3.1124174e-01   1.8679826e-03   2.3651330e-01   2.4425296e-04  -7.6147184e-03  -1.1014621e-03
  -3.1199757e-01  -1.4808654e-02   2.2447172e-01  -6.7150393e-04  -7.9352200e-03  -1.1691213e-03
  -3.1494658e-01  -5.3717388e-02   3.1554390e-01  -3.5112033e-04  -8.0901863e-03  -1.2003526e-03
  -3.1583522e-01   4.8406872e-02   2.5617546e-01   3.1913750e-04  -7.9669163e-03  -8.2517524e-04
  -3.0738525e-01   3.0758140e-02   2.6077376e-01   6.1573173e-04  -8.2409623e-03  -7.4850704e-04
  -3.1882578e-01  -1.0424915e-01   3.6656579e-01   3.0130441e-04  -8.4820074e-03  -7.4727753e-04
  -3.1924135e-01  -6.7432864e-02   3.8364191e-01   2.9698979e-04  -8.6321100e-03  -6.8121555e-04
  -3.3321654e-01   5.9178984e-02   2.8474641e-01   2.0510605e-05  -8.8280589e-03  -1.2462444e-03
  -3.3289261e-01   9.8349834e-03   1.8201256e-01  -1.4022666e-05  -8.5497735e-03  -1.4827080e-03
  -3.0834599e-01  -1.1483883e-01   2.9022708e-01   7.8911761e-06  -9.0159137e-03  -1.1558651e-03
  -3.1723604e-01  -3.9922727e-02   2.3842612e-01  -6.1992151e-04  -9.0041388e-03  -1.2112376e-03
  -3.2544647e-01   1.0857508e-01   1.0812169e-01  -2.5797918e-04  -9.2250699e-03  -1.2603612e-03
  -3.4123902e-01  -6.3216578e-02   2.0320822e-01   1.5971940e-04  -9.3152730e-03  -1.3345153e-03
  -3.3939313e-01  -5.7830664e-02   2.4780570e-01  -1.3661737e-04  -9.1730774e-03  -1.4197506e-03
  -3.3866289e-01   2.4831261e-02   1.9605541e-01   4.7193399e-04  -9.3059360e-03  -1.2565173e-03
  -3.3441014e-01   1.2225827e-02   2.2262529e-01   4.7250756e-04  -9.2942260e-03  -1.1306116e-03
  -3.4097397e-01  -3.1259030e-02   2.5996505e-01   5.4857689e-04  -9.0868279e-03  -1.0475258e-03
  -3.3437763e-01  -2.0414155e-02   2.0369599e-01   7.0949114e-04  -9.2002044e-03  -9.2461841e-04
  -3.3914875e-01  -4.7624451e-02   2.2269624e-01   1.9408362e-04  -9.3413475e-03  -1.0427363e-03
  -3.5283128e-01  -1.3406796e-01   3.0012294e-01   1.9537949e-04  -9.5433877e-03  -1.0313467e-03
  -3.6633686e-01  -5.9963326e-02   3.4823618e-01   3.3238043e-04  -9.9922825e-03  -9.6135676e-04
  -3.7372043e-01   2.4834545e-02   2.5718033e-01   6.7039779e-04  -9.7860198e-03  -1.0552155e-03
  -3.7579847e-01   1.2167972e-02   2.7366551e-01   7.9883915e-04  -9.7271600e-03  -1.1815887e-03
  -3.5736967e-01  -4.7407923e-02   3.1551299e-01   6.8598137e-04  -1.0076228e-02  -1.0830661e-03
  -3.6531989e-01  -3.6953675e-02   3.5208145e-01   7.0667803e-04  -1.0304218e-02  -1.0733049e-03
  -3.5965804e-01  -1.4691727e-02   3.2572858e-01   8.7351240e-04  -1.0468074e-02  -8.9096099e-04
  -3.5436140e-01  -1.7341097e-03   2.4276421e-01   9.8975984e-04  -9.7913305e-03  -1.1826453e-03
  -3.4806222e-01   6.7202088e-02   1.6793298e-01   9.5398196e-04  -1.0206621e-02  -1.0357102e-03
  -3.4918290e-01  -1.8382536e-02   2.9732871e-01   8.6130296e-04  -1.0497773e-02  -7.8736236e-04
  -3.5320082e-01  -9.6596937e-02   3.7576409e-01   1.0608392e-03  -9.8957807e-03  -2.3399066e-04
  -3.6119799e-01  -4.7231961e-02   4.1553264e-01   1.6467141e-03  -1.0239952e-02   1.3349786e-04
  -3.5819160e-01  -3.6834961e-02   4.1042162e-01   1.9594600e-03  -1.0311535e-02   2.7638505e-04
  -3.5663949e-01   7.4108127e-03   3.6578914e-01   2.4320887e-03  -1.0522797e-02  -1.4224195e-04
  -3.6214440e-01   1.3474128e-03   3.6185037e-01   2.1896624e-03  -1.0130414e-02  -3.5215953e-04
  -3.5955322e-01  -1.6958844e-02   3.7829835e-01   1.9376951e-03  -1.0200240e-02  -3.2290325e-04
  -3.6201842e-01  -4.3146199e-02   4.0499021e-01   1.9289641e-03  -1.0488320e-02  -3.2133794e-04
  -3.8532957e-01   1.0533157e-02   4.0444537e-01   2.0117487e-03  -1.0776179e-02  -6.2435826e-04
  -3.8146437e-01  -4.8931102e-02   4.0459567e-01   2.2631005e-03  -1.0840654e-02  -4.6504892e-04
  -4.0891211e-01   3.8478556e-02   3.8121566e-01   2.2896207e-03  -1.0533269e-02  -8.7161504e-04
  -3.8424716e-01  -2.6229668e-03   3.0313222e-01   1.4104088e-03  -1.0305517e-02  -7.8274604e-04
  -3.6470004e-01   5.8170585e-02   2.3081961e-01   1.3750687e-03  -1.0654078e-02  -9.0806897e-04
  -3.6682011e-01  -5.8794229e-02   3.2775931e-01   1.7868095e-03  -1.0292131e-02  -1.1776819e-03
  -3.5486837e-01  -1.0796344e-01   3.8628220e-01   8.5569080e-04  -1.0658191e-02  -8.0954669e-04
  -3.6984721e-01  -7.0804408e-02   4.2170666e-01   2.0967137e-03  -1.1537526e-02  -3.8881440e-04
  -3.8431507e-01  -9.9425628e-03   4.7116313e-01   2.2278225e-03  -1.1823057e-02  -4.0770363e-04
  -3.5932855e-01   2.7111851e-02   4.6940331e-01   2.3448477e-03  -1.2003400e-02  -3.0485723e-04
  -3.4917682e-01   2.3889327e-02   4.0964066e-01   2.0233632e-03  -1.1878010e-02  -5.4521361e-04
  -3.2005626e-01   1.4215038e-02   3.5627109e-01   2.2103733e-03  -1.1936251e-02  -2.9625870e-04
  -2.9822457e-01   5.0778869e-02   3.1354284e-01   2.4417469e-03  -1.2368999e-02   9.2635632e-04
  -3.1918403e-01  -1.8385842e-02   3.2616542e-01   1.7065461e-03  -1.1882242e-02   3.3912479e-04
  -3.0749388e-01  -1.0447087e-01   4.7691576e-01   1.8385493e-03  -1.2599873e-02   4.3975851e-04
  -3.1128791e-01  -1.0098185e-01   5.3192044e-01   2.5211036e-03  -1.3044537e-02   4.0166751e-04
  -3.1359011e-01  -8.2896865e-02   5.1240633e-01   3.3182767e-03  -1.3093174e-02   3.7501737e-04
  -3.0307855e-01  -2.1187017e-02   4.6920378e-01   3.2599447e-03  -1.2498184e-02   5.7596211e-05
  -3.1746731e-01   2.5872703e-02   3.3489422e-01   2.5231734e-03  -1.2250860e-02   1.7851207e-04
  -3.4269227e-01   3.6031505e-02   3.4487724e-01   2.7441098e-03  -1.2142507e-02   3.4365218e-04
  -3.2334141e-01  -5.2891453e-02   3.6376331e-01   1.5003802e-03  -1.2378649e-02  -1.1425320e-04
  -3.3061337e-01  -5.1998032e-02   4.0251335e-01   2.3601983e-03  -1.2548080e-02  -8.0707194e-05
  -3.4640424e-01  -2.4003516e-03   4.3931019e-01   2.3778378e-03  -1.2805876e-02  -1.6206327e-04
  -3.5794236e-01  -2.5134185e-02   4.6933430e-01   2.4314967e-03  -1.3029337e-02  -2.5218077e-05
  -3.5626783e-01   4.7972264e-02   4.3708356e-01   2.1620700e-03  -1.2599532e-02  -1.3237559e-04
  -3.6035933e-01   1.2425570e-01   4.3122605e-01   2.9783151e-03  -1.2340952e-02   9.8279067e-05
  -3.5575532e-01  -7.5233697e-03   4.7772421e-01   2.5990635e-03  -1.2816989e-02   6.3679537e-05
  -3.6435462e-01   2.4498803e-03   4.9829919e-01   1.9075811e-03  -1.2847835e-02  -6.2065354e-05
  -3.7296691e-01  -4.1954879e-02   4.9953090e-01   2.5463377e-03  -1.3436666e-02  -2.0765241e-04
  -3.8117266e-01  -1.2178570e-02   4.8688779e-01   2.3715760e-03  -1.3189214e-02  -1.0177236e-04
  -3.8555668e-01   1.2522075e-01   4.6972856e-01   3.0719071e-03  -1.3159745e-02  -4.9165047e-04
  -3.8180080e-01   1.4139096e-01   4.5533831e-01   2.7915910e-03  -1.2929962e-02  -4.7506221e-04
  -3.4958599e-01   8.1409101e-02   4.1310111e-01   2.1597430e-03  -1.3078127e-02  -4.4896476e-04
  -3.3233126e-01  -1.0382949e-01   4.5958973e-01   2.1700330e-03  -1.3388218e-02  -7.0102877e-04
  -3.4074551e-01  -7.4149676e-03   4.6157496e-01   2.7470422e-03  -1.3853584e-02  -4.6917652e-04
  -3.5209143e-01   2.0391521e-02   4.4939770e-01   2.7053424e-03  -1.3765749e-02  -4.3697299e-04
  -3.3480300e-01   4.1988693e-02   4.2633013e-01   2.7734649e-03  -1.3428233e-02  -5.1732816e-04
  -3.2965423e-01   9.8645568e-02   3.8743646e-01   2.5036203e-03  -1.3558424e-02  -4.7592770e-04
  -3.4454057e-01   9.4390890e-02   3.4489042e-01   2.3063418e-03  -1.3484464e-02  -4.6443329e-04
  -3.2198456e-01  -9.8454499e-02   4.3832736e-01   2.3519676e-03  -1.3893640e-02  -3.4069250e-04
  -3.2066589e-01  -7.8611068e-03   4.1433626e-01   2.6795061e-03  -1.3800089e-02   4.1404494e-05
  -3.2480724e-01   8.1323889e-02   3.8349475e-01   2.6309135e-03  -1.3863567e-02   8.4344600e-05
  -3.2310613e-01  -9.4157855e-03   3.9761538e-01   2.6217169e-03  -1.4066995e-02  -1.0747927e-05
  -3.3298183e-01   1.4059074e-02   3.6933804e-01   2.4999656e-03  -1.3903044e-02  -8.2729330e-05
  -3.3887530e-01   7.5705176e-03   3.5275453e-01   2.7283000e-03  -1.3985513e-02   9.5914799e-05
  -3.4353967e-01   8.1604870e-02   3.4966774e-01   2.7680205e-03  -1.4182108e-02   1.8404279e-04
  -3.3764351e-01  -4.4183613e-03   3.8528370e-01   2.7083794e-03  -1.4449190e-02  -1.5092189e-04
  -3.4262862e-01  -2.5705952e-02   3.7569073e-01   2.7885974e-03  -1.4472146e-02  -1.0213496e-04
  -3.5405039e-01   9.1187415e-02   3.5909756e-01   2.7978049e-03  -1.4445300e-02  -3.0996011e-05
  -3.4543163e-01   5.8902718e-03   4.1740375e-01   2.8327177e-03  -1.4665409e-02  -2.0176663e-04
  -3.4666303e-01  -1.3803359e-02   4.0804946e-01   2.0910994e-03  -1.4640154e-02   4.2511767e-05
  -3.4706998e-01   5.6147705e-02   3.5551480e-01   2.6850845e-03  -1.4448406e-02  -7.1950463e-05
  -3.3635177e-01   9.8861987e-02   2.8858540e-01   3.4161743e-03  -1.4587639e-02  -2.2064063e-04
  -3.4446780e-01   6.3486037e-02   2.6523699e-01   2.8957415e-03  -1.4740685e-02  -2.8891204e-04
  -3.6660455e-01  -4.1052542e-02   3.8774051e-01   2.5207969e-03  -1.5014866e-02  -5.2308474e-04
  -3.6805087e-01   2.2657279e-02   4.0322060e-01   2.9170321e-03  -1.5053457e-02  -2.7062202e-04
  -3.6765532e-01   1.1632357e-01   3.0612191e-01   2.3911977e-03  -1.5170849e-02  -5.3371302e-04
  -3.5434915e-01   1.4849106e-01   8.0480485e-02   2.7785237e-03  -1.5260606e-02  -3.0695016e-04
  -3.5910517e-01   3.0772611e-02   1.9039943e-01   2.1297894e-03  -1.5380629e-02  -6.5203672e-04
  -3.7973299e-01   3.8538543e-02   2.2242225e-01   2.0507116e-03  -1.5544959e-02  -9.2450671e-04
  -3.9062008e-01   5.3536597e-02   2.9180565e-01   2.2821083e-03  -1.5779001e-02  -8.0100703e-04
  -3.9254082e-01   1.2233972e-01   2.7561901e-01   2.6724764e-03  -1.5742480e-02  -7.7366575e-04
  -3.9774165e-01   8.3133469e-02   2.7031750e-01   2.9362462e-03  -1.5947276e-02  -6.4249930e-04
  -4.1035123e-01   1.4766731e-01   2.4528585e-01   3.2397010e-03  -1.5798541e-02  -7.0629748e-04
  -4.1465767e-01   9.4845581e-02   2.9867574e-01   1.9884631e-03  -1.6234436e-02  -9.7589887e-04
  -4.2541020e-01   1.5671076e-01   2.7190785e-01   2.2422128e-03  -1.6459990e-02  -9.7381849e-04
  -4.2504833e-01   5.8527427e-02   2.9623382e-01   2.6857852e-03  -1.6726028e-02  -1.3448847e-03
  -4.3233287e-01   9.6530098e-02   2.9726050e-01   2.3416947e-03  -1.6707760e-02  -1.6323840e-03
  -4.2636333e-01   1.0553920e-01   2.9581411e-01   2.6750402e-03  -1.6702067e-02  -1.2161243e-03
  -4.2916520e-01   6.6353802e-02   2.6745719e-01   2.6470095e-03  -1.6678562e-02  -1.1880968e-03
  -4.3526981e-01   6.1610462e-02   3.3255307e-01   3.0666098e-03  -1.6521439e-02  -1.0430880e-03
  -4.2898015e-01   9.7012650e-02   2.9680584e-01   2.9450445e-03  -1.6746531e-02  -1.0203088e-03
  -4.1893297e-01   2.9672229e-02   3.5994414e-01   3.3475688e-03  -1.6622217e-02  -8.4593316e-04
  -4.0840006e-01   8.1364395e-02   2.3984707e-01   2.4448853e-03  -1.6423153e-02  -9.9602970e-04
  -4.0228251e-01   1.0355603e-01   2.8244205e-01   2.8912060e-03  -1.7443892e-02  -7.3066395e-04
  -3.9478777e-01  -1.3325234e-02   3.0531056e-01   2.5823101e-03  -1.7380778e-02  -6.3772302e-04
  -3.7963983e-01   1.0750695e-01   2.6476272e-01   3.0181286e-03  -1.7204020e-02  -3.6724205e-04
  -3.7377813e-01   2.1159357e-02   3.1317779e-01   2.8178249e-03  -1.7429470e-02  -3.4558545e-04
  -3.8024423e-01   1.0629397e-01   3.0289318e-01   2.6708650e-03  -1.7436345e-02  -1.2013610e-04
  -3.7309907e-01   5.9515934e-02   3.1609018e-01   2.4011215e-03  -1.7387162e-02  -2.9248880e-04
  -3.7237162e-01   1.3233375e-01   2.9801297e-01   2.3928230e-03  -1.7176582e-02  -2.4751471e-05
  -3.6877655e-01   1.0855527e-01   2.9737509e-01   3.0737038e-03  -1.7352743e-02  -1.2878102e-04
  -3.6887684e-01   1.1418165e-01   2.6880870e-01   2.6671467e-03  -1.7543670e-02  -2.3083680e-04
  -3.6327541e-01   1.0426792e-01   3.1170622e-01   2.6971663e-03  -1.7401634e-02  -2.4258038e-04
  -3.5682421e-01   7.6527111e-02   2.6358291e-01   2.4027135e-03  -1.7241934e-02  -2.0655279e-04
  -3.5841092e-01   8.5216952e-02   2.6494305e-01   2.9061350e-03  -1.7765272e-02  -2.1329476e-04
  -3.4397468e-01   8.3823973e-02   2.5876756e-01   2.5348190e-03  -1.7567059e-02   2.2393726e-06
  -3.5512151e-01   1.2968265e-01   2.5242516e-01   2.7204844e-03  -1.7548594e-02  -2.3683901e-04
  -3.6343702e-01   1.1074463e-01   2.5699727e-01   3.5622560e-03  -1.7534655e-02  -1.9406491e-04
  -3.6223588e-01   1.2469046e-01   2.6504158e-01   2.6295198e-03  -1.8092476e-02  -2.6295431e-04
  -3.4956302e-01   1.2015102e-01   2.3402922e-01   3.5998227e-03  -1.7913182e-02  -1.2027319e-05
  -3.4929209e-01   1.2205218e-01   2.3076208e-01   2.8932373e-03  -1.7851183e-02  -8.0787055e-05
  -3.5899597e-01   1.0993206e-01   2.0717474e-01   3.1889480e-03  -1.7825413e-02   6.5617391e-06
  -3.6553797e-01   8.1387940e-02   2.3154167e-01   2.8538229e-03  -1.8111469e-02  -1.1224498e-04
  -3.7734060e-01   1.2304537e-01   2.2121777e-01   2.9903336e-03  -1.7867378e-02   4.7437585e-05
  -3.6888637e-01   1.4207384e-01   2.3842296e-01   3.3507789e-03  -1.7866526e-02   1.3801238e-04
  -3.5997355e-01   1.4936733e-01   2.0871537e-01   2.8625908e-03  -1.7978478e-02  -5.7853418e-05
  -3.6508326e-01   1.1550305e-01   2.1537118e-01   2.9316234e-03  -1.7984846e-02   1.4663895e-04
  -3.6559398e-01   1.3319218e-01   2.1403838e-01   2.5196186e-03  -1.8048136e-02  -9.9155369e-05
  -3.6017148e-01   1.4243665e-01   1.8312260e-01   3.3101428e-03  -1.8316809e-02  -4.9685434e-06
  -3.5615748e-01   6.2312786e-02   2.1179358e-01   3.3494062e-03  -1.8432647e-02  -4.5513091e-05
  -3.7775545e-01   1.1471974e-01   2.2509984e-01   3.0284348e-03  -1.8590340e-02  -2.1395555e-04
  -3.7708226e-01   8.8107939e-02   2.3299596e-01   3.3698837e-03  -1.8914277e-02  -1.3638383e-04
  -3.7418076e-01   1.0328249e-01   1.9758311e-01   3.0997093e-03  -1.8986516e-02   7.7700990e-05
  -3.6764434e-01   1.6707525e-01   1.8697905e-01   3.7691351e-03  -1.8795025e-02   1.8441315e-05
  -3.6746813e-01   5.9889692e-02   1.7704907e-01   2.9472004e-03  -1.8986190e-02  -3.8021954e-04
  -3.6803122e-01   1.4004436e-01   1.4136517e-01   3.3094885e-03  -1.8676960e-02  -3.5766864e-04
  -3.5921589e-01   8.4071566e-02   2.0624441e-01   3.3901801e-03  -1.8785287e-02  -2.7614074e-04
  -3.4865224e-01   1.3440796e-01   2.0103902e-01   2.9656706e-03  -1.8530465e-02   9.2863024e-05
  -3.5388619e-01   1.0479995e-01   2.2425721e-01   2.9104399e-03  -1.8998583e-02  -1.1810415e-04
  -3.5784230e-01   1.5842570e-01   1.6698358e-01   3.4439175e-03  -1.9091042e-02  -1.2161830e-04
  -3.6406422e-01   2.0684204e-01   1.7140793e-01   4.0827308e-03  -1.9121456e-02  -4.7404096e-05
  -3.5551824e-01   8.4925447e-02   2.0325795e-01   3.5493440e-03  -1.8852808e-02  -2.9231894e-04
  -3.5598725e-01   1.9140864e-01   1.7259083e-01   3.3137417e-03  -1.8937912e-02  -3.2971223e-04
  -3.5524476e-01   1.2429355e-01   1.9210592e-01   3.9128382e-03  -1.9011176e-02  -3.2677975e-04
  -3.5382861e-01   1.1532964e-01   2.1637041e-01   3.1507805e-03  -1.9111629e-02  -7.3345484e-05
  -3.6105003e-01   1.3807996e-01   2.1703523e-01   3.0160720e-03  -1.9570651e-02  -5.7084862e-05
  -3.5351077e-01   1.2979084e-01   1.8948866e-01   2.9127107e-03  -1.9604873e-02  -1.1588804e-04
  -3.5042483e-01   1.9460398e-01   1.8023937e-01   3.6669127e-03  -1.9355743e-02  -1.9186455e-04
  -3.5342595e-01   1.8691302e-01   2.1784055e-01   3.3325859e-03  -1.9527060e-02  -3.9335347e-04
  -3.6001731e-01   1.7116980e-01   2.1263540e-01   3.7285646e-03  -1.9607230e-02  -1.9931178e-04
  -3.4886148e-01   1.4027397e-01   2.2114955e-01   4.0686970e-03  -1.9581725e-02  -4.4048553e-05
  -3.4676018e-01   1.5856228e-01   2.0549613e-01   3.4027037e-03  -1.9524676e-02  -1.2048953e-04
  -3.4111209e-01   1.4091634e-01   1.9451128e-01   3.7555674e-03  -1.9687069e-02  -3.7211878e-05
  -3.4000133e-01   1.5274663e-01   1.7985161e-01   3.7256485e-03  -1.9597847e-02  -1.3003684e-04
