   0.0000000e+00   0.0000000e+00   0.0000000e+00   0.0000000e+00   0.0000000e+00   0.0000000e+00
  -1.3592109e-02  -1.5522239e-01  -2.7132448e-03   1.0238474e-03   2.8295666e-05  -8.0416543e-05
   6.6495822e-03  -3.9816639e-02  -7.2479295e-02   7.1035640e-04  -8.1782538e-05   2.9976443e-05
  -2.2940833e-02  -1.3365212e-01   4.1138977e-02   8.5433315e-04   1.6081964e-04  -2.7931312e-04
   7.9477150e-03  -4.3204338e-02  -2.4826645e-02   9.6800584e-04  -2.9824476e-04  -4.4353558e-04
  -1.8085511e-02  -1.5572336e-01   8.8310251e-02   1.3484043e-03  -1.5518045e-04  -5.8209895e-04
   8.3312677e-03  -3.7375685e-02  -2.9964381e-02   7.8376349e-04  -3.6813693e-04  -3.8508712e-04
  -4.7886158e-03  -1.2070165e-01   9.8894895e-02   1.9570784e-03  -4.1704214e-04  -7.2895556e-04
  -5.9021490e-03  -1.2884074e-01  -4.2956269e-02   9.8962307e-04  -4.5285197e-04  -2.9968407e-04
  -4.4367357e-03  -1.4532815e-01   7.6886008e-02   2.1258591e-03  -4.8571501e-04  -6.2936432e-04
   4.3173565e-03  -9.7399581e-02  -2.6089026e-03   1.7670765e-03  -7.2605885e-04  -2.3317506e-04
   3.8801251e-03  -1.4989480e-01   1.0172301e-01   2.2989145e-03  -9.7129362e-04  -7.4617751e-04
   1.6501181e-02  -1.2725968e-01   4.7843590e-03   2.7368466e-03  -1.0582549e-03  -3.9632766e-04
   1.1858342e-02  -1.1918885e-01   1.2704922e-01   2.0623017e-03  -1.2553293e-03  -8.2412038e-04
   2.4746147e-02  -1.4223173e-01   5.6806647e-02   2.9317757e-03  -1.6840799e-03  -1.9385981e-04
   2.2918740e-02  -1.6039353e-01   1.5695430e-01   2.5956101e-03  -1.9083244e-03  -9.5522687e-04
   3.9229776e-02  -1.1287200e-01   1.4427778e-01   2.3748356e-03  -2.4477585e-03  -5.5451109e-04
   3.0601372e-02  -1.0999503e-01   2.2551971e-01   2.4221835e-03  -2.0683954e-03  -1.0183396e-03
   2.3142991e-02  -1.8748380e-01   1.3637674e-01   2.6804098e-03  -2.2375324e-03  -3.7869999e-04
   8.2524789e-03  -1.4344427e-01   1.5586699e-01   2.8480508e-03  -1.4139223e-03  -1.9762763e-04
   1.3851463e-02  -1.7038058e-01   1.4130763e-01   2.3129761e-03  -1.6244792e-03   1.3549404e-05
   2.2901063e-02  -1.0499969e-01   1.1790257e-01   2.9677531e-03  -1.4974267e-03   4.4184169e-05
   1.0790646e-02  -1.6893617e-01   1.6220450e-01   3.3791926e-03  -1.5143588e-03   2.7280963e-04
   1.7104578e-02  -1.6512707e-01   1.7275862e-01   2.6513434e-03  -1.6320307e-03   2.8183258e-05
   2.1828677e-02  -1.4433395e-01   1.4331813e-01   2.8165576e-03  -1.9763829e-03   2.1581152e-04
   1.1090371e-02  -2.1716322e-01   1.9883244e-01   3.7953477e-03  -1.7498638e-03  -2.3437088e-05
   1.2827415e-02  -1.9963886e-01   1.8092038e-01   2.4692902e-03  -1.7803541e-03   1.0266445e-04
   1.5767655e-02  -2.1364626e-01   2.4999349e-01   3.5095563e-03  -1.7088193e-03  -3.3564186e-04
   1.7833902e-02  -2.2195727e-01   2.0542970e-01   2.5527809e-03  -2.0224713e-03  -6.8864536e-05
   1.9141045e-02  -2.2930062e-01   2.7342307e-01   2.8669202e-03  -2.0917124e-03  -4.8253990e-04
   4.9331319e-02  -1.4951246e-01   2.3936804e-01   2.3022940e-03  -2.7280674e-03  -5.4971002e-04
   4.7592908e-02  -1.2398952e-01   3.0754168e-01   2.3265519e-03  -2.5892073e-03  -1.0147575e-03
   4.9948097e-02  -2.0749942e-01   2.5629483e-01   2.0397348e-03  -2.9275104e-03  -7.8403825e-04
   5.9242766e-02  -1.1496345e-01   3.3408423e-01   2.4348716e-03  -3.1922585e-03  -1.3327866e-03
   3.7060757e-02  -2.1227610e-01   2.9950651e-01   2.5241458e-03  -2.9362840e-03  -7.9276391e-04
   5.9788463e-02  -1.0535755e-01   4.1270413e-01   2.4342172e-03  -3.1729213e-03  -1.6885775e-03
   4.8237228e-02  -2.8710705e-01   6.5313434e-01   3.6505070e-03  -3.5180616e-03  -2.1417115e-03
   8.1416292e-02  -1.6459372e-01   5.5721021e-01   3.6902391e-03  -3.9787135e-03  -1.8224641e-03
   8.0520756e-02  -2.6791682e-01   6.4790223e-01   3.8565323e-03  -3.8712373e-03  -1.7889859e-03
   1.0435650e-01  -1.8152886e-01   5.8250547e-01   3.8522417e-03  -4.6365792e-03  -2.4096424e-03
   8.6941952e-02  -2.8797550e-01   7.7214995e-01   3.5488980e-03  -4.8078004e-03  -2.7125284e-03
   1.2131801e-01  -2.0410539e-01   6.3499039e-01   3.3740093e-03  -5.2133167e-03  -2.5011170e-03
   1.0990965e-01  -2.7822230e-01   7.9008309e-01   3.5066471e-03  -5.1854131e-03  -2.7200631e-03
   1.2319143e-01  -1.4501222e-01   7.1824406e-01   2.9970568e-03  -5.4088628e-03  -2.6496331e-03
   1.2538596e-01  -3.0257494e-01   8.2098738e-01   4.1414373e-03  -6.1880853e-03  -3.5328607e-03
   1.5131391e-01  -1.7160033e-01   7.1997533e-01   4.5572521e-03  -6.9503075e-03  -4.1613077e-03
   1.2000909e-01  -3.3965033e-01   8.0252609e-01   5.4247318e-03  -6.6038377e-03  -4.1486131e-03
   1.1946384e-01  -2.7282758e-01   6.4291489e-01   5.0259619e-03  -5.8333069e-03  -2.6559522e-03
   1.1840429e-01  -2.9598505e-01   7.3844239e-01   5.3717749e-03  -5.6991215e-03  -2.8157834e-03
   1.2636837e-01  -2.2235483e-01   6.4070122e-01   4.5369135e-03  -5.7429700e-03  -2.4773331e-03
   1.2571768e-01  -2.6473454e-01   7.0771737e-01   6.3931060e-03  -5.6915761e-03  -2.6613927e-03
   1.2181799e-01  -2.5077802e-01   6.6912201e-01   5.0291722e-03  -5.8995934e-03  -2.1806316e-03
   1.2322713e-01  -2.5341336e-01   7.0253358e-01   5.8509150e-03  -5.6138436e-03  -2.3635923e-03
   1.1675047e-01  -2.8421288e-01   6.9191024e-01   5.1939422e-03  -5.8085432e-03  -2.1675612e-03
   1.2573031e-01  -2.9541054e-01   7.0929327e-01   5.6987345e-03  -5.8981782e-03  -2.2421265e-03
   1.1027180e-01  -2.8823893e-01   7.2017950e-01   4.6990543e-03  -5.4902887e-03  -1.9470790e-03
   1.2802425e-01  -2.4900286e-01   7.0806503e-01   4.3898911e-03  -5.7582890e-03  -2.0886315e-03
   1.3307363e-01  -2.8856898e-01   7.2707650e-01   4.0796225e-03  -5.9074013e-03  -2.4066264e-03
   1.4282399e-01  -2.4909549e-01   7.3295314e-01   4.3578537e-03  -6.0369582e-03  -2.5302778e-03
   1.3850789e-01  -3.4258825e-01   7.6548005e-01   4.5140619e-03  -6.3649976e-03  -3.1133739e-03
   1.3656367e-01  -2.4657654e-01   6.9133519e-01   4.4956252e-03  -6.1523290e-03  -2.6494543e-03
   1.2415573e-01  -3.4377707e-01   7.4049977e-01   4.8522061e-03  -5.8956385e-03  -2.5807404e-03
   1.2708293e-01  -2.7945298e-01   6.8706524e-01   4.0285699e-03  -5.9392597e-03  -2.5430686e-03
   1.2698059e-01  -2.5607309e-01   7.6925677e-01   4.6452515e-03  -5.9703149e-03  -2.9818115e-03
   1.3698169e-01  -2.2558927e-01   7.3343128e-01   4.5985824e-03  -6.3131476e-03  -3.1169766e-03
   1.2823537e-01  -2.7699410e-01   7.7058954e-01   5.6720530e-03  -6.0518663e-03  -3.1192556e-03
   1.3593099e-01  -2.9955045e-01   7.4106670e-01   4.4126980e-03  -6.2226042e-03  -2.9481381e-03
   1.3269612e-01  -1.8603282e-01   7.5975995e-01   4.7684140e-03  -5.9967011e-03  -3.2677853e-03
   1.2667642e-01  -2.9498340e-01   8.5021079e-01   4.0338926e-03  -6.3162452e-03  -3.4386448e-03
   1.3198392e-01  -2.3639252e-01   7.7378334e-01   4.2390080e-03  -6.3387460e-03  -3.3527181e-03
   1.2664545e-01  -2.8821912e-01   9.2991118e-01   3.5758881e-03  -7.3216094e-03  -4.2243388e-03
   1.5397146e-01  -2.3609411e-01   7.7021902e-01   5.8443931e-03  -7.5021217e-03  -4.6050691e-03
   1.3890521e-01  -3.2449182e-01   1.0005965e+00   4.2014502e-03  -8.0438708e-03  -5.1313814e-03
   1.4494613e-01  -2.3969372e-01   8.6222343e-01   5.5175592e-03  -7.7441605e-03  -4.5916264e-03
   1.4583521e-01  -3.4771398e-01   9.8610182e-01   5.9719632e-03  -8.1388305e-03  -5.2631094e-03
   1.3155714e-01  -3.6089269e-01   8.7946972e-01   6.4802037e-03  -7.4637928e-03  -4.2918836e-03
   1.2725217e-01  -3.2019052e-01   9.0277773e-01   5.9022692e-03  -7.2406516e-03  -4.3938149e-03
   1.2483350e-01  -2.9923923e-01   8.4595407e-01   6.8486841e-03  -7.0705602e-03  -3.9404135e-03
   1.0744070e-01  -3.3662860e-01   8.9360041e-01   6.1381371e-03  -6.6950583e-03  -4.1657687e-03
   1.3686017e-01  -2.4204229e-01   8.5140571e-01   5.4159826e-03  -7.3601075e-03  -4.0274327e-03
   1.0745814e-01  -3.2181232e-01   9.1061526e-01   6.3417476e-03  -6.7035786e-03  -3.9907595e-03
   1.5507822e-01  -2.7732216e-01   8.3925307e-01   5.6531399e-03  -7.7381746e-03  -4.3476519e-03
   1.1555883e-01  -3.8284114e-01   9.6642155e-01   6.0262129e-03  -7.3207872e-03  -4.3896024e-03
   1.6716081e-01  -2.9718938e-01   8.5527612e-01   5.3576220e-03  -8.2287149e-03  -4.7747003e-03
   1.3410736e-01  -3.1050081e-01   1.0391418e+00   5.7031223e-03  -7.7102066e-03  -5.1293041e-03
   1.7666274e-01  -2.7997771e-01   8.8695839e-01   5.2627061e-03  -8.7004086e-03  -5.2482676e-03
   1.6610662e-01  -2.8718479e-01   9.9074078e-01   5.9367543e-03  -8.2894415e-03  -5.0955694e-03
   1.5850068e-01  -3.5405628e-01   9.1737244e-01   6.2853845e-03  -7.8505611e-03  -4.2869500e-03
   1.6191294e-01  -2.7560666e-01   9.0461706e-01   5.6405999e-03  -7.8722057e-03  -4.5288039e-03
   1.3840756e-01  -3.4664090e-01   9.1208467e-01   6.6316878e-03  -7.3766639e-03  -4.2606834e-03
   1.4061979e-01  -2.9565852e-01   9.2660842e-01   6.4686098e-03  -7.3159636e-03  -4.3438813e-03
   1.4083312e-01  -2.9702285e-01   9.3103444e-01   5.7135122e-03  -7.5956295e-03  -4.1867989e-03
   1.1816965e-01  -4.2256711e-01   9.5916741e-01   6.8491932e-03  -7.1543637e-03  -4.0001399e-03
   1.5430513e-01  -3.1956490e-01   9.4680787e-01   6.6687150e-03  -7.6557143e-03  -4.0484365e-03
   1.2639221e-01  -3.9261387e-01   1.0405247e+00   6.8701510e-03  -7.1152128e-03  -4.0336925e-03
   1.5749112e-01  -3.2443476e-01   9.4281504e-01   5.9014337e-03  -7.6612707e-03  -3.8935873e-03
   1.3750919e-01  -3.7709142e-01   1.0003098e+00   6.2614750e-03  -7.3463160e-03  -4.2090834e-03
   1.7054233e-01  -3.2576470e-01   8.8048719e-01   6.3510626e-03  -7.8956548e-03  -4.3208280e-03
   1.3877983e-01  -3.6346882e-01   1.0382773e+00   6.2717704e-03  -7.7647089e-03  -4.7903817e-03
   1.7875138e-01  -2.8816129e-01   9.2197309e-01   6.4953526e-03  -8.1544485e-03  -4.6895481e-03
   1.5339568e-01  -3.0006455e-01   1.0593212e+00   5.9118261e-03  -8.0533560e-03  -4.8577132e-03
   1.7098836e-01  -3.1640462e-01   9.4939854e-01   6.0831303e-03  -8.4256852e-03  -5.0504975e-03
   1.4679470e-01  -2.8750528e-01   1.0716852e+00   5.4996996e-03  -8.1821981e-03  -5.3705700e-03
   1.5819224e-01  -3.2724480e-01   1.0212494e+00   5.6815104e-03  -8.8833066e-03  -5.3336126e-03
   1.5363885e-01  -2.3781810e-01   1.0281097e+00   6.3338974e-03  -8.1165994e-03  -5.2103423e-03
   1.3425666e-01  -2.6327472e-01   1.0478796e+00   5.7274034e-03  -7.4831970e-03  -4.4674235e-03
   1.3752539e-01  -2.5816222e-01   1.0080887e+00   5.9462442e-03  -7.5084792e-03  -4.6589173e-03
   1.4452532e-01  -3.2471102e-01   1.0177031e+00   5.7063706e-03  -7.7507179e-03  -4.6582258e-03
   1.3899213e-01  -2.2468094e-01   1.0155175e+00   5.7188246e-03  -7.5288984e-03  -4.7990481e-03
   1.3182785e-01  -3.6202199e-01   1.0504420e+00   5.3446395e-03  -7.8253803e-03  -4.5381516e-03
   1.3779240e-01  -2.9582136e-01   1.0188716e+00   5.6394263e-03  -7.8066586e-03  -4.7036497e-03
   1.4331843e-01  -3.4502204e-01   1.0999737e+00   5.3441175e-03  -8.1906552e-03  -4.8250195e-03
   1.5964972e-01  -3.4589204e-01   1.0359175e+00   6.1509655e-03  -8.6326897e-03  -5.3619962e-03
   1.4181050e-01  -3.7327608e-01   1.1477926e+00   5.5354779e-03  -8.9258859e-03  -5.7349057e-03
   1.8746851e-01  -2.3795387e-01   9.8964054e-01   6.2204655e-03  -9.7223838e-03  -6.2532379e-03
   1.4714816e-01  -3.3670885e-01   1.1672340e+00   5.6465526e-03  -9.4791045e-03  -6.2957416e-03
   1.5243749e-01  -2.3120345e-01   9.6398159e-01   7.1193398e-03  -9.4243988e-03  -6.5273888e-03
   1.5038056e-01  -3.3245443e-01   1.0833511e+00   5.7232639e-03  -1.0102588e-02  -7.2960479e-03
   1.7850788e-01  -2.3336638e-01   9.3763962e-01   6.0351989e-03  -1.0360880e-02  -7.0947815e-03
   1.6146315e-01  -2.5923583e-01   1.1209720e+00   4.9723770e-03  -1.0733087e-02  -7.5480281e-03
   1.8135784e-01  -2.5946082e-01   1.0338437e+00   5.7787781e-03  -1.0848271e-02  -7.1680058e-03
   1.8136137e-01  -2.7091966e-01   1.1485301e+00   5.1021272e-03  -1.1070450e-02  -7.6076804e-03
   1.8413113e-01  -3.1399051e-01   1.0808831e+00   5.3725221e-03  -1.1231362e-02  -7.2263131e-03
   1.9193385e-01  -2.4186141e-01   1.0243299e+00   4.9611213e-03  -1.1439025e-02  -7.6430226e-03
   1.6564602e-01  -3.0829640e-01   1.1304557e+00   5.2432256e-03  -1.1116547e-02  -7.4639634e-03
   1.9158325e-01  -2.2264858e-01   1.0238538e+00   5.0929334e-03  -1.1577140e-02  -7.6242120e-03
   1.9692467e-01  -3.1878228e-01   1.1497159e+00   5.1550606e-03  -1.1872244e-02  -7.6796151e-03
   1.9719559e-01  -2.2768346e-01   9.4552891e-01   5.9970744e-03  -1.1828250e-02  -7.6646249e-03
   1.8931080e-01  -2.8231081e-01   1.1280671e+00   5.2293579e-03  -1.1951478e-02  -7.9223774e-03
   2.0914789e-01  -2.3858745e-01   9.6397236e-01   6.1173373e-03  -1.2205741e-02  -7.9456035e-03
   1.8730211e-01  -2.9689255e-01   1.1445358e+00   5.3751733e-03  -1.2043929e-02  -8.2412030e-03
   2.0837272e-01  -2.7129719e-01   9.9243120e-01   5.5742135e-03  -1.2452156e-02  -8.0472218e-03
   1.8578295e-01  -2.7936876e-01   1.1168439e+00   5.9157156e-03  -1.1881509e-02  -8.0504230e-03
   2.2921489e-01  -2.6403454e-01   9.7418446e-01   5.6317869e-03  -1.2726433e-02  -8.2205530e-03
   2.0260538e-01  -2.2511870e-01   1.0722153e+00   5.7096450e-03  -1.2133757e-02  -8.4186161e-03
   2.3255308e-01  -2.9198746e-01   1.0870542e+00   5.3623399e-03  -1.3142708e-02  -8.3989828e-03
   2.0342880e-01  -2.3599524e-01   1.0665071e+00   6.0597728e-03  -1.2178166e-02  -8.4495898e-03
   2.0943892e-01  -3.1628450e-01   1.0107038e+00   5.2922179e-03  -1.2933397e-02  -8.4204805e-03
   1.9441903e-01  -2.4095134e-01   9.5911171e-01   6.7693978e-03  -1.2454587e-02  -8.5971584e-03
   1.9298058e-01  -3.7642064e-01   1.1341233e+00   5.4488139e-03  -1.2961910e-02  -8.4140824e-03
   2.1498728e-01  -1.8950740e-01   9.4848787e-01   6.4102756e-03  -1.2747358e-02  -8.6629337e-03
   2.1497176e-01  -2.5349518e-01   1.1563244e+00   5.1985126e-03  -1.3149480e-02  -8.5578445e-03
   2.2387200e-01  -2.4093210e-01   9.2736198e-01   7.1055001e-03  -1.3004279e-02  -8.7856828e-03
   2.0215086e-01  -3.5558947e-01   1.1731375e+00   5.0960995e-03  -1.3252698e-02  -8.9510394e-03
   2.2471563e-01  -1.8189558e-01   9.5431965e-01   6.6440129e-03  -1.3096361e-02  -8.7184985e-03
   2.2929652e-01  -2.4081066e-01   1.1620199e+00   5.3344943e-03  -1.3630386e-02  -9.1351414e-03
   2.3607570e-01  -2.4368747e-01   9.5541270e-01   6.5767542e-03  -1.3574871e-02  -9.0027571e-03
   2.2505299e-01  -3.0537139e-01   1.1759414e+00   5.4110864e-03  -1.3760858e-02  -9.1927506e-03
   2.3145251e-01  -2.4843293e-01   9.6544388e-01   6.8208809e-03  -1.3524651e-02  -8.8604002e-03
   3.0586636e-01  -2.6326618e-01   1.2094888e+00   4.9157543e-03  -1.5636247e-02  -8.8893730e-03
   2.9243126e-01  -2.9048944e-01   1.0300877e+00   5.8654253e-03  -1.5527582e-02  -8.4444588e-03
   2.4655687e-01  -2.8318057e-01   1.1494413e+00   4.2877407e-03  -1.4633089e-02  -8.5371608e-03
   2.7035792e-01  -2.6873586e-01   1.0896170e+00   5.2874271e-03  -1.5194122e-02  -8.4849279e-03
   2.4186778e-01  -2.9488319e-01   1.1841840e+00   4.4423932e-03  -1.4757330e-02  -8.5317648e-03
   2.6653553e-01  -2.3132072e-01   1.0529406e+00   5.3852517e-03  -1.5090740e-02  -8.3510853e-03
   2.3951004e-01  -2.5828936e-01   1.1439448e+00   5.0871433e-03  -1.4526249e-02  -8.5344590e-03
   2.6454178e-01  -2.5456442e-01   1.0504746e+00   5.6803749e-03  -1.4985387e-02  -8.5504735e-03
   2.3918942e-01  -3.3423210e-01   1.1232779e+00   5.1041046e-03  -1.4683254e-02  -8.5868901e-03
   2.7067578e-01  -2.7467141e-01   1.1144247e+00   5.3192614e-03  -1.5311568e-02  -8.5657893e-03
   2.5509624e-01  -2.7443950e-01   1.1174948e+00   5.1542910e-03  -1.4903084e-02  -8.7731293e-03
   2.4799095e-01  -2.8359694e-01   1.2007764e+00   4.7734156e-03  -1.4985732e-02  -8.6157996e-03
   2.3268322e-01  -3.2675161e-01   1.0913125e+00   6.5504830e-03  -1.4369691e-02  -8.6038422e-03
   1.8997332e-01  -3.3393517e-01   1.1213569e+00   6.7101874e-03  -1.2954798e-02  -8.0502881e-03
   1.4966692e-01  -4.3725805e-01   1.0774784e+00   1.0631375e-02  -1.0974506e-02  -7.0018887e-03
   1.6909981e-01  -3.5787492e-01   1.0465097e+00   1.1279416e-02  -1.0739685e-02  -6.1571790e-03
   1.5580844e-01  -3.8073153e-01   1.1921280e+00   1.0144154e-02  -1.0551700e-02  -6.4547535e-03
   1.7700816e-01  -2.9304811e-01   1.1298305e+00   8.1152567e-03  -1.1294326e-02  -6.7153629e-03
   1.4866731e-01  -3.9214170e-01   1.2838135e+00   8.3850660e-03  -1.1093010e-02  -6.9481862e-03
   1.3743637e-01  -3.7704911e-01   1.1961717e+00   8.0278386e-03  -1.0325607e-02  -6.3329142e-03
   1.2291720e-01  -4.1597592e-01   1.2581013e+00   1.0209933e-02  -9.6105700e-03  -6.2674800e-03
   1.4705508e-01  -3.1268345e-01   1.1878430e+00   9.4089812e-03  -1.0034078e-02  -5.9454338e-03
   1.3382127e-01  -3.5435143e-01   1.2889931e+00   9.2682390e-03  -9.7507650e-03  -6.1736399e-03
   1.4925551e-01  -3.2605384e-01   1.1435311e+00   8.7699928e-03  -1.0134413e-02  -6.0550790e-03
   1.3303835e-01  -4.2823090e-01   1.3240160e+00   8.7137474e-03  -1.0184437e-02  -6.5867246e-03
   1.3342551e-01  -4.0604896e-01   1.1493803e+00   9.1943540e-03  -9.7847911e-03  -6.1568576e-03
   1.5073477e-01  -3.5436265e-01   1.2700518e+00   7.6069701e-03  -1.0217279e-02  -6.6593369e-03
   1.6263928e-01  -2.6864710e-01   1.1205202e+00   8.4937331e-03  -1.0425671e-02  -6.5595031e-03
   1.6454036e-01  -3.0157990e-01   1.2672088e+00   7.7259276e-03  -1.0669344e-02  -7.1025172e-03
   1.6067171e-01  -2.6520513e-01   1.1809329e+00   7.7653577e-03  -1.0643247e-02  -6.7626657e-03
   1.6922968e-01  -2.9810385e-01   1.2715017e+00   7.1511969e-03  -1.1261937e-02  -7.5948481e-03
   1.4724039e-01  -3.4618986e-01   1.2512837e+00   6.9849668e-03  -1.0896949e-02  -6.9808710e-03
   1.7296453e-01  -2.6184887e-01   1.2922570e+00   5.8190264e-03  -1.1413621e-02  -7.1860351e-03
   1.8818488e-01  -2.5770016e-01   1.2101200e+00   6.4122239e-03  -1.1606777e-02  -7.3624143e-03
   1.8555861e-01  -2.5250325e-01   1.1874007e+00   6.5560700e-03  -1.1841831e-02  -7.5539561e-03
   1.9095824e-01  -3.1505934e-01   1.1597904e+00   6.8718955e-03  -1.2330143e-02  -7.7224271e-03
   1.9152974e-01  -2.3026704e-01   1.2456142e+00   6.1913558e-03  -1.2097291e-02  -7.6548850e-03
   1.8705804e-01  -2.5922348e-01   1.1565103e+00   6.5977160e-03  -1.2072066e-02  -7.5728831e-03
   1.8528270e-01  -2.5191018e-01   1.2820802e+00   5.8703865e-03  -1.2173367e-02  -7.7308582e-03
   2.0077754e-01  -2.9607369e-01   1.1741956e+00   6.5945195e-03  -1.2707908e-02  -7.7716882e-03
   1.9309555e-01  -3.2205674e-01   1.2507132e+00   5.7123663e-03  -1.2954632e-02  -8.1807506e-03
   1.9620096e-01  -2.5577202e-01   1.1518186e+00   6.5827864e-03  -1.2891010e-02  -7.8423614e-03
   2.0269577e-01  -2.9236647e-01   1.2229202e+00   6.2079405e-03  -1.3154886e-02  -8.2300579e-03
   2.0496269e-01  -2.9149305e-01   1.1611595e+00   6.8191529e-03  -1.3277257e-02  -8.1338542e-03
   2.1472507e-01  -2.4795348e-01   1.1823643e+00   6.4236261e-03  -1.3293795e-02  -8.3533327e-03
   2.1865966e-01  -2.9241021e-01   1.2023248e+00   6.5595480e-03  -1.3675567e-02  -8.2637024e-03
   2.0937780e-01  -2.6196001e-01   1.1252802e+00   6.0452419e-03  -1.3395938e-02  -8.2662513e-03
   2.1774474e-01  -2.8952346e-01   1.1460386e+00   6.3141032e-03  -1.3692555e-02  -8.3049791e-03
   2.0342781e-01  -2.8598312e-01   1.1269694e+00   6.3018533e-03  -1.3236102e-02  -8.3903476e-03
   2.1632938e-01  -3.0713827e-01   1.3895080e+00   5.0627971e-03  -1.4401454e-02  -8.4298001e-03
   2.2057224e-01  -2.4188800e-01   1.2587068e+00   5.1151453e-03  -1.4157207e-02  -8.4937996e-03
   2.0540587e-01  -2.5012496e-01   1.2325900e+00   5.3017852e-03  -1.3919852e-02  -8.4917017e-03
   2.1568310e-01  -2.0981334e-01   1.2571572e+00   5.1435736e-03  -1.3885689e-02  -8.6290978e-03
   2.1641186e-01  -2.3865134e-01   1.2565275e+00   5.2244076e-03  -1.4111846e-02  -8.6286268e-03
   2.1028040e-01  -2.6950901e-01   1.2125154e+00   5.5440565e-03  -1.4031951e-02  -8.6793791e-03
   2.2733593e-01  -1.8568691e-01   1.1336639e+00   5.0911547e-03  -1.4348854e-02  -8.7416373e-03
   2.0951813e-01  -2.2771736e-01   1.2788379e+00   5.8147593e-03  -1.3915961e-02  -8.7269118e-03
   2.1670757e-01  -2.3828185e-01   1.2390606e+00   5.4544491e-03  -1.4351053e-02  -8.6480350e-03
   2.1150775e-01  -2.7404741e-01   1.2752746e+00   6.6839944e-03  -1.4074631e-02  -8.7741781e-03
   2.1681498e-01  -2.4298654e-01   1.2017779e+00   5.3479479e-03  -1.4462019e-02  -8.6131261e-03
