   0.0000000e+00  -1.4446846e-14   0.0000000e+00   0.0000000e+00   0.0000000e+00   1.7347235e-18
  -5.4396176e-03  -3.3221829e-02  -1.8987474e-02   2.9833061e-04   4.9974964e-05  -4.7463141e-06
  -9.3607908e-03  -1.0979602e-02  -6.1518265e-02   1.5373014e-05  -2.2996225e-04   8.5260747e-05
  -4.5713477e-03  -4.7191931e-02  -3.2102775e-03  -1.8635521e-05   2.1964769e-05  -3.3667988e-04
  -1.1171666e-02  -1.4962419e-03  -4.0885689e-02   5.0122312e-04  -4.0506627e-04   1.2571361e-05
  -1.4981239e-02  -2.5599583e-02  -1.7248317e-03  -1.7381141e-04  -2.7663124e-04  -4.3270980e-04
  -8.5766347e-03  -2.5418701e-02   1.0738225e-03  -8.6526455e-05  -5.2053103e-04  -4.2272629e-04
  -6.9888971e-03   1.5988647e-02  -4.8413425e-02   1.7402083e-04  -8.9730313e-04  -2.9371408e-04
   2.5136398e-04  -8.6323847e-02  -4.1858490e-02  -1.0553245e-04  -5.9166780e-05  -5.3243885e-04
  -1.2365490e-03   3.3899952e-02  -1.0596466e-01  -4.5949868e-04   1.8014895e-04  -3.0253544e-04
   1.3806512e-02  -6.8850863e-02  -8.7406094e-03  -1.8703949e-04   3.0028383e-04  -4.0702552e-04
   8.9122123e-03  -2.1875324e-03  -5.8840315e-02   7.4882847e-05   1.6440091e-04  -3.8010106e-04
   5.0572488e-03  -7.8188339e-02   1.3764632e-03   8.2470901e-05   3.4059542e-04  -3.7341272e-04
   8.3990099e-03  -4.6540974e-02  -6.5604013e-02   2.9664285e-04   5.9931401e-05   9.0672937e-05
   1.0515152e-02   2.0159232e-02  -7.1019945e-03   2.4514640e-04   3.2335812e-04  -5.7455369e-05
   1.2933652e-02   9.0230784e-03  -3.9619500e-02   4.7061855e-04   2.4939937e-04   1.7373649e-04
   2.2806552e-02  -4.2110848e-02  -9.8020412e-03   3.0171782e-04   4.3860135e-04   5.5229438e-05
   1.8717664e-02  -1.0260008e-01  -1.4562531e-02   3.1955473e-04   1.1098421e-03  -3.0189057e-04
  -2.4448785e-03   5.1018610e-02  -2.1581093e-01  -3.5971884e-04   1.5684843e-03  -7.9950081e-04
   2.3693620e-02  -1.2962170e-02  -2.6387614e-02  -3.5900625e-04   2.8115099e-03  -1.0089911e-03
   2.9172406e-02   6.7315094e-03  -5.3575799e-02   6.0333392e-04   1.6712893e-03  -1.0990777e-04
   2.6882985e-02  -7.5037522e-02  -2.3927494e-02   4.0745671e-04   1.2216700e-03   8.4375141e-05
   1.6726127e-02  -1.2400333e-01  -1.9552291e-03   4.3843046e-04   9.3517101e-04   1.9419762e-04
   1.4410582e-02  -1.8238880e-02  -3.3515837e-02   3.1609791e-04   1.1189970e-03   1.9746032e-04
   2.9432352e-02  -2.2431893e-02   2.7398930e-03   2.1138651e-04   1.8345488e-03  -2.0393117e-04
   1.8033945e-02   3.8773021e-03  -2.3200601e-02   6.4310726e-04   1.7839404e-03  -1.7756565e-05
   2.5003324e-02  -9.0289185e-02   6.0238049e-02   3.6168725e-04   2.0899588e-03  -3.5843164e-04
   2.6714933e-02  -4.0280372e-02  -9.1667633e-04   4.9698095e-04   2.2893550e-03  -2.2512346e-04
   2.9237465e-02  -2.1411393e-02   6.5381310e-02   4.1552840e-04   2.3885207e-03  -3.0251895e-04
   2.7045051e-02  -3.3283882e-02   3.3747133e-02   9.6016756e-04   2.6170312e-03  -2.5470789e-04
   2.3941378e-02  -7.3095622e-03  -1.9169208e-02   5.3532086e-04   2.6858181e-03  -4.1256454e-04
   2.5833016e-02  -8.9082301e-02   5.0526389e-02   4.2899086e-04   3.2031946e-03  -5.3180954e-04
   2.3663700e-02  -4.0740828e-02  -3.1296282e-03   8.0383671e-04   2.9465714e-03  -1.5420492e-04
   2.3141705e-02  -8.6040018e-02   5.3498297e-02   1.0514186e-04   2.7082914e-03  -2.6838002e-04
   1.8315950e-02   4.7954169e-02   2.1619379e-02   4.7866363e-04   2.8289297e-03  -1.8659564e-04
   2.1719971e-02  -4.9781159e-02   5.4463075e-02   3.4514434e-04   2.9769329e-03  -2.7884134e-04
   2.2463751e-02   1.5847125e-02   1.6345122e-02   3.1892524e-04   3.2052659e-03  -3.2790103e-04
   2.7224907e-02  -5.2644170e-02   4.5013640e-02   1.7875279e-04   3.2752694e-03  -3.5912965e-04
   2.9912288e-02  -1.8209650e-02  -1.1771295e-02   7.3705194e-04   3.0660845e-03  -2.2655885e-04
   3.0177155e-02  -2.8715411e-02   5.0536722e-02   7.0169463e-04   3.7243050e-03  -5.5103950e-04
   2.8529834e-02  -2.8700111e-02   3.6749297e-02   8.9904873e-04   3.7028166e-03  -3.3812405e-04
   2.8751991e-02  -1.0128234e-02   7.0078772e-03   7.5171118e-04   3.8860965e-03  -2.6105779e-04
   3.9889893e-02  -7.3971217e-02   4.5897070e-02   4.8761931e-04   3.9920366e-03  -3.3902202e-04
   3.5247253e-02  -8.1509958e-03   8.7982055e-03   1.0563449e-03   3.7517891e-03  -8.7224078e-05
   2.8663677e-02  -4.6292221e-02   8.2813421e-02   4.3538921e-04   3.9820478e-03  -5.2785625e-04
   2.2121580e-02   7.1706461e-02  -1.0131869e-02   1.1459768e-03   4.2070505e-03  -3.6788279e-04
   3.1805546e-02  -7.4360099e-02   6.1749113e-02   7.5018293e-04   4.4431826e-03  -6.0294244e-04
   3.1181037e-02  -8.8192034e-03  -4.5251265e-02   7.3472433e-04   4.4864154e-03  -5.7826360e-04
   2.9174589e-02  -3.8224725e-02  -2.4559993e-03   3.3240306e-04   4.9399824e-03  -8.2549687e-04
   4.6867523e-02  -4.4141048e-02   3.4619848e-02   6.3733656e-04   5.1995711e-03  -7.6685484e-04
   3.8647258e-02  -2.7686000e-02   7.1636885e-03   8.5001694e-04   5.0449800e-03  -6.6662994e-04
   5.0172966e-02  -8.4490917e-02   6.4404238e-02   7.5727935e-04   5.0739517e-03  -6.3206332e-04
   4.1748686e-02   1.0938418e-02   1.8522626e-02   1.1725934e-03   4.8452865e-03  -3.3423661e-04
   4.2680782e-02  -3.9143781e-02   6.1440297e-02   9.6986999e-04   4.7659170e-03  -5.1215440e-04
   3.8774524e-02  -1.9312478e-02  -9.2858340e-03   1.2221804e-03   4.7138452e-03  -4.7175685e-04
   3.3471646e-02  -6.4449742e-02   4.4002480e-02   1.2742929e-03   4.5808350e-03  -6.5586898e-04
   2.2018313e-02  -5.4001678e-02  -2.3876954e-03   7.9705125e-04   4.7875868e-03  -9.2506632e-04
   2.9207027e-02  -2.2767656e-02   3.4554179e-02   9.2801985e-04   4.9774065e-03  -1.0843560e-03
   3.6621236e-02  -3.3175807e-02   5.3785108e-02   1.2329885e-03   4.4586451e-03  -8.0569862e-04
   3.8493072e-02   2.0618201e-02   1.2216211e-02   1.4051268e-03   4.2861315e-03  -6.7539650e-04
   4.4585068e-02  -7.3296600e-02   7.6756955e-02   1.0023308e-03   4.5166042e-03  -6.5117471e-04
   4.2632601e-02   2.1094136e-02   9.0975635e-03   1.4535042e-03   4.4272353e-03  -3.6143491e-04
   4.5822098e-02  -1.0438350e-01   5.7792091e-02   8.8658793e-04   4.7896855e-03  -5.9509693e-04
   4.0717412e-02  -3.8139279e-02   3.2651971e-02   1.1341847e-03   4.6969420e-03  -4.6294132e-04
   5.0475685e-02  -1.4958975e-02   4.8814164e-02   4.8804779e-04   5.3196578e-03  -6.8196571e-04
   5.2350548e-02  -3.1283197e-02   4.4151242e-02   8.1509104e-04   5.3512773e-03  -7.5443924e-04
   4.6378677e-02   9.8684535e-04   7.3502581e-03   5.3345920e-04   4.7175224e-03  -6.4028246e-04
   5.2924498e-02  -7.5000297e-03   4.7446265e-02   5.9677736e-04   5.2157847e-03  -8.0314142e-04
   5.6082937e-02   2.4781017e-02  -4.0183344e-02   5.5555459e-04   5.3728110e-03  -7.9594199e-04
   6.1855504e-02  -4.9052368e-02   6.2823237e-02   5.1818076e-04   5.0428177e-03  -7.6994734e-04
   6.4018664e-02  -2.3230529e-02   3.5864453e-02   9.0848946e-04   5.0152161e-03  -5.1325717e-04
   6.1587742e-02  -4.3609572e-02   5.3244879e-02   6.0635208e-04   5.1451878e-03  -6.8194047e-04
   5.9923778e-02  -6.9574317e-03   1.1904481e-02   5.3013354e-04   4.9759971e-03  -4.5962146e-04
   6.3349482e-02   1.3645860e-02   2.7620548e-02   4.3057214e-04   5.0260238e-03  -6.2900007e-04
   6.5361777e-02   3.1767375e-03   1.1574977e-02   6.4727008e-04   5.1040926e-03  -4.7616215e-04
   6.4935717e-02  -9.9804593e-03   2.2925697e-02   2.2236750e-04   5.1028898e-03  -6.5492982e-04
   7.2680098e-02  -1.6687428e-02   1.8121934e-02   3.8680576e-04   5.3221704e-03  -7.0135149e-04
   6.8176549e-02   1.2505919e-02  -1.0531917e-02   3.9977251e-04   5.0510050e-03  -6.7351457e-04
   8.2492287e-02  -7.2076851e-02   4.0083340e-02   1.3995292e-04   5.3768782e-03  -6.8667311e-04
   7.3445196e-02   3.8274744e-02  -2.8610431e-02   1.1202395e-03   5.0221900e-03  -3.1698909e-04
   8.0971927e-02  -4.4813058e-02   3.7019947e-02   2.4270846e-04   5.2146433e-03  -5.9703310e-04
   7.4637157e-02   6.7589943e-02  -3.9742241e-02   8.0502165e-04   5.3267411e-03  -3.4725008e-04
   7.1726388e-02  -3.3778437e-02   1.8200599e-02   6.4139832e-05   5.4703620e-03  -5.3257829e-04
   7.9457350e-02   3.4260544e-02  -3.5052360e-02   5.6134077e-04   5.0750242e-03  -2.9435336e-04
   7.7735999e-02  -1.0440745e-02  -2.3367879e-02   5.1014183e-04   5.0289551e-03  -4.7327560e-04
   7.2969345e-02  -3.5685653e-02  -2.6196467e-03   5.9052730e-04   4.5523518e-03  -1.8215906e-04
   7.1754252e-02   3.3011200e-03   1.6988197e-02   5.6003019e-04   4.3577324e-03  -3.1170952e-04
   6.2076180e-02   2.1470655e-03   3.2702975e-02   6.5437997e-04   4.1760050e-03  -2.8284236e-04
   5.5039320e-02   1.7144856e-02   2.4289988e-02   1.0367158e-03   3.8906758e-03  -3.4634447e-04
   5.4409698e-02   8.1725741e-04  -6.2775800e-03   6.7273754e-04   3.6804217e-03  -2.1779238e-04
   4.6253309e-02   2.2825044e-02  -9.3156407e-02   7.6728836e-04   3.6304717e-03  -2.4189444e-04
   5.2776608e-02  -2.6668862e-02  -4.4318216e-02   5.1561630e-04   4.1719942e-03  -4.9797560e-04
   4.5934442e-02   3.0500991e-02  -8.8660042e-02   9.7302764e-04   3.9826745e-03  -4.6461295e-04
   6.5812874e-02  -3.5147389e-02   3.4685518e-03   4.7019089e-04   3.9214480e-03  -4.1531715e-04
   5.6903160e-02   5.4797132e-02  -6.4072675e-02   1.0892665e-03   3.9070531e-03  -7.9640834e-05
   6.3815006e-02  -5.2992907e-02  -1.1408969e-02   5.2342793e-04   3.9564137e-03  -1.5170700e-04
   5.3289362e-02   2.6049806e-02  -8.6797504e-02   1.1190052e-03   3.6739916e-03  -2.1554296e-05
   6.1500003e-02   1.9277782e-03  -7.7891371e-03   6.5988122e-04   4.0564296e-03  -3.2313910e-04
   6.7029393e-02   6.7603068e-02  -4.6270856e-02   9.3875304e-04   3.9502024e-03   5.7389081e-05
   7.7995279e-02   4.2005016e-03  -1.3269345e-02   2.0118323e-04   4.4046253e-03  -2.0395871e-04
   8.5582806e-02   5.5407119e-03  -5.8907076e-02   4.5633079e-05   4.2094212e-03  -1.6472040e-04
   7.4591556e-02   6.0842629e-02  -5.6266050e-02   3.0512446e-04   4.0915960e-03  -2.7119213e-04
   6.8858732e-02  -6.2898619e-02  -1.9251240e-02   5.3703743e-04   3.8968691e-03  -2.1796327e-04
   6.6035500e-02   1.1462397e-02  -5.3840406e-02   3.3899606e-04   3.5395617e-03  -7.8041720e-05
   7.2211153e-02  -6.3121018e-02  -3.8871864e-02   7.7726433e-06   3.9942381e-03  -2.8403286e-04
   7.4556379e-02   2.7470113e-02  -7.1475893e-02   3.8530884e-04   3.7095688e-03  -2.0467261e-05
   7.7078916e-02  -5.7016274e-02  -2.5527267e-02   1.7871659e-04   3.9366849e-03  -2.4110244e-04
   7.5540270e-02   1.9772068e-02  -3.8715774e-02  -2.2028279e-04   3.5701277e-03  -1.1101315e-04
   7.2857800e-02   2.1006159e-02  -9.1552959e-03   3.1040233e-05   3.7233603e-03  -2.8420161e-04
   7.3778988e-02   3.5719072e-02  -6.3452639e-02   5.3187484e-04   3.4635033e-03   3.1967124e-05
   6.6209808e-02   1.1111377e-02  -3.9254759e-02  -1.5024247e-04   3.7197365e-03  -3.7195076e-04
   6.5766837e-02  -6.4845460e-03  -5.2028461e-02   4.8406088e-05   3.5844650e-03  -2.9221714e-04
   6.9247281e-02   1.2818931e-02  -2.9299545e-02   1.8067189e-04   3.5810718e-03  -3.1702435e-04
   7.2297691e-02   5.3550654e-03  -4.0971098e-02   4.2655788e-05   3.5951262e-03   1.1659877e-04
   7.0523394e-02   1.6367556e-02  -4.3903543e-02  -4.0453135e-04   3.5017596e-03  -1.4965905e-04
   7.7240891e-02   1.1313571e-02  -5.8712798e-02  -8.9179290e-04   3.3812089e-03  -2.6153475e-04
   7.3219707e-02   9.9747974e-02  -2.3678241e-01  -1.3030479e-03   4.0594379e-03  -7.4900347e-04
   7.2992507e-02  -1.3196099e-01  -3.3210066e-02  -1.6358312e-03   4.2073353e-03  -1.1991468e-03
   8.2624322e-02   4.8031773e-03  -7.0995853e-02  -1.3005386e-03   3.9801470e-03  -1.3464436e-03
   8.7546365e-02   1.1738138e-01  -2.7525686e-01  -1.8668038e-03   4.2002535e-03  -1.7234597e-03
   8.4431039e-02   9.8460968e-02  -3.4585913e-01  -1.7639243e-03   4.3551807e-03  -1.4821620e-03
   8.6926524e-02   4.9410263e-03  -2.8537846e-01  -2.7338447e-03   4.6583692e-03  -1.9102345e-03
   8.3606185e-02   5.6790569e-02  -2.9219043e-01  -2.7965212e-03   4.5388010e-03  -1.7629879e-03
   8.7386944e-02   8.8713808e-02  -3.5542259e-01  -2.5342901e-03   4.8925137e-03  -1.8218411e-03
   9.7066754e-02   2.3531094e-02  -3.3517463e-01  -3.0517148e-03   4.9627261e-03  -1.8635725e-03
   1.0451644e-01   2.8995913e-03  -2.3265433e-01  -2.8647635e-03   4.7345456e-03  -1.8099600e-03
   1.0712039e-01   1.0461284e-01  -3.0595450e-01  -2.4919358e-03   4.6076689e-03  -1.4958981e-03
   9.8820578e-02  -7.6291760e-04  -2.6045309e-01  -2.7573393e-03   3.9375505e-03  -1.5888579e-03
   8.6498706e-02   1.3729293e-01  -3.6712138e-01  -2.9385439e-03   4.1936831e-03  -1.7007936e-03
   6.7489079e-02   1.1549364e-01  -4.2943497e-01  -3.6887102e-03   5.1756179e-03  -2.3544375e-03
   6.5801930e-02   2.1848654e-02  -2.6513786e-01  -3.6007002e-03   4.2939205e-03  -2.6499342e-03
   7.4484117e-02   1.2856289e-01  -3.7834318e-01  -2.8703826e-03   4.0028972e-03  -2.0662929e-03
   7.0707615e-02   3.5637764e-02  -3.2116424e-01  -3.2018366e-03   4.2733176e-03  -2.2012732e-03
   8.3348584e-02   1.0690015e-01  -3.6437906e-01  -3.1776327e-03   4.0990881e-03  -2.0002169e-03
   8.3231732e-02   9.5860319e-02  -3.5033558e-01  -3.4778714e-03   3.9832507e-03  -2.1119134e-03
   8.3399467e-02   3.3419922e-02  -3.5955369e-01  -3.5341889e-03   4.0692499e-03  -2.1565130e-03
   8.0065205e-02   9.2818489e-02  -3.8233702e-01  -3.3217125e-03   4.1847905e-03  -2.0316127e-03
   8.3554420e-02   3.4429562e-02  -3.3494729e-01  -3.5527387e-03   4.1731659e-03  -2.2087023e-03
   8.8358359e-02   8.0300368e-02  -4.0440320e-01  -2.8416904e-03   4.1538850e-03  -1.9884716e-03
   8.5426087e-02  -1.8567355e-02  -3.2600826e-01  -3.7003984e-03   4.7246924e-03  -2.1503521e-03
   9.2821238e-02   1.1110350e-01  -4.2971520e-01  -3.0498615e-03   4.8075560e-03  -1.9666855e-03
   9.6710005e-02   5.9743727e-02  -3.7472225e-01  -3.8101288e-03   4.7445077e-03  -2.1445151e-03
   1.0057589e-01   1.4063520e-01  -4.1551255e-01  -3.2551331e-03   4.4614677e-03  -1.8725189e-03
   9.6388511e-02   7.2382597e-02  -3.6026947e-01  -3.7864496e-03   4.1412202e-03  -1.8690403e-03
   8.6410693e-02   5.1380313e-02  -3.9941588e-01  -3.4610863e-03   3.6442826e-03  -1.9773048e-03
   7.9583102e-02   5.9817553e-02  -3.6766724e-01  -3.4630219e-03   3.6270675e-03  -2.0080131e-03
   8.4441403e-02   1.1236585e-01  -3.9754366e-01  -3.0962488e-03   3.5970317e-03  -1.8063707e-03
   8.8590230e-02   7.0745476e-02  -4.2678568e-01  -3.0623880e-03   3.5977846e-03  -1.7415306e-03
   8.8674268e-02   6.4277114e-02  -3.5928593e-01  -3.0878131e-03   3.2416160e-03  -1.7379059e-03
   8.2863835e-02   1.0807389e-01  -4.0086175e-01  -2.3060221e-03   3.2684107e-03  -1.4609801e-03
   7.8293320e-02   6.4404317e-02  -3.7318144e-01  -2.9793318e-03   2.9704333e-03  -1.7407614e-03
   8.0073820e-02   1.4952163e-01  -3.9340253e-01  -2.7602152e-03   2.8594549e-03  -1.6635819e-03
   8.6909037e-02   6.4843757e-02  -3.4727426e-01  -3.2058633e-03   3.0204612e-03  -1.8133662e-03
   8.7251123e-02   1.3346351e-01  -3.9449043e-01  -2.6410453e-03   2.6637834e-03  -1.4520320e-03
   8.5947064e-02   1.1704310e-01  -3.7543612e-01  -2.7286761e-03   2.5605064e-03  -1.6718105e-03
   9.1654468e-02   9.5913816e-02  -3.6729604e-01  -2.6051090e-03   2.3196648e-03  -1.5097995e-03
   8.3354681e-02   1.2867208e-01  -4.1500095e-01  -2.3940361e-03   2.5128743e-03  -1.4059102e-03
   8.5388003e-02   2.7044571e-02  -3.7180120e-01  -2.4200520e-03   2.1765694e-03  -1.5862469e-03
   7.9362339e-02   1.7620757e-01  -4.5964533e-01  -2.3624347e-03   2.2981511e-03  -1.7233136e-03
   8.0867314e-02   5.2818882e-02  -3.4310303e-01  -2.9852607e-03   2.1948178e-03  -1.8122420e-03
   8.3105729e-02  -3.0070430e-05  -3.1237654e-01  -2.4362183e-03   2.2571306e-03  -1.7028583e-03
   7.6911169e-02   1.6763957e-01  -4.0236836e-01  -1.5006748e-03   2.0574135e-03  -1.4746444e-03
   7.7594671e-02   1.2911118e-01  -3.5939179e-01  -1.4928002e-03   1.5581798e-03  -1.4311216e-03
   7.9848424e-02   1.4109648e-01  -3.4468662e-01  -1.2756353e-03   1.4456876e-03  -1.3682410e-03
   7.5351946e-02   1.5207885e-01  -3.8932152e-01  -1.0635506e-03   1.3007465e-03  -1.2494018e-03
   7.4808092e-02   7.1993727e-02  -3.4612802e-01  -1.4887417e-03   1.5419647e-03  -1.5663798e-03
   8.5739667e-02   7.1592391e-02  -3.3502382e-01  -1.5583622e-03   1.6731517e-03  -1.2211918e-03
   9.0273415e-02   5.6964381e-02  -3.0772314e-01  -1.5036388e-03   1.7119096e-03  -1.2172523e-03
   8.7919664e-02   9.2004033e-02  -3.3743055e-01  -1.3966068e-03   1.5683745e-03  -9.8432959e-04
   8.8414924e-02   3.0019476e-02  -3.2161597e-01  -1.3585800e-03   1.4087813e-03  -1.1492758e-03
   8.9062270e-02   6.7089928e-02  -3.5037152e-01  -1.1676451e-03   1.1466305e-03  -1.0591411e-03
   8.4886976e-02   7.6194687e-02  -3.2433179e-01  -1.1376389e-03   1.4582892e-03  -1.1753213e-03
   9.2360740e-02   1.2496216e-01  -3.1110578e-01  -1.1109070e-03   1.2241187e-03  -1.2106412e-03
   8.7667912e-02   9.0860335e-02  -2.8896987e-01  -1.5576768e-03   1.3676598e-03  -1.2856995e-03
   9.2935221e-02   4.8272019e-03  -2.9743965e-01  -1.1209368e-03   1.0742678e-03  -1.2241979e-03
   9.2431401e-02   1.0839767e-01  -3.0403267e-01  -1.3922992e-03   1.2834651e-03  -1.0766888e-03
   1.0724030e-01   4.3380552e-02  -2.8297610e-01  -1.4402690e-03   1.4119265e-03  -1.0463853e-03
   1.0685883e-01   1.3396459e-01  -3.3536321e-01  -9.8736131e-04   1.4441592e-03  -7.5262606e-04
   1.1351482e-01  -3.0892831e-03  -3.0045257e-01  -1.0344523e-03   1.5187920e-03  -8.7144050e-04
   1.1275952e-01   1.0737882e-01  -3.4536153e-01  -1.4338040e-03   1.7329738e-03  -7.4135503e-04
   1.1295633e-01   3.5563719e-02  -3.0155673e-01  -1.6235098e-03   1.6893856e-03  -8.9207068e-04
   1.0759388e-01  -2.2730809e-02  -2.3448176e-01  -9.1411566e-04   1.6172462e-03  -7.9857449e-04
   1.0087324e-01   2.3238042e-01  -3.0093563e-01  -2.8626622e-04   1.3891888e-03  -8.7708365e-04
   1.0232305e-01   1.3360351e-01  -2.8344847e-01  -5.8136256e-04   1.3282337e-03  -7.8561807e-04
   1.0771238e-01   5.3181711e-02  -2.7247051e-01  -6.8650434e-04   1.3078933e-03  -7.7179733e-04
   1.1214797e-01   1.0010495e-01  -2.8934810e-01  -5.1823972e-04   1.3990285e-03  -7.1300318e-04
   1.1971991e-01   5.3594215e-02  -2.6600022e-01  -7.4305811e-04   1.8510662e-03  -8.9377628e-04
   1.2416603e-01   1.4334621e-01  -2.6863511e-01  -1.3138662e-03   1.9058278e-03  -8.4550315e-04
   1.3335767e-01   1.1017033e-01  -3.0215035e-01  -8.5853762e-04   1.8308820e-03  -6.2438711e-04
   1.3026985e-01  -2.0349525e-02  -2.3346506e-01  -1.2889450e-03   1.7900494e-03  -7.3518878e-04
   1.3099407e-01   1.1675209e-01  -2.7819270e-01  -8.2770595e-04   1.2895055e-03  -6.4125754e-04
   1.2764774e-01   6.5845801e-02  -2.5761017e-01  -1.1043974e-03   1.3907759e-03  -7.5865827e-04
   1.3633698e-01   4.6909619e-02  -2.9423063e-01  -7.5778159e-04   8.2225388e-04  -4.5242400e-04
   1.3231018e-01   1.1378660e-01  -2.8881314e-01  -9.7793346e-04   7.9978223e-04   1.0050663e-05
   1.2156822e-01   4.0541368e-02  -2.8568259e-01  -4.8878696e-04   9.8201896e-04  -2.5232579e-04
   1.3359039e-01   7.3101438e-02  -2.9205942e-01  -9.2893594e-04   9.6659452e-04  -1.4867976e-04
   1.3386825e-01   9.6581716e-02  -3.0073250e-01  -7.8266954e-04   1.1266640e-03  -6.2276387e-04
   1.3650194e-01   1.1653391e-01  -3.9781671e-01  -1.2917485e-03   1.7713529e-03  -5.8581385e-04
   1.4905089e-01   6.8965857e-02  -3.1039273e-01  -1.2914450e-03   1.1754046e-03  -3.5534648e-04
   1.4453754e-01   8.0846911e-02  -3.2413929e-01  -1.5520888e-03   1.4246461e-03  -2.1060805e-04
   1.4170004e-01   2.6020241e-02  -3.3364562e-01  -1.4213727e-03   1.1936960e-03  -5.7816251e-04
   1.3340550e-01   1.3065783e-01  -4.2614636e-01  -1.3703219e-03   1.4982948e-03  -5.0138000e-04
   1.3456859e-01   6.8454551e-02  -3.3972821e-01  -1.4551316e-03   1.1690978e-03  -6.3013765e-04
   1.3397489e-01   1.0197414e-01  -4.4830130e-01  -2.0236774e-03   1.3669294e-03  -7.6757109e-04
   1.3335157e-01   4.1908990e-02  -3.1137770e-01  -1.5742604e-03   1.1138568e-03  -7.9771311e-04
   1.3701158e-01   1.3366654e-01  -3.9396338e-01  -8.7522297e-04   1.2491087e-03  -4.2396805e-04
   1.3659991e-01   1.0416068e-01  -3.2778657e-01  -9.4609686e-04   9.7319990e-04  -3.9122989e-04
   1.3360375e-01   6.8205720e-02  -3.4916174e-01  -5.0521826e-04   6.2756634e-04  -3.5591288e-04
   1.3041833e-01   1.0331358e-01  -3.0543624e-01  -7.3023035e-04   7.1955754e-04  -4.0566548e-04
