   1.4023602e-14   0.0000000e+00   0.0000000e+00   0.0000000e+00   0.0000000e+00   0.0000000e+00
  -9.3825025e-05  -2.8522645e-02  -5.4094848e-02   7.2188872e-04  -2.8488617e-04   2.6776120e-04
  -3.1303702e-03   8.1704285e-02  -1.0579541e-01   8.0810548e-04  -3.4091414e-04   3.9732580e-04
   7.0105619e-03   6.6374908e-02  -9.7831462e-02   7.9081960e-04  -2.0407631e-04   4.3378813e-05
   1.2219014e-02   8.8859211e-02  -1.0096892e-01   5.3004076e-04  -2.8283666e-04  -2.8557667e-05
   9.9892558e-03   4.4348869e-02  -7.3145797e-02   1.1294428e-03  -1.7947371e-04   1.1487529e-04
   1.7450434e-02  -2.1070890e-02  -7.1430844e-02   5.7897693e-04  -2.2626688e-04   1.3528101e-04
   1.4730311e-02   3.0451205e-02  -6.4704573e-02   1.0084994e-03  -1.1340747e-04   2.2388274e-04
   2.4800548e-02  -2.0308180e-02  -5.5800937e-02   5.3852791e-04  -2.3826771e-04   1.6913479e-04
   2.9169178e-02  -1.5195043e-02  -6.1397411e-02   3.0939990e-04  -3.8895155e-04   1.1063873e-04
   2.5180533e-02   6.3298671e-03  -4.7136636e-02   4.1582972e-04  -4.5407455e-04   1.7613265e-04
   1.7771832e-02  -3.1379495e-02  -3.8261479e-02   6.1505871e-04  -1.9705408e-04   1.8970080e-04
   1.4644530e-02   8.6264458e-03  -6.9586641e-02   1.3409861e-03  -2.3423906e-04   2.7016053e-04
   2.3092322e-02   2.4035946e-02  -3.6400962e-02   8.2291135e-04  -1.1767368e-04   1.4631475e-04
   2.8558317e-02   1.8369191e-02  -7.1119261e-02   8.6414932e-04  -2.6061646e-04   1.1344393e-04
   2.2600021e-02  -3.1533944e-02  -4.8001543e-02   8.8425384e-04  -1.4501949e-04   7.3452417e-05
   7.0725892e-03  -4.3888932e-02  -9.5697943e-02   1.3182038e-03  -4.1519945e-04   1.3508293e-04
   7.3591419e-04   1.6803358e-02  -5.8197049e-02   1.0864526e-03  -1.6821154e-04   5.9581348e-05
   5.5810283e-03   2.2042250e-02  -1.0376997e-01   4.1063955e-04  -3.1789067e-04  -1.1212602e-04
   3.2825147e-03   1.0273493e-02  -7.8027686e-02   6.9440245e-04  -2.9859564e-05  -1.0318588e-04
  -2.4532565e-03   1.4830538e-02  -1.0736194e-01   3.0925334e-04   1.5690950e-05   1.9708761e-05
   2.8482182e-03   4.4009243e-02  -1.0195868e-01   1.5872160e-03   3.4528308e-04   2.0101115e-04
   5.1467864e-03   3.0359115e-02  -1.0833736e-01   1.7678299e-03   3.0197752e-04   2.8433074e-04
   1.8102621e-03  -4.1316674e-02   1.6273675e-01   2.3800333e-03  -1.2296155e-04   6.6242256e-04
  -3.2123279e-02  -1.5033934e-01   2.9250322e-01   4.7102838e-03  -7.4670897e-04   1.3582521e-03
  -3.8721958e-02   2.5185519e-02   2.1048865e-01   4.2528250e-03  -1.1784814e-03   5.3225900e-04
  -4.9121814e-02   1.0006966e-01   1.5045911e-01   5.2921558e-03  -9.3685407e-04   4.8775648e-04
  -5.1298093e-02   1.8364792e-02   1.3282110e-01   4.7300926e-03  -6.0892677e-04   5.6440262e-04
  -4.4798968e-02  -1.3836444e-02   9.1273592e-02   5.1519185e-03  -9.0050206e-04   4.5789310e-04
  -4.7835153e-02   1.2592419e-02   1.3544528e-01   4.8588465e-03  -8.0032391e-04   4.5631514e-04
  -5.2674480e-02  -7.7007485e-02   1.6461997e-01   5.2641304e-03  -8.3742532e-04   5.6519643e-04
  -4.3308317e-02  -7.6220296e-02   2.0320824e-01   5.2077486e-03  -8.4859286e-04   6.6907966e-04
  -4.7366777e-02  -2.8453302e-02   1.8524937e-01   5.8934677e-03  -8.8247180e-04   8.2943748e-04
  -4.4875465e-02  -6.9754553e-02   1.9022317e-01   5.2455334e-03  -5.6928270e-04   8.7871874e-04
  -4.5053694e-02  -8.1727153e-02   1.5767062e-01   5.3145185e-03  -8.4987983e-04   7.6327217e-04
  -4.7300345e-02  -8.7737271e-02   1.8168293e-01   4.7625433e-03  -6.8781650e-04   6.9757762e-04
  -3.9073204e-02  -1.1979160e-01   1.7349108e-01   4.9919121e-03  -1.0708082e-03   5.7934802e-04
  -3.7259797e-02  -6.2786257e-02   1.2323120e-01   5.6399040e-03  -1.2810588e-03   1.1997179e-03
  -4.4311927e-02   6.4701486e-03   7.4786607e-02   6.8008667e-03  -1.2021025e-03   1.5906152e-03
  -3.5101193e-02  -3.5526143e-02   1.3616221e-01   5.7049460e-03  -9.8434232e-04   1.3531567e-03
  -4.4906439e-02   3.8237079e-02   4.3781534e-02   6.4332416e-03  -1.1520841e-03   1.6685170e-03
  -4.1451203e-02   3.1793411e-02   8.5098805e-02   5.3145486e-03  -7.1144886e-04   1.2708453e-03
  -3.3343690e-02  -3.0701936e-03   2.8066038e-02   5.6779866e-03  -9.9495076e-04   1.3779360e-03
  -3.7353724e-02   3.5964678e-02   5.8880275e-02   5.0939288e-03  -8.6668312e-04   1.2497331e-03
  -3.8124425e-02   3.1476782e-02   6.7178126e-03   5.5183874e-03  -1.0627097e-03   1.3337681e-03
  -3.6198192e-02   3.8592061e-02   4.3989377e-02   5.2208133e-03  -9.6372182e-04   1.2988687e-03
  -3.0239048e-02   2.8299836e-02   4.7109644e-02   5.8628555e-03  -1.0054985e-03   1.1874865e-03
  -3.9094514e-02   5.2520932e-02   5.6335530e-02   5.7518158e-03  -1.0577569e-03   1.2423037e-03
  -4.1469219e-02   2.7547254e-02   2.5229438e-02   5.5020064e-03  -9.4815749e-04   1.4148436e-03
  -4.3513262e-02   3.1191885e-02   6.1163534e-02   5.8549564e-03  -1.0719409e-03   1.3804829e-03
  -4.2635089e-02  -6.6802211e-04   4.7406695e-02   6.0858649e-03  -1.1038302e-03   1.4244960e-03
  -3.1529894e-02   3.1940114e-02   5.9645668e-02   6.0695568e-03  -1.1578011e-03   1.3362056e-03
  -2.4595951e-02  -8.8413113e-03   6.6542331e-02   5.9463686e-03  -1.1191728e-03   1.2963026e-03
  -3.0324111e-02  -8.8627414e-03   7.3865254e-02   6.1221112e-03  -1.1917923e-03   1.4869462e-03
  -3.7514112e-02   6.7080536e-02   4.8591543e-02   6.0932266e-03  -1.0859571e-03   1.3731137e-03
  -4.3324293e-02   1.8361966e-02   7.6553536e-02   6.2331163e-03  -1.0418373e-03   1.5671939e-03
  -3.7638515e-02   3.4436078e-02   4.5080366e-02   6.0152150e-03  -9.2710691e-04   1.4913181e-03
  -2.3429665e-02  -2.7699790e-02   7.3901572e-02   7.2621490e-03  -1.0989730e-03   1.6289453e-03
  -2.0003807e-02  -1.9459870e-02   6.7269391e-02   6.6641000e-03  -1.2778909e-03   1.4313262e-03
  -2.6316853e-02   2.3468589e-02   8.7847381e-02   7.3518633e-03  -1.0087306e-03   1.4958238e-03
  -2.3405847e-02  -2.3898881e-02   8.1600480e-02   6.4730782e-03  -9.6962875e-04   1.5987748e-03
  -2.9939695e-02   4.4565262e-02   8.5211644e-02   6.9686586e-03  -8.7643460e-04   1.6954017e-03
  -2.6925130e-02  -4.2204488e-03   7.2988437e-02   6.5333589e-03  -7.5331491e-04   1.7933163e-03
  -3.0627521e-02   1.6104036e-02   1.0196073e-01   6.7858711e-03  -8.3507298e-04   1.7019992e-03
  -3.3939686e-02   2.5661408e-02   8.8703356e-02   6.3343094e-03  -8.4182931e-04   1.5438262e-03
  -4.1540193e-02   5.8477952e-02   7.1662456e-02   6.6969666e-03  -8.1347078e-04   1.4986205e-03
  -3.2116191e-02  -2.8153459e-02   9.7979219e-02   6.0917655e-03  -9.6086504e-04   1.4328056e-03
  -3.9067056e-02   2.0145851e-02   8.6481904e-02   6.3805442e-03  -9.4519402e-04   1.4373467e-03
  -4.0606126e-02  -1.2116593e-02   9.5381076e-02   6.7701086e-03  -7.9896230e-04   1.5925122e-03
  -4.5201665e-02   1.2189446e-02   6.6034528e-02   6.2172724e-03  -8.4831908e-04   1.6217037e-03
  -4.3949237e-02   1.9402359e-02   8.3624913e-02   7.1103790e-03  -8.5634652e-04   1.6647309e-03
  -4.1017672e-02   4.2838893e-02   6.1125494e-02   6.3868286e-03  -7.8832961e-04   1.5877033e-03
  -3.9005348e-02   2.4744281e-02   5.3454061e-02   7.0197013e-03  -8.7678752e-04   1.6872347e-03
  -3.4277188e-02  -1.0931743e-02   7.0233374e-02   6.8831466e-03  -9.0112769e-04   1.6506703e-03
  -3.1040157e-02   4.3756972e-02   5.0324665e-02   6.9032112e-03  -7.6223988e-04   1.6227546e-03
  -2.5848980e-02   2.7778695e-02   7.4644877e-02   7.3983987e-03  -9.2461159e-04   1.5461623e-03
  -2.4393259e-02   4.9570937e-02   7.1072505e-02   7.2331203e-03  -1.1373991e-03   1.5473964e-03
  -3.2774896e-02   1.5272365e-02   1.0137538e-01   7.9321055e-03  -1.0560348e-03   1.5367281e-03
  -3.3963078e-02   4.0616274e-02   9.1895784e-02   7.3733084e-03  -1.0724705e-03   1.5857647e-03
  -3.0551795e-02   7.7421362e-02   8.1614945e-02   7.8565709e-03  -1.0769120e-03   1.5760559e-03
  -3.0295510e-02  -2.7977253e-02   1.1436207e-01   7.9048722e-03  -1.1430008e-03   1.6676225e-03
  -2.4074575e-02   6.2633327e-02   1.0311517e-01   7.8055663e-03  -1.1611532e-03   1.4693599e-03
  -2.2907893e-02   2.7301440e-02   1.2739780e-01   8.1340674e-03  -1.0663090e-03   1.7438196e-03
  -1.6346086e-02  -5.1667433e-03   9.5707508e-02   7.7841051e-03  -9.8054614e-04   1.7106508e-03
  -2.0052310e-02  -1.3190952e-02   1.1038925e-01   8.5411329e-03  -1.0755815e-03   1.8810692e-03
  -1.8649072e-02  -3.3172543e-03   8.0817173e-02   7.9202276e-03  -1.0180904e-03   1.7951657e-03
  -2.2742469e-02   3.8135241e-02   8.1834179e-02   8.4291870e-03  -9.3990044e-04   1.8788482e-03
  -1.9298163e-02   2.9930154e-02   7.2450035e-02   7.6388871e-03  -8.6378344e-04   1.7492472e-03
  -1.2755534e-02   1.2085269e-02   6.0324160e-02   8.1584987e-03  -9.2110610e-04   1.6708115e-03
  -9.7695942e-03   5.1494329e-03   7.0855966e-02   7.7762107e-03  -1.0509452e-03   1.6092101e-03
  -1.6825013e-02  -2.3674920e-02   6.2978487e-02   8.1091178e-03  -9.8578722e-04   1.6457004e-03
  -1.8466774e-02  -2.9161638e-02   6.6199788e-02   7.6759628e-03  -1.0306508e-03   1.7457813e-03
  -2.4779884e-02   3.1474220e-02   4.4322666e-02   7.6947139e-03  -7.8774351e-04   1.6877654e-03
  -1.8259433e-02   4.3003357e-02   5.1882176e-02   7.4813896e-03  -8.7871273e-04   1.7324024e-03
  -1.1334583e-02  -2.1948502e-02   3.7752785e-02   7.7143319e-03  -7.2574692e-04   1.6397182e-03
  -3.9067136e-03  -5.2554646e-02   5.5413462e-02   7.6436156e-03  -7.5743798e-04   1.7224899e-03
  -9.9595987e-03  -1.4892194e-03   5.3178609e-02   7.4088965e-03  -6.9274877e-04   1.7998965e-03
  -9.4849955e-03   3.2345279e-02   6.6669065e-02   6.5056184e-03  -8.0693956e-04   2.0264206e-03
  -1.4076332e-02   3.5112257e-02   1.7013745e-02   7.0607196e-03  -6.7997360e-04   1.9625461e-03
  -1.5799954e-02  -5.8047593e-02   4.0792705e-02   7.6176410e-03  -6.7967172e-04   1.8932691e-03
  -1.3860305e-02   4.2288526e-02   2.3998238e-02   7.1504260e-03  -7.7423953e-04   1.6451882e-03
  -1.2188876e-02  -3.4560644e-03   3.4776823e-02   8.0386854e-03  -7.3067996e-04   1.6749732e-03
  -4.4576473e-03  -2.6560685e-02   4.1889715e-02   7.8369686e-03  -7.6129158e-04   1.9305847e-03
  -1.1078965e-02  -5.5378736e-02   4.0655216e-02   8.5349617e-03  -6.2970959e-04   2.0489946e-03
  -2.1288059e-02   3.1198844e-02   1.7953761e-03   7.7723364e-03  -3.2754066e-04   1.8673019e-03
  -1.7714031e-02   4.6450541e-03  -1.2011239e-02   8.6485105e-03  -2.9434063e-05   1.9513333e-03
  -1.7441510e-02   3.9210957e-02  -1.2781962e-02   8.1319588e-03   1.7385707e-04   1.9998327e-03
  -3.6353915e-02   7.6557519e-02  -2.6859372e-02   8.6238454e-03   4.1729383e-04   2.0239021e-03
  -3.1579557e-02   5.1459481e-02  -1.4977104e-02   7.6193491e-03   4.3266771e-04   1.9782054e-03
  -2.9028403e-02   8.4928897e-02  -4.4762463e-02   8.1738981e-03   6.4240669e-04   1.9012305e-03
  -2.4884656e-02   6.5831978e-02  -3.5647476e-02   7.6236088e-03   1.0454108e-03   1.9572237e-03
  -3.6639374e-02   1.2382582e-01  -6.9691856e-02   7.9329125e-03   1.2241827e-03   2.1238367e-03
  -3.2224500e-02   1.0424447e-01  -6.1064761e-02   7.8717776e-03   1.2063670e-03   2.0577565e-03
  -2.5608054e-02   4.6013060e-02  -6.6247341e-02   8.0545216e-03   1.1631849e-03   1.8775349e-03
  -3.3037259e-02   3.6756553e-02  -2.7667490e-02   7.9872718e-03   1.2008913e-03   1.9032364e-03
  -4.4866256e-02   1.3448974e-01  -1.0981928e-01   7.3107168e-03   1.4911361e-03   1.7610574e-03
  -5.1463820e-02   1.0016659e-01  -9.8248495e-02   7.6266676e-03   1.8797642e-03   1.5824614e-03
  -6.1599914e-02   8.7806717e-02  -1.2658894e-01   8.3269928e-03   1.9408540e-03   1.6567619e-03
  -5.7399589e-02   2.7376282e-02  -8.7154089e-02   7.4497686e-03   1.7719380e-03   1.7556602e-03
  -5.7158620e-02   1.1232875e-01  -1.0548744e-01   7.2685755e-03   1.6733060e-03   1.8258393e-03
  -6.2276153e-02   5.0918047e-02  -2.7635061e-02   8.1625227e-03   1.6571928e-03   1.9357351e-03
  -6.3647019e-02   5.2437095e-02  -7.5795442e-02   8.5772165e-03   1.3403496e-03   1.9161879e-03
  -5.6103198e-02   5.1746147e-02  -2.9822290e-02   9.1284632e-03   1.1276246e-03   1.9319097e-03
  -4.8297615e-02   3.0802739e-02  -3.9489145e-02   7.9494460e-03   1.1489976e-03   1.7071923e-03
  -4.4917656e-02   6.8240576e-02  -2.9026092e-02   8.5918946e-03   1.1827925e-03   1.8896475e-03
  -4.9448362e-02   7.3460217e-03  -2.9212566e-02   8.2792119e-03   1.2106499e-03   1.8722480e-03
  -4.1030554e-02  -5.1361720e-03  -4.2023644e-02   8.5007749e-03   1.0517637e-03   1.8204833e-03
  -4.3554871e-02   1.2571587e-02  -2.8673389e-02   9.3752032e-03   1.0704005e-03   1.9235406e-03
  -3.6166144e-02   2.6453542e-02  -5.6586608e-02   8.9868287e-03   9.8510043e-04   1.7113553e-03
  -3.7536130e-02   1.3617498e-02  -3.2879071e-02   9.0657809e-03   1.0449527e-03   1.7111972e-03
  -3.9113824e-02   6.7047746e-02  -3.7745262e-02   8.4386605e-03   9.6539921e-04   1.6457062e-03
  -4.4072700e-02   3.2206949e-02  -2.9206810e-02   9.2904799e-03   1.1701586e-03   1.7540687e-03
  -5.1249035e-02   1.8012846e-02  -2.0991141e-02   8.5989458e-03   1.1288516e-03   1.9235450e-03
  -5.5929554e-02   6.5199975e-02  -3.6335726e-02   8.5700851e-03   1.1558438e-03   1.9234947e-03
  -4.8055507e-02  -4.7777747e-02  -6.7697782e-05   9.0813603e-03   1.0372343e-03   1.8576669e-03
  -4.3478596e-02  -2.2250111e-04  -3.1059887e-02   8.4610561e-03   1.0580138e-03   1.6726860e-03
  -4.5914893e-02  -1.1676142e-02  -1.0267721e-02   9.0426940e-03   8.9791478e-04   1.7425521e-03
  -5.2285455e-02   1.6030128e-02  -2.5711404e-02   8.6420355e-03   1.0040813e-03   1.7575346e-03
  -5.3987388e-02   3.2678279e-02  -2.9346215e-02   9.1358862e-03   1.1729481e-03   1.9673857e-03
  -5.2183240e-02   3.8105066e-02  -5.7020636e-02   8.9571663e-03   1.1961952e-03   2.0618164e-03
  -4.9553730e-02   1.8217187e-02  -6.4799841e-02   9.2746797e-03   1.2164119e-03   1.9113349e-03
  -4.3475893e-02   9.2672735e-03  -5.3000272e-02   9.1318708e-03   1.0079780e-03   1.8208832e-03
  -4.4104671e-02   5.3445569e-02  -5.4949836e-02   8.9890703e-03   1.1676529e-03   1.8061125e-03
  -5.2237471e-02   1.1188958e-02  -6.1188528e-02   9.1371248e-03   1.2949129e-03   1.9883727e-03
  -5.0902853e-02   7.1089109e-02  -6.9706615e-02   8.7427085e-03   1.3173222e-03   1.9485242e-03
  -5.3765471e-02   2.9662808e-02  -7.1975031e-02   9.5467047e-03   1.2997626e-03   1.9908395e-03
  -3.5594185e-02   3.2981154e-02  -6.1703684e-02   8.4679831e-03   1.0596178e-03   1.6739658e-03
  -4.6050534e-02   3.8699403e-02  -7.2313271e-02   9.0418989e-03   1.2849929e-03   1.8122827e-03
  -5.2562944e-02   1.5332497e-02  -6.2063845e-02   8.4144185e-03   1.2890216e-03   1.9391394e-03
  -6.2217515e-02   3.8809539e-02  -8.6322144e-02   8.6613686e-03   1.4305526e-03   1.9850338e-03
  -4.5076809e-02  -2.5438699e-02  -5.7564380e-02   9.1579356e-03   1.2229857e-03   2.0180301e-03
  -5.9500573e-02   9.0727910e-02  -1.2878907e-01   8.6623646e-03   1.5469553e-03   1.9589365e-03
  -6.4796435e-02   7.9462855e-02  -8.0955502e-02   8.5910334e-03   1.6186270e-03   2.0664171e-03
  -6.8694320e-02   6.5589701e-02  -1.7191632e-01   8.3652801e-03   1.9502546e-03   1.9871155e-03
  -5.6039585e-02   5.5971978e-02  -1.0742450e-01   9.2094022e-03   1.8000360e-03   2.0758196e-03
  -6.5464643e-02   1.5334196e-01  -2.2706416e-01   7.4983788e-03   2.1040081e-03   1.8912477e-03
  -7.6991679e-02   1.1494314e-01  -1.3412443e-01   7.2932483e-03   2.5222405e-03   1.9781082e-03
  -9.9795736e-02   8.9477114e-02  -2.0760660e-01   6.6752521e-03   2.4502507e-03   2.0786697e-03
  -9.4388943e-02   1.0063488e-01  -1.1580226e-01   7.0632580e-03   2.4952072e-03   1.7557107e-03
  -8.0876275e-02   1.0845699e-01  -1.8062570e-01   6.8206207e-03   2.4787150e-03   1.7177002e-03
  -9.3814038e-02   6.8222287e-02  -8.7322325e-02   7.1944849e-03   2.6698532e-03   1.9609542e-03
  -9.5871138e-02   1.5257147e-01  -1.7472203e-01   6.5347123e-03   2.5953878e-03   1.9193701e-03
  -9.4665167e-02   1.4081379e-01  -1.1267920e-01   6.3336726e-03   2.8162097e-03   1.6227606e-03
  -9.2148372e-02   1.5899886e-01  -1.7787209e-01   6.8752757e-03   2.6552832e-03   1.3457989e-03
  -9.0489116e-02   1.0130099e-01  -1.0115193e-01   6.6221756e-03   3.0347453e-03   1.5695138e-03
  -9.2562390e-02   7.3889329e-02  -1.6797864e-01   7.4714166e-03   2.5137299e-03   1.8161552e-03
  -9.4962540e-02   1.5170823e-01  -1.5623998e-01   7.1188306e-03   2.7096789e-03   1.6061089e-03
  -8.7375153e-02   5.0954091e-02  -1.4223483e-01   7.7944203e-03   2.2362926e-03   1.5425017e-03
  -9.4638170e-02   1.3512472e-01  -1.1633894e-01   7.9412060e-03   2.1851235e-03   1.6348443e-03
  -8.7679582e-02   2.5175848e-02  -6.9025097e-02   7.9053890e-03   1.9054165e-03   1.7751563e-03
  -8.3287748e-02   4.0629861e-02  -7.4715498e-02   7.9245263e-03   1.8505891e-03   1.6991350e-03
  -7.3531362e-02  -1.1137810e-02  -3.8296213e-02   8.4026781e-03   1.7215020e-03   1.7547523e-03
  -8.0233511e-02   2.8068872e-02  -5.7054927e-02   8.2611850e-03   1.9305133e-03   1.9497486e-03
  -7.6212021e-02  -5.8360556e-03  -3.8863014e-02   8.5681202e-03   1.9210695e-03   1.9940797e-03
  -7.9058254e-02  -2.2328539e-04  -7.5516032e-02   8.7095448e-03   1.8026306e-03   1.9785132e-03
  -7.0422864e-02   2.9836704e-02  -6.0523316e-02   8.6389285e-03   1.5666394e-03   1.9158177e-03
  -7.2642295e-02   2.4172567e-02  -7.5659382e-02   8.5828087e-03   1.5654387e-03   1.9233073e-03
  -7.3783699e-02   5.1016307e-02  -4.7271857e-02   8.4228299e-03   1.5315881e-03   1.9883463e-03
  -8.2450582e-02   3.9940754e-02  -5.7924680e-02   8.4736209e-03   1.5578553e-03   2.1076196e-03
  -8.5732482e-02   6.9983842e-02  -5.9688170e-02   8.1641367e-03   1.4346471e-03   2.0594146e-03
  -8.5169962e-02   3.0440658e-02  -5.1016385e-02   8.8705161e-03   1.5050175e-03   2.0610567e-03
  -7.1987943e-02   7.9267165e-02  -6.5382340e-02   8.2210969e-03   1.4780045e-03   1.9245843e-03
  -8.0066671e-02   4.1195105e-02  -5.5777470e-02   8.8995603e-03   1.5739874e-03   2.0875052e-03
  -7.1393500e-02   4.6424571e-02  -7.0191720e-02   8.6810478e-03   1.4855006e-03   2.2096928e-03
  -6.8717166e-02   1.0370974e-02  -6.6366452e-02   9.9145992e-03   1.5083994e-03   2.2966254e-03
  -5.7273386e-02   1.4555888e-02  -5.3952673e-02   8.9648472e-03   1.1379978e-03   2.2732130e-03
  -6.6617229e-02   7.9843060e-02  -8.1651575e-02   9.2424906e-03   1.4469803e-03   2.2172571e-03
  -7.9776150e-02   2.0527984e-02  -6.1392749e-02   9.0187506e-03   1.5977844e-03   2.4007688e-03
  -7.6305256e-02   1.1249953e-01  -1.2251971e-01   9.0760587e-03   1.5655752e-03   2.2961876e-03
  -7.5341504e-02   2.1267679e-02  -1.5790219e-02   9.4265694e-03   1.8185979e-03   2.2457568e-03
  -7.7558943e-02   1.2524862e-01  -1.7263908e-01   9.1121593e-03   1.6777534e-03   1.9114950e-03
  -7.9126129e-02   8.3967397e-02  -1.4293569e-01   8.5672328e-03   1.7320828e-03   1.8129426e-03
  -8.9654012e-02   1.0380546e-01  -1.7763219e-01   8.9423602e-03   1.5972334e-03   1.8727399e-03
  -9.0790237e-02   7.9489832e-02  -1.2306705e-01   8.8310209e-03   1.6208845e-03   1.8264385e-03
  -8.1349497e-02   8.5269256e-02  -1.6263223e-01   9.0207049e-03   1.3033992e-03   1.6622934e-03
  -8.1424528e-02   5.9775284e-02  -1.4011923e-01   9.0251100e-03   1.2546335e-03   1.5974002e-03
  -8.5604163e-02   5.3905598e-02  -1.2516668e-01   9.0824038e-03   1.2186232e-03   1.7112530e-03
  -8.7985361e-02   3.8009909e-02  -8.5469247e-02   8.5410803e-03   1.2276828e-03   1.8648353e-03
  -8.0521480e-02   4.7250100e-02  -1.0635811e-01   8.4296471e-03   1.1587475e-03   1.7578821e-03
  -7.8996262e-02   3.8797632e-02  -8.4240968e-02   9.1346486e-03   1.0983241e-03   1.6622231e-03
  -8.7911337e-02   4.6929310e-02  -1.1444186e-01   8.5573092e-03   1.2491875e-03   1.7303618e-03
  -1.0004068e-01   8.7967107e-02  -1.0199844e-01   9.3972968e-03   1.2803891e-03   1.8390288e-03
  -9.5877065e-02   2.3824831e-02  -1.2272438e-01   8.8243888e-03   1.1789439e-03   1.6499499e-03
  -9.4583868e-02   3.5272185e-02  -1.2546252e-01   9.0642622e-03   1.1686249e-03   1.5824427e-03
  -9.9079205e-02   9.2388404e-02  -1.4225680e-01   8.5386283e-03   1.2810246e-03   1.6563667e-03
  -1.0549473e-01   8.5689874e-02  -1.5846845e-01   8.6649988e-03   1.4828940e-03   1.7683184e-03
  -9.9286598e-02   1.1889994e-01  -1.6952587e-01   8.3105502e-03   1.3600566e-03   1.6476265e-03
  -8.9746887e-02   8.3686515e-02  -1.6591204e-01   7.9291839e-03   1.2194219e-03   1.5160868e-03
  -8.4391049e-02   5.8302429e-02  -1.3059092e-01   8.7038388e-03   1.1000824e-03   1.7847500e-03
