   0.0000000e+00   0.0000000e+00   0.0000000e+00   0.0000000e+00   0.0000000e+00   0.0000000e+00
   9.1094042e-03   2.9607065e-04  -2.5253857e-02   5.0166885e-04  -2.3983260e-04   2.9725352e-04
   5.2704342e-03  -5.5256855e-03   1.9226575e-02   5.0000438e-04  -2.3177138e-04   7.3356324e-05
   6.6948609e-03  -9.5311992e-03  -4.8370305e-02  -1.5627029e-04   1.4571837e-04   1.7404716e-04
   5.6166016e-03   4.2052796e-02  -5.4391942e-02   5.9905018e-04   2.8911653e-04   5.0270599e-04
   1.7795962e-02   1.5577909e-03  -3.9350150e-02  -8.3087588e-05   2.7600253e-04   3.4469745e-04
   4.1606746e-02   1.3641593e-03  -6.4696242e-02   9.3159753e-05  -4.2555922e-05   6.1387045e-04
   4.0871345e-02  -3.1734340e-02  -6.5273093e-02  -2.5411263e-05   4.5319060e-05   6.1663879e-04
   4.8867789e-02  -4.8086105e-02  -7.9552610e-02  -2.4214664e-04  -2.1267686e-05   8.3774519e-04
   4.1086933e-02  -2.2544009e-02  -5.7156471e-02  -3.6168381e-04   2.8756703e-05   6.4220960e-04
   3.8216286e-02  -4.2591790e-02  -5.9240774e-02  -1.8077930e-04   2.7188157e-04   7.1995135e-04
   2.0479437e-02   2.2460981e-02  -4.9984254e-02  -3.4642171e-04   6.0591701e-04   6.8445747e-04
   2.7118043e-02  -3.4816689e-05  -2.8253263e-02   1.4057577e-04   3.2269428e-04   8.3730471e-04
   3.2064626e-02  -8.2131036e-02  -4.2234815e-02  -7.3208974e-04   9.0290642e-04   6.7579888e-04
   3.7733341e-02  -2.9733928e-02  -3.9977385e-03  -3.8374662e-04   6.8207858e-04   8.4239605e-04
   4.1411620e-02  -4.3788482e-02   7.0871154e-04  -2.5885515e-04   4.9768065e-04   9.1201923e-04
   3.3822034e-02  -6.0175111e-02  -1.5108118e-02  -2.1483295e-04   5.2628205e-04   9.9586322e-04
   2.8254062e-02  -8.5621640e-03  -1.8309256e-02  -7.0668383e-04   7.0703048e-04   5.3735819e-04
   3.1820397e-02  -7.1203766e-02  -1.0987923e-02  -4.4971619e-04   5.9927560e-04   6.7273680e-04
   2.9189892e-02  -6.8835741e-02   2.7668424e-02  -9.0293611e-04   7.9059147e-04   6.2464030e-04
   4.0353346e-02  -4.9091377e-03  -2.4323580e-02  -6.0648467e-04   1.6717343e-04   7.2689816e-04
   1.8542764e-02   9.4560390e-03   3.9604794e-02  -6.7085765e-04   3.4378746e-04   6.8093907e-04
   1.7708871e-02  -1.2498239e-02   4.4443043e-02  -3.0143735e-04   2.3766647e-04   6.8221632e-04
   2.4365672e-02  -5.1843061e-02  -8.3605037e-03  -5.0856841e-04   4.1360399e-04   4.7359735e-04
   1.9207454e-02   2.8547303e-02   6.7377270e-03  -6.6957651e-04   3.7593614e-04   7.0144247e-04
   3.7955984e-02  -2.5325493e-02   1.2546495e-03  -1.9918006e-04   5.7775177e-04   8.6169517e-04
   2.3495936e-02  -3.3598723e-02   5.1497922e-02  -8.0653748e-04   8.4389622e-04   6.2510679e-04
   2.4413249e-02   4.6861601e-05   3.9282530e-02  -2.6004652e-04   4.7317532e-04   7.2236834e-04
   3.5279628e-02  -4.4116477e-02   3.1151798e-02  -8.8243058e-04   5.8138786e-04   8.3339494e-04
   2.6651322e-02  -4.3921896e-02   6.1253788e-02  -4.6396737e-04   3.8655071e-04   7.0798009e-04
   3.3477469e-02  -6.3688236e-02   3.3278347e-02  -7.3762800e-05   5.2890785e-04   9.6016568e-04
   2.2259031e-02   3.0330679e-02   1.1864076e-02  -1.6133296e-04   9.2456721e-04   5.6001522e-04
   1.9731971e-02   6.5147021e-03   2.0594150e-02   1.6027525e-04   7.2159411e-04   6.1607777e-04
   2.6418106e-02  -4.4200879e-02   1.5917241e-02   1.2354218e-04   8.8331073e-04   9.0783532e-04
   3.4320378e-02  -4.5889600e-02   2.5869142e-02   2.9034679e-05   8.3350283e-04   9.1133510e-04
   4.1208340e-02  -9.9727505e-03   4.2208772e-02   1.1043202e-04   3.3806710e-04   1.1245445e-03
   3.0276208e-02  -5.3951798e-02   4.0965118e-02   6.3346509e-04   9.6717138e-04   1.2822226e-03
   1.4002530e-02  -2.9949632e-02   7.7517234e-02  -7.1112182e-05   1.0697293e-03   9.8366748e-04
   3.7621230e-02  -4.8342610e-02   7.8926557e-02   2.5732052e-04   6.0964570e-04   1.2853725e-03
   2.8815607e-02  -5.4323682e-02   8.4922094e-02  -1.0824357e-04   9.8691248e-04   1.2460359e-03
   2.4768703e-02  -2.0848840e-02   9.2536060e-02  -2.3788346e-04   8.1586386e-04   1.2596440e-03
   3.2454387e-02  -1.7659490e-02   1.1125797e-01  -4.0617976e-04   6.6138736e-04   1.3274612e-03
   2.9506921e-02  -2.2171336e-02   8.0325746e-02  -9.5896095e-04   9.7340674e-04   1.2701474e-03
   3.5943288e-02   6.2967070e-03   5.7670214e-02  -3.7831242e-04   6.0325062e-04   1.3995859e-03
   4.9850931e-02  -3.9773815e-02   5.3280052e-02  -9.5322539e-05   7.0923259e-04   1.6811264e-03
   3.5348170e-02  -1.5224101e-03   8.6734158e-02  -1.0819402e-03   9.1754829e-04   1.4731794e-03
   4.8093764e-02   2.0282311e-02   7.5914801e-02  -2.4503216e-04   5.5754631e-04   1.7693922e-03
   4.3564662e-02  -3.3755327e-02   8.6814211e-02  -8.9842642e-04   9.4244207e-04   1.8646066e-03
   4.9124387e-02   5.4450716e-03   7.4832761e-02   7.4256907e-04   3.8185374e-04   2.0334852e-03
   4.9839977e-02  -5.6694129e-02   1.3283228e-01   5.5503081e-04   3.0895976e-04   1.7037403e-03
   4.8789987e-02  -4.6544161e-02   7.3836932e-02  -2.5508615e-04   4.4335212e-04   1.7061060e-03
   5.7724019e-02  -7.3877812e-02   3.5949791e-02   1.9174775e-03  -3.9275784e-04   1.5944951e-03
   5.0455904e-02  -7.8932324e-02   9.7547623e-02   6.3056590e-04   2.4341904e-04   1.7433373e-03
   4.7191349e-02   4.4154066e-03   6.7365931e-02   5.4198751e-04   1.7496482e-04   1.7682897e-03
   4.1572785e-02  -3.1354518e-02   7.8233190e-02   3.9541718e-04   4.0490185e-04   1.6297826e-03
   3.8326606e-02  -3.3474538e-02   1.3443240e-01  -1.5261256e-04   4.4622157e-04   1.7243388e-03
   3.1967487e-02  -8.7668652e-03   1.3026824e-01   1.9374164e-04   2.1728018e-04   1.7072394e-03
   3.2988376e-02  -5.1877575e-02   6.2541667e-02   3.6912082e-05   8.7098038e-04   1.7517023e-03
   3.1058238e-02   4.0198128e-02   7.0272720e-02  -1.1455350e-04   4.4733070e-04   1.7080691e-03
   4.2122946e-02  -7.0500777e-03   7.3728329e-02   4.9926977e-04   3.8130136e-04   2.0337109e-03
   4.3659051e-02  -2.6181893e-02   1.0407802e-01  -1.8097707e-04   2.9830898e-04   1.7972678e-03
   4.9536207e-02   1.6355574e-02   8.1557403e-02   3.1242916e-04   3.4642675e-04   2.0676188e-03
   5.2111984e-02  -3.5996192e-02   1.1160651e-01  -9.6731693e-05   4.7723188e-04   1.8754450e-03
   5.1758260e-02   1.5815437e-02   9.6337107e-02  -2.0820355e-05   2.1098873e-04   2.1249105e-03
   5.4522963e-02  -4.4229263e-02   1.0699600e-01   3.1407445e-04   4.4587107e-04   1.8489959e-03
   4.5426740e-02   2.8047213e-02   1.0733902e-01   4.6319920e-05   2.7229033e-04   1.7758121e-03
   5.3666066e-02   1.6283107e-02   9.1765580e-02   3.2830183e-04   2.6944308e-04   1.9076915e-03
   7.4481042e-02  -1.0122635e-01   1.0184734e-01   6.1787695e-05   5.4773285e-04   1.8242919e-03
   6.1155490e-02  -1.7167101e-02   1.1312400e-01   4.5744929e-05   2.4096718e-04   1.7362835e-03
   7.3667672e-02  -2.5788950e-02   1.4476181e-01   4.3955343e-04   5.6021306e-04   2.0213910e-03
   5.9436508e-02   1.1702184e-02   1.3967359e-01  -1.2551859e-04   6.2089393e-04   1.6976093e-03
   7.1603300e-02   1.6587640e-02   9.3019518e-02   4.5250347e-04   4.9354348e-04   1.9509734e-03
   8.3273488e-02  -3.2704634e-02   1.0432656e-01   2.4600369e-04   7.5867266e-04   2.0271795e-03
   7.8666621e-02   3.2669101e-02   1.4905574e-01   2.2254969e-04   3.8682355e-04   2.0556527e-03
   9.1197463e-02  -2.6951346e-02   1.2391886e-01   5.8306725e-04   4.8184985e-04   2.3020339e-03
   8.6219467e-02  -3.3419358e-03   1.2861446e-01  -5.2994965e-04   8.6902162e-04   2.1913006e-03
   9.7672333e-02  -1.8765613e-02   1.2037620e-01  -2.9411441e-04   7.4250421e-04   2.3749981e-03
   1.2580886e-01  -3.6256590e-02   1.0498528e-01  -4.6893292e-04   5.5429895e-04   2.6430070e-03
   1.1121160e-01  -1.3197354e-02   1.2174845e-01  -4.2665777e-04   6.5483125e-04   2.4639310e-03
   1.2298887e-01   1.2521374e-02   9.1546470e-02  -2.7979011e-04   6.6873560e-04   2.8342074e-03
   1.0557929e-01   8.9338984e-03   1.2324585e-01  -6.4188981e-04   8.7386736e-04   2.7186066e-03
   1.0218964e-01  -3.1715525e-02   1.3818069e-01   6.8872895e-06   1.3548913e-03   2.8958461e-03
   8.4770967e-02  -6.3772647e-02   1.8225544e-01  -9.4826173e-04   1.9348613e-03   2.3876808e-03
   1.0166663e-01  -2.3264495e-02   1.7437478e-01  -4.9763112e-04   1.6395365e-03   2.8311512e-03
   9.3577994e-02  -2.1559026e-02   1.4330022e-01  -1.8783729e-04   2.3862607e-03   2.9792813e-03
   9.2031967e-02  -8.9952991e-03   1.6115546e-01   1.1637098e-06   1.9705150e-03   3.2314708e-03
   8.9644009e-02  -1.5795874e-02   1.8031096e-01  -1.0688311e-04   2.2232535e-03   3.0673594e-03
   8.6680119e-02  -3.1043606e-02   1.5199863e-01  -8.8035722e-04   2.1720145e-03   3.0326858e-03
   8.3936792e-02  -3.0445888e-02   1.3471029e-01  -1.3212233e-03   2.6463495e-03   2.6231373e-03
   7.8050870e-02   3.7013761e-04   1.8332118e-01  -3.9012769e-04   2.3355826e-03   3.0191593e-03
   6.0872121e-02  -1.0077007e-02   1.8736386e-01  -5.9797751e-04   2.7725337e-03   2.7019161e-03
   7.2360327e-02  -1.1529558e-02   2.2297035e-01  -8.2506672e-04   2.1867123e-03   2.8052158e-03
   8.0276057e-02   1.7303019e-02   1.9560500e-01  -3.5121810e-04   2.2900190e-03   3.1534474e-03
   8.3465206e-02  -3.3757661e-02   1.9414707e-01  -5.3600492e-05   2.1029759e-03   2.9443791e-03
   7.8471180e-02  -5.3164463e-03   1.8859061e-01   1.1613327e-04   2.0126380e-03   3.1935072e-03
   8.3624532e-02  -5.7651592e-02   2.3993298e-01   8.5818974e-04   2.0109407e-03   3.6326428e-03
   9.3718604e-02  -6.2198325e-02   2.1748332e-01   7.5679111e-04   1.9648023e-03   3.8379669e-03
   9.8959637e-02  -6.8811709e-02   2.1891435e-01   1.4440761e-04   1.9845463e-03   3.6740891e-03
   9.5319406e-02   2.3914731e-03   2.3867689e-01   3.4089348e-04   2.0300192e-03   3.6359709e-03
   1.1000871e-01  -3.2742862e-02   2.1693071e-01   1.3087219e-04   2.2248728e-03   3.9425602e-03
   9.0994691e-02   3.1311936e-02   2.1845986e-01   6.8588744e-04   2.0020280e-03   3.7418364e-03
   9.1225458e-02   1.5244485e-02   1.9663715e-01   5.9792626e-04   2.2650497e-03   3.9875208e-03
   9.5681603e-02   4.4675670e-02   1.8829128e-01   4.1906931e-04   2.2380406e-03   3.8017165e-03
   9.8863506e-02  -2.5479384e-02   1.9173095e-01   8.4096420e-04   2.5557776e-03   4.0463156e-03
   1.1357173e-01   1.1848286e-02   1.8723621e-01   4.7926605e-04   2.3579675e-03   3.9657967e-03
   1.0531640e-01   4.0756347e-02   1.7826728e-01   9.9812744e-04   2.2058225e-03   4.1401057e-03
   1.0937470e-01   1.0881185e-04   1.6762706e-01   8.8951375e-04   2.3849297e-03   4.1112103e-03
   1.1509348e-01   2.2745677e-02   1.8789869e-01   1.6646375e-04   2.4450289e-03   4.0070033e-03
   1.1725115e-01   2.5115164e-02   1.9316695e-01   5.8379684e-04   2.2220769e-03   4.0686873e-03
   1.1671143e-01  -8.8837434e-03   2.0761919e-01   1.4241075e-04   2.5298278e-03   3.8572854e-03
   1.2857612e-01  -4.4893771e-02   2.0418479e-01   5.4726004e-05   2.1953670e-03   3.8877081e-03
   1.3043015e-01   9.8437172e-04   1.7020304e-01   6.3867070e-04   2.4409960e-03   4.1782815e-03
   1.1937829e-01  -1.5678631e-02   1.9585729e-01   2.4036356e-04   2.6290771e-03   4.0173725e-03
   1.1820384e-01   1.0268667e-02   1.9707397e-01   2.8119137e-04   2.3596566e-03   3.9705796e-03
   1.2006130e-01  -4.5850512e-03   1.9959262e-01   8.0287387e-04   2.3869482e-03   4.2246969e-03
   1.3176136e-01  -1.9431479e-03   2.1760293e-01   4.5918047e-04   2.3813416e-03   4.2834165e-03
   1.4045676e-01   1.9708986e-02   1.9984060e-01   6.0813152e-04   1.9476277e-03   4.1795670e-03
   1.3795503e-01   1.7280908e-02   1.8847407e-01   3.7517545e-04   2.2139331e-03   4.3764468e-03
   1.1996599e-01  -5.0230742e-03   2.2122234e-01   4.2321189e-04   2.4568994e-03   4.0297811e-03
   1.3118014e-01  -7.8364329e-03   2.2152115e-01   3.4692156e-04   2.4376103e-03   4.1933818e-03
   1.3810462e-01  -2.9985703e-02   2.0978378e-01   2.7704626e-04   2.6371706e-03   4.5168334e-03
   1.3559662e-01   2.0407609e-02   2.2866929e-01   1.3606712e-04   2.4960633e-03   4.4813139e-03
   1.4389095e-01  -2.3133933e-02   1.9432464e-01   1.0034457e-03   2.7338094e-03   4.7381462e-03
   1.4255020e-01  -4.1202846e-02   2.0583479e-01   3.9240682e-04   2.6959639e-03   4.5697483e-03
   1.3360914e-01   3.4654966e-02   2.1404812e-01   3.3774270e-04   2.5089492e-03   4.5535452e-03
   1.4047106e-01  -1.7641328e-02   2.0448164e-01   6.6856710e-04   2.6213398e-03   4.8804034e-03
   1.5043511e-01   9.5301242e-03   1.8853879e-01  -2.7605078e-05   2.6651602e-03   4.7276525e-03
   1.5713915e-01  -3.4850148e-03   1.7062383e-01   4.4909549e-04   2.4674820e-03   4.8860587e-03
   1.4969292e-01   6.4847176e-03   1.8277323e-01   9.1955672e-04   2.5136286e-03   4.9853972e-03
   1.3727095e-01   4.5008580e-03   2.6373876e-01   6.6345654e-04   2.6035204e-03   4.9688207e-03
   1.5361241e-01   2.9379494e-03   2.5694184e-01   4.7420714e-04   2.6963253e-03   5.2967114e-03
   1.5133540e-01  -1.4277351e-02   2.5353842e-01   2.6433712e-04   2.8787553e-03   5.0291943e-03
   1.4751992e-01  -3.6338146e-02   2.6094415e-01  -1.3579028e-04   2.4877005e-03   4.8779139e-03
   1.4477399e-01  -1.3609467e-02   2.8373528e-01   1.2243021e-04   2.3224911e-03   4.9697234e-03
   1.4244354e-01   1.7615233e-02   2.8395436e-01  -1.1466311e-04   2.3535035e-03   5.0954901e-03
   1.4132396e-01   5.2115532e-02   2.5439464e-01  -1.5828292e-04   1.9347522e-03   4.8665809e-03
   1.4985328e-01   3.8505540e-02   2.2753357e-01   2.9037009e-04   1.7755732e-03   4.9679261e-03
   1.5536508e-01  -4.5392278e-02   2.5614291e-01   7.3690404e-04   1.7357871e-03   5.0080677e-03
   1.4712795e-01  -7.6676713e-03   2.7999994e-01  -2.7252769e-05   1.5686873e-03   5.0231587e-03
   1.8202378e-01  -3.5315491e-02   2.3656828e-01   8.1522330e-04   6.5096633e-04   5.3204254e-03
   1.6945213e-01  -5.5272122e-02   2.5805399e-01   1.6356611e-04   1.4988948e-03   5.2112610e-03
   1.6671009e-01  -1.8309151e-02   2.7045816e-01   5.5843994e-04   1.1140949e-03   5.5954784e-03
   1.6614714e-01  -6.7912584e-02   2.7614668e-01   5.9431948e-04   1.5900521e-03   5.4469249e-03
   1.5482935e-01  -2.5303962e-02   2.9522868e-01   6.5615579e-04   1.4671694e-03   5.4820218e-03
   1.4911278e-01   2.0655485e-02   2.4596015e-01   5.0472860e-04   1.5543057e-03   5.7836064e-03
   1.4357094e-01   9.7653900e-03   3.1396792e-01   2.8820930e-04   1.5030085e-03   5.4794148e-03
   1.5913622e-01  -1.5327983e-02   3.0933703e-01   9.1617267e-04   1.1556816e-03   5.8433869e-03
   1.5497732e-01  -9.3387672e-02   3.7522931e-01   1.3567948e-04   1.6732108e-03   5.4883070e-03
   1.6642227e-01  -2.6125765e-02   3.6203327e-01   3.8335726e-04   1.2082861e-03   5.4053024e-03
   1.7143016e-01  -1.7395554e-02   3.3743571e-01   6.4099195e-04   1.3313030e-03   5.8811411e-03
   1.7356020e-01  -2.9134053e-02   3.5327915e-01   1.2531211e-03   1.5050177e-03   6.1874559e-03
   1.8007226e-01  -3.8785230e-02   3.5190262e-01   1.6131316e-03   1.5691449e-03   6.3600034e-03
   1.7636062e-01  -2.9754504e-02   3.5396596e-01   1.1717440e-03   1.4084044e-03   6.1428203e-03
   1.8742109e-01  -3.6770394e-02   3.4046560e-01   1.5160254e-03   1.4447814e-03   6.5017307e-03
   1.6561303e-01  -7.5005146e-02   3.8574490e-01   1.7157421e-03   1.7775866e-03   6.0338847e-03
   1.5260676e-01   2.5400280e-02   3.9197238e-01   1.8271468e-03   1.6023852e-03   6.0765976e-03
   1.6292394e-01  -2.9110092e-02   3.7042485e-01   1.3820818e-03   1.8246431e-03   6.0191168e-03
   1.6177839e-01  -4.5899213e-03   3.7435819e-01   1.3768884e-03   2.0831722e-03   6.0036563e-03
   1.6264850e-01  -3.8270726e-02   3.8648483e-01   1.3994829e-03   1.8473207e-03   6.1616536e-03
   1.7545751e-01  -6.8987057e-02   3.8902595e-01   1.7676702e-03   1.7335436e-03   6.7064525e-03
   1.7110511e-01  -2.8039288e-03   3.7770041e-01   1.5355143e-03   1.4740833e-03   6.5770339e-03
   1.7043151e-01  -3.5808985e-02   3.8573961e-01   1.4705164e-03   1.7129212e-03   6.3785938e-03
   2.0757781e-01  -2.0495472e-02   3.3599874e-01   2.8306121e-03   9.0846306e-04   6.9958370e-03
   1.8567075e-01  -7.5621952e-02   3.7554439e-01   2.2149819e-03   1.7711345e-03   6.4615022e-03
   1.8233193e-01  -4.2252846e-02   3.4748605e-01   1.6562571e-03   1.9001454e-03   6.2097594e-03
   1.9102428e-01  -4.3914113e-02   3.6295127e-01   2.3093381e-03   1.8454578e-03   6.6785282e-03
   1.8805733e-01  -2.8709177e-02   3.3907417e-01   1.5949257e-03   2.3320707e-03   6.2602327e-03
   1.9121753e-01  -1.6488961e-02   3.4079384e-01   1.6429740e-03   2.0689536e-03   6.1407598e-03
   1.9693501e-01  -6.4152556e-03   3.4803638e-01   1.6958814e-03   2.1435262e-03   6.5326765e-03
   2.0633148e-01  -1.4825803e-02   3.9912866e-01   1.6106805e-03   2.0362090e-03   6.4887941e-03
   2.1235883e-01  -7.9997813e-02   4.1473851e-01   1.7904248e-03   1.7357534e-03   6.8682037e-03
   2.1560550e-01  -1.0115216e-02   4.0649881e-01   1.7929663e-03   1.9995121e-03   7.3151882e-03
   2.1631430e-01  -2.8341289e-02   3.9897811e-01   1.2627928e-03   2.0190542e-03   7.0619457e-03
   2.2509613e-01  -2.0629079e-02   4.0800420e-01   2.0942346e-03   1.7700896e-03   7.5249365e-03
   2.1504646e-01  -6.3787392e-02   4.6175420e-01   1.4047364e-03   2.2841683e-03   7.1084412e-03
   2.2622099e-01  -4.9003090e-02   4.4847282e-01   1.6496920e-03   1.9627373e-03   7.4110984e-03
   2.3099729e-01  -1.9862416e-02   4.5168850e-01   1.4934512e-03   1.8986006e-03   7.5263190e-03
   2.0950783e-01  -5.6677754e-03   4.5520644e-01   1.4870333e-03   2.2510908e-03   7.2644863e-03
   2.1784612e-01  -6.8822525e-02   4.3691783e-01   1.5236438e-03   2.1932797e-03   7.4449826e-03
   2.4189137e-01  -8.9473009e-02   4.6513114e-01   1.5595686e-03   2.2224872e-03   7.7039532e-03
   2.2676256e-01  -5.0925719e-02   4.4007349e-01   1.2118909e-03   2.3190227e-03   7.7808141e-03
   2.2228168e-01  -2.3278490e-02   4.2284640e-01   1.7598161e-03   2.3408564e-03   7.9267338e-03
   2.2293600e-01  -3.1356169e-02   4.1433273e-01   1.0339072e-03   2.6516109e-03   7.8973596e-03
   2.2546601e-01  -4.4552369e-02   4.3542816e-01   1.2471632e-03   2.2137017e-03   8.0791278e-03
   2.3560481e-01  -6.0920671e-02   4.2273796e-01   1.5570551e-03   2.3901882e-03   8.4750296e-03
   2.2017900e-01   2.2813624e-03   4.1777154e-01   1.0395468e-03   2.8566099e-03   8.0670329e-03
   2.1777967e-01  -3.0428965e-02   4.2655000e-01   1.4399601e-03   2.4854746e-03   8.1065207e-03
   2.3075924e-01  -5.6065612e-02   4.4169737e-01   1.7852399e-03   2.7024125e-03   7.8677947e-03
   2.2674369e-01  -4.1339878e-02   4.4706152e-01   1.0544848e-03   3.0242066e-03   7.8048657e-03
   2.2752344e-01  -8.8495043e-03   4.1143116e-01   1.6087382e-03   2.6959258e-03   8.0383287e-03
   2.2994975e-01  -8.9759779e-02   4.2546312e-01   1.4417213e-03   2.9611266e-03   8.0264242e-03
   2.0390633e-01  -1.1610939e-03   4.4307705e-01   1.0503055e-03   2.8591501e-03   7.9177352e-03
   2.1032693e-01  -2.4896333e-02   4.0863080e-01   1.6990622e-03   2.7326920e-03   8.0705625e-03
   2.2247579e-01  -6.5835457e-02   3.9927588e-01   1.6335234e-03   2.9150503e-03   8.2301032e-03
   2.1846019e-01  -8.8846381e-03   4.1665201e-01   1.2845012e-03   2.6599402e-03   8.2172095e-03
   2.3346215e-01  -3.8975745e-02   4.2255817e-01   1.7958062e-03   2.3922295e-03   8.6355844e-03
   2.2096976e-01  -5.2856094e-02   4.2438178e-01   1.6178115e-03   2.5863193e-03   8.4723761e-03
   2.1277637e-01  -4.4607982e-02   4.1634347e-01   1.9458958e-03   2.5238965e-03   8.5180772e-03
   2.1590021e-01   2.8602416e-02   3.6021483e-01   1.6062383e-03   2.4449800e-03   8.3491642e-03
   2.1935083e-01   4.3946809e-02   3.9056602e-01   1.0433610e-03   2.7083624e-03   8.4304742e-03
   2.2118067e-01   2.2045711e-02   3.8923240e-01   1.4417247e-03   2.4961553e-03   8.4496847e-03
   2.2915969e-01  -5.0593605e-02   3.7585089e-01   1.7504346e-03   2.6536116e-03   8.9732384e-03
   2.1731421e-01  -1.1593178e-05   3.5086707e-01   7.8672942e-04   2.8663792e-03   8.3912572e-03
   2.2014777e-01   5.0556985e-03   3.3174315e-01   5.4591918e-04   2.5760244e-03   8.3209976e-03
   2.1959121e-01   7.6898214e-03   3.2209578e-01   1.1289779e-03   2.8893805e-03   8.3825628e-03
   2.1313361e-01  -1.4235024e-02   3.2361228e-01   7.1754808e-04   2.9135304e-03   8.3792533e-03
   2.0699707e-01  -6.1306310e-02   3.4010227e-01   1.3796187e-03   2.8944711e-03   8.7045029e-03
   2.1300566e-01  -2.3094079e-02   3.4665879e-01   1.1632095e-03   2.8325015e-03   8.9356413e-03
   2.1400847e-01   9.4144089e-03   3.4027180e-01   9.4692371e-04   3.1411704e-03   8.7777891e-03
