   0.0000000e+00  -1.4317705e-14   0.0000000e+00   0.0000000e+00   0.0000000e+00   1.7347235e-18
  -1.9487658e-03  -3.0587751e-02   2.3167175e-02  -2.9960180e-04   1.8381585e-04   1.4153471e-04
   1.5154303e-02   4.3435556e-02   9.6071110e-03  -3.3528704e-04  -7.5408134e-05   5.8531540e-05
   8.8545768e-03  -7.2032075e-03   2.0353585e-02  -1.3172009e-04  -1.2270103e-04   1.7777354e-04
   3.7883853e-03   4.8980872e-02  -1.4386403e-02   3.0590648e-04  -7.6626452e-05   1.6604132e-05
   3.6884405e-03   1.8755600e-02   2.9142503e-02   5.6998587e-05  -2.6754305e-04   7.0543681e-05
   2.5899304e-03   1.4262326e-02   1.5602170e-03   2.5783784e-04  -2.1809137e-04   7.0345386e-05
   3.8824871e-03   1.5862384e-03   6.3135615e-02   3.4781946e-04  -3.6698140e-04   2.1337236e-04
   4.8603697e-03  -1.6388248e-02   4.0040228e-03  -3.0389833e-04  -3.2454331e-04  -1.5447212e-04
   6.1367173e-03  -2.8845790e-02   1.0821944e-02   2.9574180e-05  -3.9707447e-04  -3.9746872e-05
   1.2809770e-02  -3.2123497e-02  -1.0064490e-02   3.4250241e-04  -8.5547215e-05  -1.0095303e-04
   7.9483774e-03  -2.3050888e-02   5.3482944e-02  -9.8828002e-05  -2.0840943e-04  -1.2244742e-04
   1.1756208e-02  -6.9154397e-02  -2.0141880e-02  -7.6500870e-04  -3.1760174e-04   9.0373011e-05
   1.8557583e-02  -1.0112151e-01   3.7760248e-02   1.3815448e-04  -5.4814773e-04   1.6667017e-04
   6.3601966e-03  -1.8173317e-02  -1.2052767e-02   3.8440328e-04  -1.9874905e-04   1.2438855e-04
   1.5003667e-02   2.9229612e-02   4.8426546e-02   5.3644938e-04  -3.6098563e-04   8.8634246e-05
  -3.2814374e-03  -7.9536237e-02  -1.0089925e-02   2.5830188e-04  -2.1832035e-04   1.1272120e-04
   2.9383452e-03  -1.7425125e-03   6.4065470e-02   6.5841959e-04  -2.3325936e-04   1.4982165e-04
  -1.7563093e-04  -4.0281848e-02   8.4618177e-04  -1.9507009e-04  -2.4569110e-04   1.8202273e-04
  -1.0637403e-03  -1.1039170e-02   1.8792477e-02   9.0764768e-04  -5.0396149e-04  -1.1759838e-05
  -4.8421968e-03  -7.1979546e-02   3.9309073e-02   4.1872287e-04  -5.9124615e-04   4.2690190e-04
   9.0750169e-03  -2.1993850e-02   3.1613231e-02   1.0395628e-03  -4.7426960e-04  -1.2302865e-05
   9.9286090e-04  -4.5365015e-02   3.8278064e-02   5.4560659e-05  -4.2667884e-04   2.7343204e-04
   4.4125927e-03  -2.6532758e-02   1.1712010e-02   1.5695415e-03  -3.1246527e-04   3.1040112e-04
  -1.2627734e-03  -1.3534184e-02   8.1435925e-02   3.6880593e-04  -1.5705488e-04   4.2982644e-04
   4.8429244e-03  -6.5977445e-02  -3.8585165e-03   9.2772137e-04  -2.5450262e-04   3.8942835e-04
   9.9005140e-03  -1.5043898e-02   4.7091982e-02   4.7274178e-04  -2.7868776e-04   3.2456405e-04
  -1.1148706e-02  -3.0832193e-02   2.0518708e-02   8.8998032e-04  -1.2203438e-04   6.6540645e-04
  -3.2084101e-03  -1.2326209e-02   1.2874588e-02   1.1582364e-03   3.0016860e-04   2.2574502e-04
  -4.4148602e-03  -2.9759353e-02   2.7343265e-02   1.5254737e-03   3.7857181e-04   6.6978245e-04
  -9.9027130e-03  -1.0984042e-02   5.0206140e-02   8.2102722e-04   4.8842056e-04   1.1391930e-03
  -1.8984596e-03   1.3751569e-02   2.2613004e-02   1.5685052e-03   3.0914781e-04   7.7530053e-04
  -7.7512160e-03   3.1938971e-02   3.4596855e-02   8.0388914e-04   3.9920345e-04   1.0169096e-03
  -1.4394120e-02   1.5988639e-02   3.1928727e-02   1.9843342e-03   3.1403339e-04   9.0775573e-04
  -9.4013295e-03   2.8716256e-02   5.6424659e-02   5.9608447e-04   2.3397491e-04   8.4755659e-04
  -1.2693863e-02  -8.0765255e-03   2.9307968e-02   1.9248919e-03   1.3007143e-04   9.3587863e-04
  -1.4984933e-02  -7.2985321e-02   4.9682135e-02   1.1607971e-03   3.4905445e-04   9.2857834e-04
   5.4554744e-04   3.1090328e-02   5.2930199e-02   1.2834489e-03   6.9919432e-05   9.3676949e-04
  -6.1848603e-03   5.7373850e-03   5.2787440e-02   1.0488058e-03   1.4427955e-04   8.1882839e-04
  -7.5739217e-03  -2.1256728e-02   6.4286641e-02   1.5986229e-03  -2.0524667e-04   9.1901114e-04
  -4.3072155e-03  -3.1516031e-02   8.0203413e-02   9.6487417e-04   4.0549461e-05   7.7370944e-04
  -1.0736620e-02  -3.8518028e-02   4.0457877e-02   1.4768765e-03  -1.1023809e-05   6.1238403e-04
  -1.0123420e-02  -5.5953785e-02   6.6651168e-02   1.5538139e-03   4.5126687e-05   8.4990938e-04
  -1.4862462e-02  -5.2161755e-02   7.4376161e-02   1.5120027e-03   1.8473209e-04   8.3569091e-04
  -1.6194116e-02  -6.5154243e-02   5.4592899e-02   1.1882849e-03   1.2282688e-04   6.9528333e-04
  -1.7447151e-02   1.9836869e-03   2.9995451e-02   1.1907878e-03  -2.6970679e-05   7.6488378e-04
  -1.6924131e-02  -3.6119307e-02   9.7243568e-02   1.8248684e-03  -9.9188732e-05   7.8285390e-04
  -1.3768617e-02   3.5351557e-03   6.4994561e-02   1.4738689e-03  -5.4069484e-05   5.3412327e-04
  -1.3600668e-02  -8.0792224e-02   7.6771625e-02   1.3532905e-03   1.4762061e-04   7.3274406e-04
  -1.4085074e-02  -7.1489216e-02   6.2774703e-02   1.4368814e-03  -9.9880587e-05   7.1113230e-04
  -1.8480415e-02  -1.1086406e-01   6.8174263e-02   1.9599973e-03   3.0593908e-05   5.6841515e-04
  -1.6942409e-02  -2.5275378e-02   4.5917972e-02   7.6136274e-04  -2.8545001e-05   6.7025693e-04
  -2.0301288e-02  -6.6862600e-02   8.4782224e-02   2.1532555e-03  -2.0162065e-04   6.6365282e-04
  -2.6361726e-02  -2.8783423e-02   9.3543330e-02   1.4181196e-03   8.6901019e-06   5.8943481e-04
  -2.7232341e-02  -4.2411569e-02   8.9060551e-02   1.6207324e-03  -3.1010187e-04   5.1560045e-04
  -2.6387678e-02  -1.9524312e-02   5.0289138e-02   1.4606653e-03  -2.2134022e-05   6.2196667e-04
  -3.1347061e-02  -4.8253045e-02   1.0851785e-01   1.9036603e-03  -1.0634704e-04   7.8281246e-04
  -2.5805691e-02  -4.3976318e-02   6.7258294e-02   1.7263914e-03   5.5506815e-07   4.9668969e-04
  -2.2958164e-02  -3.3525785e-02   1.0985270e-01   1.5994624e-03  -1.2798309e-04   4.7982742e-04
  -2.9988141e-02  -5.4078964e-02   8.8803579e-02   2.1110213e-03  -6.0884858e-05   6.8482737e-04
  -2.8838173e-02  -4.6647116e-02   1.2144382e-01   1.5794553e-03  -1.0863935e-04   7.5345332e-04
  -2.1599935e-02  -7.5346164e-02   5.4420493e-02   1.9649010e-03   1.8270969e-04   7.1912050e-04
  -1.4457531e-02  -1.9112082e-02   1.4172233e-01   1.7549498e-03   8.9421328e-05   1.0323613e-03
  -3.1117267e-02  -7.4587993e-02   9.7481912e-02   1.7870110e-03   2.6124583e-04   1.1561316e-03
  -2.6982601e-02  -7.1137766e-02   1.1100121e-01   1.3462890e-03   8.1804899e-05   9.1201494e-04
  -3.6097114e-02  -7.3031607e-02   5.3584087e-02   1.1081507e-03   2.0328760e-04   1.2130733e-03
  -4.1568364e-02   1.1146522e-03   1.1067836e-01   2.1824094e-03   2.8376954e-04   9.7236437e-04
  -3.5120865e-02   1.6668950e-02   7.9907411e-02   1.5216206e-03   2.9656140e-04   1.0628022e-03
  -3.8677710e-02  -4.6297034e-02   9.1707333e-02   2.7539432e-03   3.2510500e-04   8.0299151e-04
  -4.4363939e-02   3.0281935e-02   1.2008975e-01   2.0357795e-03   4.8048883e-04   1.0983241e-03
  -4.0748614e-02   6.3443594e-02   9.6088884e-02   2.6886122e-03   1.2698712e-04   9.4763987e-04
  -4.2453822e-02  -5.2177909e-03   9.5612632e-02   1.8848043e-03   2.7943851e-04   1.0582405e-03
  -4.4533278e-02  -5.2862438e-04   1.2467082e-01   2.7528130e-03   4.3598086e-04   1.0850451e-03
  -4.3216953e-02  -4.3024407e-03   8.3900985e-02   1.3720004e-03   2.1349105e-04   1.2593107e-03
  -5.0460816e-02   2.2445417e-02   5.7443520e-02   2.7051364e-03   3.8703611e-04   9.2652940e-04
  -4.5553364e-02  -1.4518166e-02   1.1291628e-01   2.1711701e-03   4.8159840e-04   1.1423627e-03
  -4.3925836e-02   1.2127352e-02   5.9335777e-02   2.2455913e-03   4.3578903e-04   1.0294722e-03
  -4.2433278e-02  -1.2854409e-03   9.8699834e-02   2.1916935e-03   2.7934601e-04   1.0907040e-03
  -5.2428431e-02  -3.5295421e-02   9.7684622e-02   2.7110539e-03   3.9362454e-04   1.1569216e-03
  -4.4481939e-02  -1.6113488e-02   1.1391394e-01   2.2840330e-03   3.2037195e-04   1.1029217e-03
  -5.4325148e-02  -1.0944699e-02   6.7667246e-02   1.9934144e-03   3.9563568e-04   1.0435498e-03
  -5.9775485e-02  -1.2906649e-02   1.1829891e-01   2.8637705e-03   3.0827576e-04   8.8861751e-04
  -5.6527275e-02   4.0884785e-02   8.4827291e-02   2.0517790e-03   5.0911022e-04   8.9500086e-04
  -6.2099413e-02  -2.9028626e-02   7.3373979e-02   2.6883577e-03   3.5760134e-04   8.2267738e-04
  -6.4771663e-02  -1.6581899e-02   9.7626973e-02   2.6588523e-03   7.8385176e-04   9.8398439e-04
  -6.0435631e-02  -1.4596528e-03   1.1498395e-01   2.4157257e-03   6.0483852e-04   7.7725613e-04
  -7.0838791e-02  -7.9632283e-02   1.0163186e-01   2.9527239e-03   7.9616431e-04   7.9776458e-04
  -6.5076709e-02  -7.4991568e-02   1.0029494e-01   2.1974508e-03   6.1124530e-04   7.2418052e-04
  -7.1231717e-02  -3.6269021e-02   7.1930257e-02   3.0733248e-03   7.7708871e-04   8.1784662e-04
  -6.0992109e-02   1.4345613e-02   6.7909186e-02   2.1900273e-03   7.8599146e-04   6.4689744e-04
  -6.8422477e-02  -4.6396026e-03   9.2635239e-02   3.3717987e-03   5.2392476e-04   4.8623618e-04
  -7.9075776e-02  -1.9887490e-02   1.3873795e-01   2.6191426e-03   6.6175707e-04   5.6867409e-04
  -7.1226026e-02  -3.1925025e-02   1.0256670e-01   2.8183673e-03   4.3662150e-04   3.8679933e-04
  -6.7649488e-02  -8.1127161e-03   7.8660582e-02   2.0002581e-03   5.8724282e-04   3.7780183e-04
  -6.4497696e-02  -3.9655481e-02   6.1654424e-02   2.7489119e-03   3.7201828e-04   5.4808693e-04
  -7.1002918e-02  -6.4994553e-02   1.2861750e-01   2.7706626e-03   7.9560040e-04   3.1490991e-04
  -6.8776945e-02   1.2338324e-02   5.2995702e-02   2.5632235e-03   5.0369644e-04   3.7451865e-04
  -7.0589006e-02   1.9170557e-04   1.0897268e-01   3.2710826e-03   5.2490781e-04   2.1188275e-04
  -7.2129230e-02  -1.2123693e-02   6.5008113e-02   2.4368789e-03   6.4817500e-04   4.3423844e-04
  -6.3534328e-02  -2.4367671e-02   1.1898433e-01   3.0080126e-03   4.0088671e-04   9.5637318e-05
  -5.9065825e-02  -6.9238885e-02   4.8945249e-02   2.2094399e-03   4.5124447e-04   2.1720522e-05
  -5.8312032e-02  -4.8077864e-02   6.6437124e-02   3.2824377e-03   2.1013911e-04   3.7733096e-05
  -6.2998251e-02  -6.1624984e-02   9.5394703e-02   2.6954090e-03   5.1209322e-04   8.0817958e-05
  -7.1209503e-02  -1.6039728e-02   1.2556846e-01   2.6666677e-03   4.4669129e-04   9.7888541e-05
  -6.3146735e-02  -2.7575258e-02   1.1436292e-01   2.6595135e-03   4.8742258e-04  -8.5935786e-06
  -6.5342412e-02  -1.6287375e-02   1.0663625e-01   2.4826038e-03   4.3583011e-04   1.5514206e-04
  -6.1020553e-02  -3.5798040e-02   8.3721819e-02   3.3864450e-03   2.8367311e-04   1.1946527e-04
  -6.1101863e-02  -1.5647611e-02   1.3387960e-01   3.1683637e-03   4.1778386e-04   1.2038774e-04
  -6.2563532e-02  -5.2969412e-02   1.1748208e-01   3.2200566e-03   2.3353950e-04   3.2084072e-04
  -6.5021856e-02   4.1101558e-03   1.1666605e-01   2.8879103e-03   2.7487096e-04   1.2000023e-04
  -7.2362516e-02  -3.9318227e-02   1.3172513e-01   3.5440683e-03   4.9729402e-04   1.4112962e-04
  -7.1307210e-02   4.3345731e-02   1.2897928e-01   3.3199930e-03   5.7371006e-04   2.1634189e-04
  -6.5385559e-02   1.2446381e-03   1.2956012e-01   4.0761598e-03   1.5336831e-04   1.6984727e-04
  -7.7918783e-02  -4.5099077e-02   1.4612078e-01   2.5748037e-03   5.3107682e-04   2.4655390e-05
  -7.7932369e-02   8.0050752e-03   1.1752356e-01   3.2277556e-03   3.3950086e-04   5.7151148e-05
  -8.0508969e-02  -8.8939980e-04   1.5926035e-01   2.7744814e-03   6.1285590e-04   5.8781112e-05
  -7.6654810e-02  -5.3037852e-02   1.3298613e-01   3.9818708e-03  -2.7182806e-05   1.4404386e-04
  -8.2037229e-02  -3.5231416e-02   1.6009219e-01   3.5641968e-03   8.4246560e-05   2.6834950e-04
  -8.3143316e-02  -3.8117615e-02   1.4155436e-01   4.1673478e-03  -2.5575522e-04   6.4918180e-04
  -8.1617711e-02  -3.3994349e-02   1.5335681e-01   3.9925117e-03  -3.7857545e-04   5.4977384e-04
  -8.1878934e-02  -7.1368238e-03   1.2442001e-01   4.3418947e-03  -4.6520021e-04   6.3302263e-04
  -8.2499472e-02  -3.7950991e-03   1.2358872e-01   3.3954622e-03  -5.5535334e-04   6.7440277e-04
  -9.1132823e-02  -2.4282106e-02   9.6070411e-02   4.5564063e-03  -6.0410710e-04   8.4869383e-04
  -8.3941748e-02  -4.5071916e-03   1.2380509e-01   3.7910649e-03  -2.9176828e-04   8.5980061e-04
  -9.3189764e-02   4.7078992e-02   1.0688176e-01   4.4591751e-03  -4.8054388e-04   8.0463123e-04
  -9.1649450e-02  -2.1693938e-03   1.1690930e-01   3.5746694e-03  -4.6909242e-04   6.2248846e-04
  -9.0552849e-02   6.5004069e-03   7.8170246e-02   4.2295534e-03  -4.6164034e-04   7.5192244e-04
  -8.5942373e-02   1.0768048e-02   1.4718767e-01   3.9431331e-03  -3.5134379e-04   6.1670279e-04
  -9.1958872e-02   6.9439960e-03   1.5575440e-01   4.5656961e-03  -5.5914492e-04   7.4952314e-04
  -9.6067021e-02  -4.3440824e-02   1.2714723e-01   3.9374488e-03  -2.9589291e-04   7.2148794e-04
  -9.2377803e-02  -7.2681053e-03   1.0089918e-01   3.6031269e-03  -5.8554756e-04   1.1845709e-03
  -9.3068505e-02   2.5577394e-02   1.2509485e-01   3.7544868e-03  -5.0017189e-04   1.2580419e-03
  -9.4788801e-02   3.9752365e-02   1.1414945e-01   3.9985734e-03  -4.9413944e-04   9.7560653e-04
  -9.8490584e-02   1.0496394e-02   1.0529844e-01   3.1599488e-03  -1.9349512e-04   8.6654146e-04
  -8.4341111e-02   3.1600547e-02   7.4261694e-02   3.6791195e-03  -6.7422772e-04   6.5461484e-04
  -8.0924803e-02   7.8942125e-03   7.8165676e-02   4.1573108e-03  -2.9221601e-04   5.5771255e-04
  -9.3711656e-02  -3.3984627e-02   7.8938436e-02   4.2428082e-03  -4.8477724e-04   6.6521362e-04
  -9.4306395e-02  -2.1867951e-02   9.1764491e-02   3.5503917e-03  -4.5088603e-04   8.0170674e-04
  -9.1859203e-02  -8.1300532e-03   7.1563587e-02   3.9925951e-03  -4.0658553e-04   6.5520829e-04
  -8.6572517e-02  -7.0846178e-02   1.2477448e-01   4.2320205e-03  -4.0933396e-04   8.9077685e-04
  -8.4169068e-02  -2.3600668e-03   9.0349596e-02   4.3312573e-03  -3.5143046e-04   6.7463003e-04
  -7.9369179e-02   9.2770076e-03   9.9313273e-02   3.6829794e-03  -4.4638967e-04   8.7193578e-04
  -8.4097538e-02  -1.3785742e-02   7.5749606e-02   4.0238409e-03  -4.5729894e-04   9.5706275e-04
  -8.4706757e-02  -9.7486221e-03   1.3474919e-01   4.3541842e-03  -6.2772910e-04   1.0683468e-03
  -8.8218831e-02  -2.0557564e-02   8.6986070e-02   4.1118204e-03  -7.6967787e-04   8.5195942e-04
  -8.2696661e-02  -2.0196851e-02   1.2909882e-01   3.8175361e-03  -5.7566121e-04   9.1910389e-04
  -9.1752092e-02  -2.5696950e-02   8.4113584e-02   4.3904304e-03  -7.6125952e-04   8.4054134e-04
  -9.4500669e-02   1.2406676e-04   1.5324216e-01   4.1855623e-03  -6.2590318e-04   8.6592087e-04
  -9.1705001e-02   3.9617236e-03   9.3043823e-02   4.0835852e-03  -8.3331231e-04   8.2935236e-04
  -9.6002315e-02  -6.0849647e-02   1.2058172e-01   3.8285287e-03  -7.0956839e-04   7.8953912e-04
  -9.1034414e-02  -8.8182710e-03   8.9517880e-02   4.0241071e-03  -6.4771408e-04   9.2857006e-04
  -8.9097380e-02   4.2162282e-02   1.2240878e-01   4.1596260e-03  -3.9085397e-04   6.7606547e-04
  -8.6405216e-02  -6.1337457e-03   9.4293030e-02   4.0186583e-03  -5.1344165e-04   1.0097750e-03
  -8.8364841e-02  -3.9287738e-02   1.1845459e-01   4.2458876e-03  -6.9174640e-04   8.0029368e-04
  -9.3714608e-02  -7.7574521e-03   1.0938432e-01   4.0197324e-03  -4.1702017e-04   9.8480279e-04
  -8.6231711e-02   1.0626715e-02   1.5521195e-01   4.3557349e-03  -7.5048749e-04   7.0651649e-04
  -9.1613668e-02  -2.1301417e-02   1.2315019e-01   4.0056704e-03  -6.9365707e-04   9.5117238e-04
  -8.6791292e-02  -3.7394246e-02   1.5640298e-01   4.8085986e-03  -7.8803778e-04   8.5835739e-04
  -9.6356743e-02  -2.6700613e-02   1.5573900e-01   3.9017504e-03  -4.9294770e-04   9.1839733e-04
  -1.0933788e-01   2.9909967e-02   1.2434853e-01   4.2175989e-03  -6.3991822e-04   7.1786731e-04
  -1.0179833e-01  -3.0568917e-03   1.1296630e-01   3.9958188e-03  -4.7194444e-04   8.8464901e-04
  -1.0922299e-01  -5.6849533e-03   1.6917962e-01   4.7128262e-03  -3.2416849e-04   6.8510138e-04
  -1.0903870e-01  -1.6823249e-02   1.4038885e-01   3.3527405e-03  -4.1562981e-04   7.3305786e-04
  -1.1795581e-01   1.3824724e-02   1.1845863e-01   4.3270156e-03  -5.2903468e-04   6.4292685e-04
  -1.1916854e-01   1.8617733e-02   1.6428367e-01   3.9354373e-03  -3.8329711e-04   9.9805707e-04
  -1.1409964e-01   3.9130851e-02   1.2257660e-01   4.7673685e-03  -7.0200091e-04   5.7269080e-04
  -1.1984972e-01   1.9617659e-02   1.4061495e-01   3.8142677e-03  -3.3307058e-04   8.7410533e-04
  -1.2146225e-01   2.6085984e-02   1.4766164e-01   5.0823646e-03  -4.9480909e-04   8.6322393e-04
  -1.1265388e-01  -3.2953128e-03   1.8007040e-01   3.5379832e-03  -5.2624654e-04   7.4987573e-04
  -1.1753879e-01   8.1730591e-03   1.2048820e-01   5.5293938e-03  -5.2941309e-04   6.0531861e-04
  -1.1052457e-01   2.3438178e-02   2.1052199e-01   4.3996814e-03  -6.2488752e-04   8.4404966e-04
  -1.1521010e-01  -1.6547241e-02   1.6999453e-01   5.1209690e-03  -4.8959894e-04   6.8888089e-04
  -1.1524325e-01  -2.2366554e-02   1.8996889e-01   3.5618270e-03  -5.7173516e-04   5.3593896e-04
  -1.2010835e-01  -3.1472302e-02   1.4541104e-01   5.3042273e-03  -5.5442134e-04   3.7277411e-04
  -1.1170717e-01   2.9807896e-02   2.0477768e-01   3.6599527e-03  -1.2107259e-04   3.3617675e-04
  -1.1237217e-01  -2.8197704e-02   1.2594657e-01   4.5643645e-03  -3.2471083e-04   3.8724833e-04
  -1.0752379e-01  -2.0015012e-02   1.5752961e-01   3.4054417e-03  -2.6587689e-04   4.2118273e-04
  -1.1717482e-01   1.7734731e-02   1.3576947e-01   4.6210414e-03  -1.5146765e-04   3.2991219e-04
  -1.0846453e-01   1.4267350e-03   1.5551582e-01   3.0382231e-03  -5.6993318e-05   3.5254833e-04
  -1.0986576e-01   3.9462969e-02   6.2400724e-02   4.1764472e-03  -1.1621632e-04   3.2155038e-04
  -1.0918888e-01   8.6980985e-03   1.7171688e-01   3.6940138e-03   1.0726538e-04   3.9835864e-04
  -1.0487376e-01   1.8411362e-02   1.0202569e-01   4.0337293e-03  -6.4775800e-05   1.9379865e-04
  -1.0200629e-01  -1.1656843e-02   1.5045179e-01   3.6670808e-03  -9.4910630e-06   1.8030028e-04
  -1.0276592e-01  -5.4573250e-02   9.9490806e-02   4.3130330e-03  -1.3533040e-04   3.5298915e-04
  -9.1437727e-02   2.4684349e-03   1.6374287e-01   3.6472376e-03   1.1921683e-04   1.2978306e-04
  -8.7352051e-02  -1.0319771e-02   6.4143897e-02   4.0284227e-03  -1.7640472e-04   3.3093421e-04
  -8.3782719e-02  -2.7505630e-03   1.5142420e-01   4.3930926e-03  -1.7629777e-04   1.9020777e-04
  -9.5679162e-02   1.8211904e-03   1.3452054e-01   4.5578628e-03  -4.0796601e-05   3.7312427e-04
  -9.4372242e-02   4.5885778e-03   1.5409722e-01   4.5495934e-03  -3.4198071e-04  -2.5301946e-05
  -9.5584487e-02   2.7458995e-03   9.7458763e-02   4.4811595e-03  -3.3268912e-04   2.4205090e-04
  -9.6410022e-02   2.3614721e-02   1.5350095e-01   4.6399882e-03  -4.3930271e-04   1.4552735e-04
  -9.6954875e-02   5.9881962e-03   1.2159067e-01   4.0069270e-03  -3.3709813e-04   1.9112356e-04
  -9.7473274e-02   1.3778004e-02   1.3033737e-01   4.4450920e-03  -4.7913838e-04   3.9868776e-06
  -1.0496413e-01  -5.1028602e-02   1.0475811e-01   4.2302543e-03  -5.9258788e-04   3.2353489e-04
  -1.0267179e-01  -8.6862107e-03   1.5558241e-01   4.5357901e-03  -5.4273810e-04   1.1468151e-04
  -9.1140854e-02  -5.1264577e-03   1.2330979e-01   3.7709704e-03  -5.5316076e-04   3.1130880e-04
  -8.0623588e-02   4.6588416e-03   7.6773328e-02   4.5291277e-03  -4.4268721e-04   6.9964010e-05
  -8.9163603e-02  -1.6644461e-02   1.4072247e-01   4.5814085e-03  -3.0905843e-04   2.4746958e-04
  -7.8920097e-02  -4.8365209e-03   9.2359011e-02   3.9692358e-03  -5.7011219e-04   8.9768153e-05
  -8.3750751e-02  -1.7691751e-02   9.8703794e-02   4.0725279e-03  -7.0276297e-04   1.8022758e-04
  -7.9217680e-02  -4.1060106e-02   7.7364449e-02   4.5749904e-03  -7.8202446e-04   2.4868706e-05
  -8.6327489e-02  -3.5514361e-02   1.4921496e-01   4.0377669e-03  -4.7345466e-04   1.3568983e-04
  -8.0723105e-02   2.7964684e-02   1.0336306e-01   5.2722534e-03  -6.5379088e-04   1.5870292e-04
  -8.3058311e-02  -1.7221112e-02   1.0857915e-01   4.3469623e-03  -7.8416279e-04   2.0873690e-04
  -9.0809581e-02  -4.6277807e-03   9.9024356e-02   4.9325028e-03  -9.6637084e-04   1.5551653e-05
  -9.7080730e-02  -7.9174863e-03   1.5032115e-01   5.0055158e-03  -7.9512959e-04   2.8795106e-05
  -9.0805846e-02  -6.2846474e-04   8.2667014e-02   4.6829386e-03  -8.6759036e-04  -8.3049146e-05
  -8.8031476e-02  -6.0692925e-03   1.1585585e-01   4.6342185e-03  -8.1406342e-04  -2.8738480e-05
  -9.2234548e-02  -2.6399757e-02   9.9683214e-02   5.1325977e-03  -7.0343351e-04   1.0088819e-04
