   0.0000000e+00   0.0000000e+00   0.0000000e+00   0.0000000e+00   0.0000000e+00   0.0000000e+00
   2.9691628e-03   2.8766174e-03  -2.4270824e-02   6.3335925e-04   6.4993747e-05   7.9775892e-05
   5.8998903e-04  -9.4500412e-03  -3.2089148e-02   6.6408857e-04  -5.6446763e-04  -6.5410765e-05
  -1.2855541e-04  -8.5381405e-02  -2.0848411e-02   9.8772802e-04  -9.5575238e-04  -3.7425222e-05
  -8.5818878e-03  -3.0216015e-02  -7.7900647e-02   9.0538613e-04  -1.0216211e-03  -3.5457079e-04
  -1.7641283e-02  -1.0175513e-01  -4.4124127e-02   1.0887081e-03  -1.2944532e-03  -2.6219775e-04
  -4.8245256e-03  -1.0247248e-01  -4.8610519e-02   1.0569019e-03  -9.8855549e-04  -3.4737674e-05
  -1.1357373e-03  -1.1359999e-01  -2.4012321e-02   9.0757162e-04  -1.1533187e-03   1.4230847e-05
   3.1866044e-03  -2.6013263e-02  -5.8349690e-02   4.7267794e-04  -1.0890408e-03  -6.3693776e-05
   3.6476928e-03  -3.6737545e-02  -5.2668856e-02   1.0050578e-03  -1.3336276e-03   1.2483235e-05
   1.8604914e-03  -8.4647879e-02  -7.9268493e-02   7.9804499e-04  -1.0303933e-03   1.5410381e-04
   4.2125357e-03  -1.7240979e-02  -3.3937834e-02   7.0461866e-04  -1.3865027e-03   1.0202612e-04
  -7.5902367e-04  -5.3664149e-02  -1.4864789e-02   7.8869187e-04  -1.3883373e-03   2.2429403e-04
   6.0883633e-03  -5.5371381e-02   4.2289655e-04   6.1172712e-04  -1.6104191e-03   1.6762737e-04
   9.4548838e-03  -4.5873385e-02  -1.9479330e-02   1.0075392e-03  -1.4119257e-03   9.8434881e-05
   4.1245452e-03  -2.7498309e-02  -1.7741832e-02   6.6682529e-04  -1.4711092e-03   1.7138174e-04
   1.5122444e-03  -5.7327801e-02  -2.2025184e-02   1.1316841e-03  -1.4465763e-03   2.3210509e-04
   8.5239847e-03  -2.8707010e-02  -2.0117711e-02   6.5358824e-04  -1.5857675e-03   3.2617348e-04
   5.8959637e-03  -5.7551663e-02  -2.8245538e-02   1.0449404e-03  -1.6306531e-03   4.1977336e-04
   5.0551439e-03  -5.2664142e-02  -3.2068901e-02   1.1078356e-03  -1.4651287e-03   3.9146215e-04
  -3.3010470e-03  -7.0742326e-02  -3.4911904e-02   9.8304821e-04  -1.3846485e-03   3.6464734e-04
  -7.8031442e-03  -3.8928488e-02  -2.8733741e-02   1.0998612e-03  -1.3304851e-03   2.2620976e-04
  -9.1980193e-03  -2.5938864e-02  -2.7935798e-02   1.0276167e-03  -1.4191229e-03   1.2759743e-04
  -1.6893848e-02  -6.3293412e-03  -3.3654953e-02   5.6841255e-04  -1.1329212e-03   8.0135150e-05
  -8.7115229e-03   2.0781283e-03  -4.9394961e-02   6.1397053e-04  -1.1932040e-03   4.6175415e-05
  -7.4842426e-03  -7.9058146e-03  -6.9159763e-02   9.7960972e-04  -1.2311101e-03   1.9881281e-04
  -1.5152584e-02  -2.5556914e-02  -6.5207249e-02   1.1728375e-03  -1.3202910e-03   1.8597169e-05
  -2.1307105e-02  -3.3846921e-02  -2.7659527e-02   1.3215268e-03  -1.3165236e-03  -3.9249378e-05
  -1.4788642e-02  -4.1412390e-02  -4.4771551e-02   1.1207674e-03  -1.5079103e-03  -9.2802078e-05
  -1.7199846e-02  -7.8627307e-02  -4.4347288e-02   1.0496362e-03  -1.5529745e-03   1.2680580e-05
  -1.5338128e-02  -1.7672784e-02  -5.4515769e-02   1.0115748e-03  -1.4016802e-03  -4.0165616e-05
  -1.7967842e-02  -7.7405578e-02  -5.0275816e-02   1.1975272e-03  -1.6961898e-03  -1.4911423e-04
  -1.3766522e-02  -5.1553745e-02  -5.6748050e-02   1.2866425e-03  -1.4796513e-03   2.7152959e-05
  -5.6937631e-03   4.2541547e-04  -5.7739530e-02   1.2781680e-03  -1.3656138e-03  -1.0209988e-05
  -2.6708628e-03  -4.1540838e-02  -3.9471420e-02   1.3183327e-03  -1.5301602e-03   2.6485835e-04
  -1.0693384e-02  -4.0470593e-02  -4.7592722e-02   1.4969119e-03  -1.4097245e-03   3.0414953e-04
  -9.8489423e-03  -8.7692052e-02  -1.5155545e-02   1.8172201e-03  -1.3906070e-03   3.4704583e-04
  -9.2419981e-03  -5.5572949e-02  -3.5316245e-02   1.2354110e-03  -1.5874833e-03   3.1533130e-04
  -9.2034760e-03  -8.4570324e-02  -4.9153145e-02   1.6771697e-03  -1.5466270e-03   2.1521274e-04
  -1.4071026e-02   5.2548364e-03  -5.9342361e-02   1.2712607e-03  -1.4374323e-03   2.7446768e-04
  -1.6900584e-02  -1.5589952e-02  -4.4837383e-02   1.7996104e-03  -1.4803003e-03   2.9989604e-04
  -2.0314988e-02  -4.5512766e-02  -4.6711820e-02   1.4425815e-03  -1.4266209e-03   3.7311426e-04
  -1.8025426e-02  -9.9570469e-03  -5.2079378e-02   1.7476502e-03  -1.4648865e-03   3.6537951e-04
  -1.7845730e-02  -4.6446470e-02  -4.2894643e-02   1.8597158e-03  -1.4650582e-03   3.9139722e-04
  -1.9044646e-02  -2.0645504e-02  -6.4732726e-02   1.3122517e-03  -1.4101297e-03   3.7014482e-04
  -1.7914508e-02  -6.6578872e-02  -5.0327806e-02   2.0105489e-03  -1.4717171e-03   4.3843011e-04
  -1.1966945e-02  -3.8272166e-02  -4.9502258e-02   1.6716156e-03  -1.2842750e-03   4.8836312e-04
  -8.0834701e-03  -4.5252968e-02  -4.1881859e-02   1.7341035e-03  -1.3353003e-03   5.6895504e-04
  -6.0573403e-03  -2.9662483e-03  -6.0303927e-02   1.5831561e-03  -1.1499755e-03   7.0791283e-04
  -6.2323446e-03  -1.9890255e-02  -6.6967843e-02   1.5721212e-03  -1.0582479e-03   6.9002460e-04
  -2.9246048e-03  -4.6050864e-02  -5.7839009e-02   1.4538074e-03  -1.1204985e-03   7.3144244e-04
  -8.1438755e-03  -4.0881628e-03  -8.7043074e-02   1.6490797e-03  -1.0328613e-03   6.6151631e-04
  -1.8118586e-02  -6.8418145e-02  -7.6936112e-02   2.0278417e-03  -1.4658328e-03   5.9546838e-04
  -1.4026532e-02   6.6876363e-03  -6.3345336e-02   1.6231538e-03  -1.8226699e-03   4.1504229e-04
  -1.0140243e-02  -5.5330870e-02  -5.2889942e-02   1.8991856e-03  -1.6038982e-03   5.6756059e-04
   8.2114190e-04   6.8565676e-03  -4.8233877e-02   1.1038087e-03  -1.6435526e-03   7.3321662e-04
   7.5731859e-03  -4.7990107e-02  -4.9792603e-02   1.5693795e-03  -1.6363770e-03   7.3369463e-04
  -7.9226061e-03  -6.3822963e-02  -4.3324848e-02   1.5567093e-03  -1.3312176e-03   7.5399775e-04
  -1.3323892e-03  -7.3352375e-02  -3.9534714e-02   1.3634267e-03  -1.2215713e-03   6.7599526e-04
   5.3539854e-03  -6.4009244e-02  -4.5507476e-02   1.7450337e-03  -1.4032542e-03   7.3662836e-04
   5.9535092e-03  -4.1717330e-02  -3.8858793e-02   1.4209526e-03  -1.1657114e-03   6.3563153e-04
   5.3052364e-03  -3.4072930e-02  -2.7743150e-02   1.8563518e-03  -1.3933905e-03   7.2145458e-04
   3.8889444e-03  -6.4104546e-02  -3.0599880e-02   1.8116760e-03  -1.3474515e-03   1.0008351e-03
  -1.0935998e-02  -2.3693756e-02  -2.9510099e-02   1.7971420e-03  -1.3793418e-03   8.2095897e-04
  -8.3534173e-03  -3.6967816e-02  -2.7840380e-02   2.5210857e-03  -2.2633574e-03   7.8869444e-04
  -1.5490985e-03  -3.1737486e-02  -2.8803203e-02   1.9082270e-03  -2.2680608e-03   9.7855781e-04
   9.6826177e-04  -1.1584627e-02  -4.1245301e-02   2.2203387e-03  -2.1030606e-03   8.8477121e-04
  -1.4441483e-02  -6.6556967e-02  -2.0523348e-02   2.1902002e-03  -2.6551474e-03   8.0656658e-04
  -1.3405463e-02  -2.7598801e-02  -2.2723580e-02   2.2487334e-03  -2.9573158e-03   4.7381187e-04
   7.5393562e-03  -6.3808706e-02  -2.5941325e-02   2.1622121e-03  -2.8546221e-03   7.5115758e-04
   9.4465978e-03  -2.4137663e-02  -3.3391410e-02   1.7983978e-03  -3.0035730e-03   8.2911048e-04
  -4.3648022e-03  -9.2448078e-03  -2.1963063e-02   2.4546387e-03  -2.8441459e-03   8.0773678e-04
  -8.0453666e-03  -2.0463328e-02  -2.6458588e-02   2.1225189e-03  -2.9711422e-03   9.0203128e-04
  -4.7787214e-03  -5.9204079e-02  -2.2735012e-02   2.6559125e-03  -2.4553823e-03   1.1213391e-03
   5.0939132e-03  -3.1290802e-02   4.8213714e-03   2.0283084e-03  -2.6852676e-03   1.3995442e-03
   8.6929351e-03  -3.7092118e-02  -6.6514621e-03   2.5640086e-03  -2.6500460e-03   1.3208767e-03
   8.1345717e-03  -6.0902178e-02  -6.7505806e-03   2.2013840e-03  -2.5351249e-03   1.2304531e-03
   7.1761425e-03  -5.4074531e-02   4.6978078e-03   1.9537745e-03  -2.7281089e-03   1.0859235e-03
   6.8207797e-03  -5.0102835e-02   1.8981265e-02   2.1083457e-03  -2.7300384e-03   1.2399452e-03
   8.5801891e-03  -2.9252796e-03  -1.1526924e-02   2.0122044e-03  -2.6074205e-03   1.2871059e-03
   4.9617054e-03  -5.2605095e-02  -1.4612429e-03   1.9847325e-03  -2.6377936e-03   1.2855259e-03
   9.8494543e-03  -2.2594830e-02   2.8166858e-03   1.9269932e-03  -2.4844127e-03   1.2070173e-03
   6.2995092e-03  -2.8120045e-02   2.0391199e-02   1.5076966e-03  -2.7419236e-03   1.2674878e-03
   7.6712760e-03  -4.9118564e-02   1.9173859e-02   1.9819129e-03  -2.9247553e-03   1.3047474e-03
   4.7548486e-03  -2.6151409e-02   2.3063902e-02   1.8226131e-03  -2.8325844e-03   1.2410061e-03
   7.2890557e-03  -1.3780020e-02   2.4489221e-02   1.9741114e-03  -2.9181931e-03   1.1149198e-03
   5.4804644e-03  -5.7872901e-03   1.5324726e-02   2.0096758e-03  -2.9232676e-03   1.2354699e-03
  -2.3454850e-03  -3.4120894e-02  -7.2822056e-03   1.8396828e-03  -3.0317377e-03   1.3618458e-03
  -3.8403678e-03  -3.0911690e-04   5.2194517e-03   1.5817054e-03  -3.2049984e-03   1.5123395e-03
   3.1912072e-03   4.0514506e-02  -8.3039780e-03   1.8224213e-03  -3.4179055e-03   1.3895475e-03
  -4.3903473e-03   6.8740400e-03   7.5654472e-03   2.0112313e-03  -3.2380508e-03   1.2776355e-03
  -3.3087637e-03  -4.2161695e-03  -2.7491620e-02   2.2991487e-03  -3.2579103e-03   1.2414049e-03
  -1.1427789e-02  -5.1017593e-02  -2.8154137e-02   2.1356101e-03  -3.1593208e-03   1.2613533e-03
  -8.2771936e-03   7.0193930e-03  -4.0492108e-02   2.2980267e-03  -3.3186282e-03   1.1680294e-03
  -8.6984294e-03  -4.0714787e-02  -1.4838744e-02   2.9291969e-03  -3.0842269e-03   1.3318695e-03
  -1.7768131e-02  -4.9365371e-02  -2.9690382e-02   2.3497681e-03  -3.0695444e-03   1.3269033e-03
  -1.3469562e-02  -5.7504550e-02  -1.3629536e-02   2.8597224e-03  -3.2218088e-03   1.4323110e-03
  -1.7520307e-02  -6.6329490e-02  -8.3552501e-03   2.7903401e-03  -3.0480795e-03   1.5866904e-03
  -1.2683568e-02  -3.0620856e-02  -2.2687839e-03   2.9494576e-03  -3.1824325e-03   1.6330682e-03
  -1.2155633e-02  -5.2536566e-02   7.7413546e-03   3.2198332e-03  -3.1594062e-03   1.4859490e-03
  -1.3665677e-02  -2.9196860e-02  -2.0317647e-03   2.7676882e-03  -3.0967417e-03   1.4983690e-03
  -1.6582920e-02  -7.4267252e-02  -3.5532236e-03   3.0113672e-03  -2.9812374e-03   1.5273699e-03
  -1.1279165e-02  -7.7976407e-02   1.6147484e-02   2.9531107e-03  -2.7739930e-03   1.6875701e-03
   9.2815493e-03   2.0661499e-02   1.5165184e-02   2.7104856e-03  -3.0825156e-03   1.7353719e-03
  -8.9467723e-03  -1.5157976e-02  -1.5422888e-03   3.1804094e-03  -3.0516901e-03   1.6021094e-03
  -9.2812981e-03  -3.8283752e-03  -3.3288516e-02   3.1393235e-03  -3.0654622e-03   1.4859751e-03
  -1.3747357e-02  -9.8091004e-03   2.3823221e-03   3.3078094e-03  -2.8058476e-03   1.5054437e-03
  -9.0960031e-03  -2.4793659e-02   7.3648397e-03   3.0873926e-03  -2.9136771e-03   1.5216123e-03
  -7.8730985e-03   2.0134033e-03  -6.4469438e-03   2.6621939e-03  -3.1586758e-03   1.3599253e-03
  -6.0342035e-03   9.6309837e-05   3.3951562e-03   3.0288557e-03  -2.7194366e-03   1.5823671e-03
   2.0962470e-05   2.2422108e-02   1.9286104e-02   2.2262981e-03  -3.5996401e-03   1.8619873e-03
  -4.2370039e-03  -1.1558368e-02   5.3611586e-02   2.4865743e-03  -3.8572690e-03   2.0037051e-03
   3.5144641e-03  -2.5860113e-02   5.5791965e-02   2.4431879e-03  -3.6596602e-03   1.9380245e-03
   5.0582208e-03  -8.3070115e-02   5.1177663e-02   2.8964712e-03  -3.8526779e-03   1.9946576e-03
   2.5803149e-03  -6.9467256e-02   6.5665352e-02   3.2167336e-03  -3.6008138e-03   1.8936157e-03
   4.1972185e-03  -2.4163297e-02   6.0358382e-02   2.5027670e-03  -3.9683182e-03   2.0243913e-03
   5.9615406e-04  -1.9951055e-02   7.1504579e-02   2.6691106e-03  -3.9635974e-03   2.0383834e-03
   2.2919129e-03  -2.1835479e-02   6.9741668e-02   2.6102078e-03  -3.7574361e-03   2.1256015e-03
  -4.1657197e-03   4.0913528e-03   4.7371389e-02   2.4613262e-03  -4.0210712e-03   1.8565212e-03
  -4.2258470e-03  -1.4147598e-02   5.5769377e-02   2.9594144e-03  -3.3834313e-03   1.5366938e-03
   8.1072288e-03   1.2496744e-02   9.1784872e-03   2.4916821e-03  -3.1379122e-03   1.7609747e-03
   3.5427693e-02  -7.5104391e-03   3.6702476e-02   3.4152115e-03  -3.0242411e-03   2.4802591e-03
   3.6414262e-02   1.7230390e-03   5.6433266e-02   3.0086632e-03  -2.9156386e-03   2.6999293e-03
   5.8553936e-03  -1.3047422e-03   5.7321746e-02   2.5664950e-03  -2.8180131e-03   2.4133673e-03
   2.0891254e-02  -2.4528492e-02   8.7369865e-02   3.1117164e-03  -2.9629005e-03   2.5537991e-03
   2.7211491e-02  -7.7607522e-02   1.0910865e-01   2.9454052e-03  -3.3076363e-03   2.6883970e-03
   3.5537560e-02  -7.6618075e-02   8.4631429e-02   3.6274011e-03  -3.2989297e-03   2.9803821e-03
   3.7636070e-02  -3.5005674e-02   5.5343010e-02   3.6734573e-03  -3.3976110e-03   3.1670962e-03
   3.2310364e-02  -8.2937000e-02   8.8381494e-02   3.9506114e-03  -3.1273133e-03   2.9068963e-03
   2.8743901e-02  -1.8725038e-02   9.8771024e-02   3.6912096e-03  -3.3144672e-03   2.9896293e-03
   3.3625747e-02  -2.9287957e-02   8.2457115e-02   3.2799673e-03  -3.4327925e-03   3.1561081e-03
   2.2853364e-02  -7.4631991e-02   8.6947655e-02   4.1573653e-03  -3.3670575e-03   3.3011777e-03
   3.4151962e-02  -5.8228054e-02   9.4260792e-02   3.7325947e-03  -3.4584988e-03   3.3678166e-03
   4.2357731e-02  -8.3200658e-02   9.9303887e-02   3.9628335e-03  -3.3898358e-03   3.4556721e-03
   6.0495784e-02  -2.7183437e-02   1.1968769e-01   3.7161239e-03  -3.2020037e-03   3.9096146e-03
   6.9877947e-02  -5.8375783e-03   1.5196786e-01   3.7033794e-03  -2.9672568e-03   4.3033856e-03
   7.1941798e-02  -9.0799031e-03   1.4857356e-01   3.9982794e-03  -2.8688525e-03   4.3927877e-03
   7.3529971e-02  -2.8736145e-02   1.5502119e-01   3.9613299e-03  -3.1555777e-03   4.5014161e-03
   6.7449135e-02  -5.1946891e-02   1.5688905e-01   4.1348526e-03  -3.1845340e-03   4.5758977e-03
   6.4314005e-02  -4.2156137e-02   1.7928297e-01   4.2855625e-03  -3.1271266e-03   4.6348321e-03
   6.3363656e-02  -4.7254601e-02   1.6057239e-01   3.3034149e-03  -3.0360899e-03   4.4682983e-03
   6.3320154e-02  -8.2165548e-02   1.5492169e-01   3.4053933e-03  -2.8495196e-03   4.7037538e-03
   6.6836966e-02  -4.9302641e-02   1.7040070e-01   3.5243968e-03  -2.9925493e-03   4.6330735e-03
   6.9977164e-02  -8.1579414e-02   1.6743063e-01   4.1644563e-03  -2.9682118e-03   4.9848013e-03
   7.3433717e-02  -5.0933243e-02   1.8041492e-01   3.7179495e-03  -3.2762823e-03   5.1841129e-03
   7.5596540e-02  -1.5928977e-02   1.8070685e-01   4.0582075e-03  -3.3674269e-03   5.1235444e-03
   8.2550597e-02  -3.6179599e-03   1.7776888e-01   3.8327872e-03  -3.2856511e-03   5.3303189e-03
   8.4125274e-02   2.2960460e-02   1.6185561e-01   3.4743959e-03  -3.5546651e-03   5.4707559e-03
   7.0648591e-02  -2.9771287e-02   1.9200743e-01   4.6272569e-03  -3.2583052e-03   5.5744020e-03
   7.6137144e-02  -4.6315151e-02   1.8361846e-01   4.4217951e-03  -3.6663919e-03   5.7425645e-03
   7.9851978e-02  -6.2151044e-02   2.2042918e-01   4.7595596e-03  -3.2313086e-03   5.7719711e-03
   7.5387908e-02  -3.5461745e-02   2.2700630e-01   4.0911487e-03  -3.2649572e-03   5.6806393e-03
   7.8704981e-02  -9.4432343e-02   2.4705167e-01   4.4465978e-03  -3.1729578e-03   5.7670659e-03
   8.4137407e-02  -7.3133571e-02   2.4681707e-01   4.0382832e-03  -2.8993589e-03   5.9423474e-03
   9.7282477e-02  -1.7674259e-02   2.4263468e-01   4.2230153e-03  -2.9833516e-03   6.0669224e-03
   8.8411841e-02  -7.3368264e-02   2.3707523e-01   4.7694206e-03  -2.8251248e-03   6.2437917e-03
   8.4523056e-02  -5.0954206e-02   2.5150295e-01   3.7625466e-03  -3.2828283e-03   6.0426995e-03
   8.4677732e-02  -8.0687194e-02   2.5858624e-01   4.0269371e-03  -3.2036356e-03   6.1092803e-03
   8.2952084e-02  -6.1007132e-02   2.4202523e-01   4.1701495e-03  -3.0642634e-03   6.1806872e-03
   8.3241276e-02  -8.8683530e-02   2.2359672e-01   4.6184714e-03  -3.0279319e-03   6.1627692e-03
   7.7133041e-02  -8.3606630e-02   2.3504017e-01   4.3426136e-03  -2.8790933e-03   6.1789444e-03
   8.5005924e-02  -3.9510109e-02   2.4057600e-01   4.5914359e-03  -3.1576682e-03   5.9809559e-03
   7.4991064e-02  -1.0878735e-01   2.4655396e-01   4.6719392e-03  -3.2784092e-03   5.9664836e-03
   7.3786753e-02  -5.9692387e-02   2.3744861e-01   4.4248046e-03  -3.4372685e-03   6.2455347e-03
   7.5801527e-02  -4.7079139e-02   2.2774585e-01   4.9785969e-03  -3.3132077e-03   6.2859600e-03
   6.9513377e-02  -1.0811774e-01   2.4417127e-01   4.4519581e-03  -3.5291271e-03   6.2985325e-03
   7.5807274e-02  -3.1811428e-02   2.5287690e-01   4.8164636e-03  -3.4729285e-03   6.1468311e-03
   6.7932398e-02  -1.0494680e-01   2.6574825e-01   4.8048266e-03  -3.3208539e-03   6.2907739e-03
   7.4155588e-02  -8.1879453e-02   2.3813156e-01   4.9938861e-03  -3.1535680e-03   6.1965927e-03
   7.5085742e-02  -7.9981887e-02   2.6234012e-01   4.7058300e-03  -3.3193594e-03   6.1591826e-03
   7.0967770e-02  -7.6723014e-02   2.3202014e-01   4.5297117e-03  -3.5428452e-03   5.6608832e-03
   7.4416426e-02  -8.7155017e-02   2.3416420e-01   5.1645086e-03  -3.5717264e-03   6.0414873e-03
   6.3173003e-02  -7.9388013e-02   2.5141627e-01   4.6135035e-03  -3.7418641e-03   5.9511623e-03
   6.4843316e-02  -9.6399166e-02   2.3056398e-01   5.2785102e-03  -3.3398417e-03   5.9987030e-03
   6.8477178e-02   2.4632237e-02   2.3169798e-01   4.9509057e-03  -3.3169061e-03   5.8184506e-03
   6.4386040e-02  -4.9024593e-02   2.1952368e-01   5.3150858e-03  -3.5808998e-03   5.7871972e-03
   7.0839759e-02  -4.9293917e-02   2.3968978e-01   4.7973884e-03  -3.9743415e-03   6.0024036e-03
   7.0586267e-02  -7.3431749e-02   2.1969583e-01   5.1632979e-03  -3.9670357e-03   6.1727785e-03
   7.4625509e-02  -6.0023139e-02   2.5581897e-01   4.6616149e-03  -3.6193901e-03   6.1811271e-03
   8.8097530e-02  -9.2164187e-02   3.1011111e-01   4.8412497e-03  -4.1227051e-03   6.1851448e-03
   8.8184334e-02  -5.2610055e-02   2.8512844e-01   5.3628321e-03  -3.6990487e-03   6.2363473e-03
   8.2015488e-02  -9.7333257e-02   3.0318030e-01   5.6876071e-03  -3.5639758e-03   6.2603142e-03
   9.3778955e-02  -1.0089029e-01   2.8448501e-01   5.9448721e-03  -3.5161969e-03   6.3901760e-03
   8.8879616e-02  -1.4420600e-01   3.2789313e-01   5.5666429e-03  -3.6687173e-03   6.4954564e-03
   1.1103561e-01  -9.8030148e-02   3.1272605e-01   5.8864761e-03  -3.6183135e-03   6.8012072e-03
   1.0307849e-01  -8.9074485e-02   3.5137699e-01   6.3476483e-03  -3.5143745e-03   6.8885526e-03
   1.1344655e-01  -9.5321426e-02   3.6674004e-01   5.8817105e-03  -3.9437507e-03   7.0516894e-03
   1.2166240e-01  -9.4911015e-02   3.7923860e-01   5.7215809e-03  -4.0069975e-03   7.1424983e-03
   1.1461142e-01  -1.1471495e-01   3.6042481e-01   5.4753887e-03  -3.9694001e-03   7.1264614e-03
   1.1180408e-01  -6.7521850e-02   3.6631178e-01   5.4959122e-03  -3.8546109e-03   6.9566455e-03
   9.3326760e-02  -1.4830761e-01   3.6450747e-01   5.6541113e-03  -3.7931970e-03   7.1597971e-03
   1.0858413e-01  -4.1440039e-02   3.5981525e-01   5.2367611e-03  -4.0901373e-03   7.1477608e-03
   9.8558355e-02  -7.5233037e-02   3.6758414e-01   5.7957576e-03  -3.7609719e-03   6.5007536e-03
   9.0414878e-02  -9.2357494e-02   3.3063087e-01   4.6444802e-03  -3.9134216e-03   6.3798645e-03
   1.1688551e-01  -7.7600747e-02   3.4769970e-01   5.4471009e-03  -4.1998285e-03   6.8063078e-03
   1.0846437e-01  -1.0093024e-01   3.8476814e-01   5.7999740e-03  -3.8134111e-03   6.7863873e-03
   1.3030209e-01  -8.2711974e-02   3.6775547e-01   6.0258599e-03  -4.1109522e-03   6.7851430e-03
   1.1298462e-01  -1.3954031e-01   3.8408775e-01   5.9285742e-03  -3.7382522e-03   7.1298310e-03
   1.1383300e-01  -1.0482640e-01   3.8503840e-01   5.6473863e-03  -3.8817171e-03   7.0886229e-03
   1.2936883e-01  -2.9478188e-02   4.1781869e-01   5.1601142e-03  -4.0041349e-03   7.1836760e-03
   1.1306078e-01  -1.2338093e-01   4.0797298e-01   5.8579712e-03  -3.9521046e-03   7.1948281e-03
   1.1771276e-01  -8.4330914e-02   3.8726958e-01   5.8173757e-03  -3.7118440e-03   7.2694727e-03
   1.1120223e-01  -1.1158085e-01   3.9349091e-01   6.2633705e-03  -3.8399591e-03   7.1621044e-03
   1.2742464e-01  -4.7916467e-02   3.5833998e-01   6.4607147e-03  -3.9166628e-03   7.1400037e-03
   1.2152666e-01  -4.2561595e-02   3.7199098e-01   6.1610218e-03  -4.3857338e-03   7.0353978e-03
   1.1151615e-01  -8.8093546e-02   3.5982494e-01   5.6956682e-03  -3.9498851e-03   7.1560164e-03
   1.2305236e-01  -4.8033883e-02   3.1713048e-01   6.2421397e-03  -3.9862431e-03   7.1532066e-03
   1.1679061e-01  -8.5217706e-02   3.6024593e-01   6.5425898e-03  -4.0914986e-03   7.0818101e-03
   1.2886812e-01  -3.9997204e-02   3.3258897e-01   6.5999631e-03  -4.3186973e-03   7.2697865e-03
