   0.0000000e+00  -1.3563384e-14   0.0000000e+00   0.0000000e+00   0.0000000e+00  -1.3877788e-17
  -2.1925303e-03   6.0217747e-02  -3.0192262e-02   6.2510382e-04   3.7292341e-05  -1.2163640e-04
   4.0175740e-03  -9.2804911e-03   2.8804416e-02  -3.9384360e-04  -1.6930521e-05  -3.2184806e-04
  -8.7927436e-03   5.8951558e-02  -2.3374479e-02  -3.0400021e-04   2.5801426e-04  -4.5576211e-05
  -3.3959707e-04   2.8676987e-02  -2.3881022e-02   6.5153492e-05  -5.3351701e-04  -2.6562234e-04
   2.9013000e-03   4.4229178e-02  -2.5338177e-02  -2.3506875e-04  -1.0604521e-03  -2.4745633e-04
   9.0666643e-03  -3.0807947e-02  -3.5790753e-03  -4.4528887e-04  -1.2247784e-03  -7.0743403e-04
   3.9414820e-03   2.9478673e-02  -6.2043233e-02  -1.8311507e-04  -8.8857880e-04  -2.7404023e-04
   2.2359589e-02   4.9445776e-03  -2.7084069e-02  -5.0233586e-04  -1.4282943e-03  -6.1347852e-04
   2.2630683e-02   4.1425210e-02  -8.1528151e-02   2.3908416e-04  -1.0309861e-03  -3.8850404e-04
   1.9537793e-02   4.1150627e-02  -3.9771293e-02  -2.4368648e-04  -1.5157601e-03  -7.8248185e-04
   1.4368403e-02  -2.2519093e-02  -6.2587979e-02   4.7817240e-04  -1.5277178e-03  -7.2808377e-04
   9.3348929e-03   5.9586212e-02  -3.7590929e-02   4.4635239e-04  -1.3755104e-03  -7.2238027e-04
   7.0482562e-03   2.5303576e-02  -5.7484208e-02   2.2151231e-04  -8.2882130e-04  -4.5331933e-04
   1.7618062e-02   8.2514640e-03  -5.2922692e-02   2.7615826e-04  -1.3770173e-03  -5.1782572e-04
   2.1831840e-02   2.1292594e-02  -8.7028856e-02   3.9550186e-04  -1.2279314e-03  -6.4285464e-04
   1.8810025e-02   1.6370606e-02  -2.5565500e-02  -9.7288946e-06  -1.0595596e-03  -6.4558732e-04
   2.3254792e-02   1.5833835e-03  -4.5229536e-02   6.9369421e-04  -1.0021666e-03  -1.9726730e-04
   2.0839013e-02   2.0033095e-02  -3.3379312e-04   6.2913487e-05  -1.2592168e-03  -6.1313428e-04
   1.8751568e-02   1.7471085e-02  -6.0497667e-02   4.8589674e-04  -9.5042282e-04  -2.0157654e-04
   3.3880375e-02   1.1542539e-02  -5.0235458e-02   4.1075700e-04  -1.5060615e-03  -2.4488550e-04
   3.8536332e-02  -7.6395350e-02  -4.1985493e-02   4.4805551e-04  -1.3294859e-03  -4.0516317e-04
   3.0246935e-02   2.7138539e-02  -8.7827683e-02   1.2825553e-03  -1.5326099e-03  -4.3623588e-04
   3.5436118e-02  -5.7092298e-02  -2.1282361e-02   4.6185708e-04  -1.6266409e-03  -6.3285910e-04
   2.1490590e-02   5.4738033e-02  -3.2048569e-02   5.3751543e-04  -1.2982460e-03  -2.9578952e-04
   2.9571502e-02  -1.3911193e-02   4.3021951e-03   9.0377805e-05  -1.7452923e-03  -6.4174817e-04
   3.3201231e-02   1.0601234e-02  -4.8911181e-02   6.0671644e-04  -1.5910897e-03  -3.2505235e-04
   2.8486612e-02   1.6551896e-02  -3.4613250e-02   2.4367495e-04  -1.4299349e-03  -4.7993414e-04
   3.7839320e-02   1.9144700e-02  -6.4072175e-02   3.5187678e-04  -1.2523931e-03  -2.3351241e-04
   2.1205942e-02   3.7949393e-03  -6.0465957e-02   8.5672607e-04  -1.8880982e-03  -7.4173481e-04
   4.5364809e-02   5.7314415e-02  -1.8268807e-01  -1.6009814e-03  -4.9713392e-03  -7.8061563e-04
   3.5745954e-02   1.3438880e-02  -1.2093082e-01  -2.1330731e-03  -3.9245043e-03  -6.1734313e-04
   2.8442491e-02   6.9500014e-02  -1.5355654e-01  -1.1401736e-03  -3.9869406e-03  -2.4477353e-04
   3.9542093e-02  -2.6616882e-02  -9.6125743e-02  -9.5032263e-04  -3.7837861e-03  -6.3760380e-04
   2.8462440e-02   6.6087765e-02  -1.2612792e-01  -1.6791047e-03  -3.5836173e-03  -4.3743664e-04
   3.6063208e-02   2.1293326e-03  -6.6608981e-02  -9.8138191e-04  -3.4660765e-03  -6.5035740e-04
   2.2335155e-02   7.6899899e-03  -9.5243442e-02  -2.5060235e-04  -2.5183258e-03  -4.6062899e-04
   2.5761441e-02   1.7730078e-02  -5.1999231e-02  -6.5339721e-04  -2.5318171e-03  -5.3671546e-04
   2.5555794e-02   5.1340674e-02  -8.6402634e-02  -4.2758975e-04  -2.2880685e-03  -6.2206369e-04
   2.8823487e-02   3.1042771e-02  -6.0603528e-02   2.9985324e-04  -2.6735729e-03  -6.9511480e-04
   1.5699526e-02   2.5590894e-02  -6.5631527e-02  -1.0671340e-04  -2.2024362e-03  -5.7600471e-04
   2.0768686e-02   3.9257490e-02  -6.6786947e-02  -1.9747759e-04  -2.4034509e-03  -7.5466429e-04
   2.9686363e-02   2.6981073e-02  -8.7671900e-02   2.7100852e-04  -2.3828144e-03  -7.3934099e-04
   2.8604402e-02  -2.0908427e-02  -5.5903407e-02  -1.0138434e-05  -2.5037221e-03  -9.1654791e-04
   2.0761838e-02   6.3542569e-02  -9.6451744e-02   9.1973932e-04  -2.5530646e-03  -5.5817109e-04
   3.2455249e-02  -1.6479442e-02  -3.0369031e-02  -1.3783624e-04  -3.0618007e-03  -1.0315044e-03
   1.9534502e-02   1.8278859e-02  -7.0679342e-02   2.0065124e-04  -2.3542240e-03  -8.4634679e-04
   2.5638941e-02   5.9724773e-02  -6.3852905e-02   4.1154683e-05  -2.6971384e-03  -8.4252746e-04
   2.8652088e-02   1.5181501e-02  -1.0441984e-01   4.2121332e-04  -2.3321688e-03  -4.8498680e-04
   2.6238057e-02   6.4210072e-02  -8.2384025e-02   4.6738204e-04  -2.3669639e-03  -7.3545195e-04
   3.7458953e-02   2.5549949e-04  -8.6648976e-02   8.0146000e-04  -2.2874678e-03  -5.1571069e-04
   4.1867015e-02  -7.1878558e-03  -4.8837674e-02   5.5258999e-04  -2.5668081e-03  -6.1706988e-04
   3.3142602e-02   1.2158615e-02  -6.8511647e-02   5.9698244e-04  -2.3701012e-03  -7.6401866e-04
   3.9155686e-02   1.6296580e-02  -7.6628802e-02   7.0619041e-04  -3.1300682e-03  -7.3165273e-04
   3.9707090e-02   2.0065376e-02  -8.9524687e-02   1.9329653e-04  -2.7590184e-03  -1.0332830e-03
   3.0040365e-02   4.7447164e-02  -8.8016178e-02   9.3239260e-04  -2.6111575e-03  -9.2965115e-04
   4.9898665e-02  -3.1982684e-02  -8.3498837e-02   7.5387478e-04  -2.9160315e-03  -1.2012583e-03
   3.2333568e-02   6.6065692e-02  -1.0155875e-01   7.2204336e-04  -2.7900277e-03  -1.0168241e-03
   4.4222595e-02   4.5115039e-02  -1.0026476e-01   4.8487985e-04  -3.1407696e-03  -9.0932596e-04
   3.6466263e-02   6.8905088e-02  -1.2013921e-01   4.2014879e-04  -2.9792692e-03  -9.0285528e-04
   4.8026417e-02   1.5385003e-02  -1.0579580e-01   1.0655842e-03  -3.2787022e-03  -9.2270089e-04
   4.6645404e-02   3.1488156e-02  -1.2594782e-01   6.5301187e-04  -2.9577036e-03  -1.1083518e-03
   5.2856321e-02   3.4783816e-02  -1.0905560e-01   1.4445479e-03  -3.2250799e-03  -9.6916503e-04
   6.4753358e-02  -1.9723467e-02  -1.0679869e-01   7.1609691e-04  -3.1590272e-03  -9.4557292e-04
   4.8736686e-02   8.7792640e-02  -1.3602782e-01   1.4225221e-03  -3.2008555e-03  -9.0247436e-04
   6.1133829e-02  -1.5833075e-02  -1.0705106e-01   1.5535236e-03  -3.3888497e-03  -1.0908187e-03
   4.5685282e-02   6.5264946e-02  -1.5049488e-01   1.7960908e-03  -2.9415746e-03  -8.1406568e-04
   5.7295735e-02   2.6459319e-02  -1.1576491e-01   1.3680821e-03  -3.2476261e-03  -9.9551665e-04
   5.9914181e-02   3.4490288e-02  -1.4163049e-01   9.3833768e-04  -3.4868721e-03  -8.7689445e-04
   6.8143188e-02  -4.5344305e-03  -1.0219841e-01   9.7624250e-04  -3.8071747e-03  -9.6368693e-04
   6.2182414e-02   8.2975885e-03  -1.1948136e-01   7.9445181e-04  -3.5481407e-03  -1.1130572e-03
   6.9689233e-02   3.4438415e-02  -1.1562698e-01   1.5513995e-03  -3.9510874e-03  -1.0570458e-03
   6.9296224e-02   2.1682477e-02  -1.2037646e-01   7.5993871e-04  -3.5254497e-03  -1.1025033e-03
   6.7907327e-02   2.3515693e-02  -1.1135887e-01   7.5828328e-04  -3.9604664e-03  -1.1483357e-03
   8.2338803e-02  -4.2028263e-02  -1.0710280e-01   4.6527160e-04  -4.1635861e-03  -1.2321422e-03
   7.2556146e-02   1.4047366e-03  -1.2802411e-01   1.0154972e-03  -3.6403000e-03  -1.2998909e-03
   7.8567878e-02  -1.1639738e-03  -1.0960285e-01   1.0408204e-03  -4.0908984e-03  -9.7154224e-04
   6.2713557e-02   7.2408934e-02  -9.9675535e-02  -1.5208554e-04  -4.1838854e-03  -1.2469152e-03
   6.9597363e-02   6.7021890e-02  -1.1217960e-01   4.8188572e-04  -4.2234298e-03  -1.1594383e-03
   7.2918582e-02   2.7167702e-02  -1.1672522e-01  -2.9026028e-04  -4.1458063e-03  -1.3961301e-03
   7.5043717e-02   6.3790834e-02  -1.2128595e-01   8.0244004e-04  -4.3541466e-03  -1.2195791e-03
   7.5998195e-02   5.2921624e-03  -9.4192950e-02  -3.7800105e-05  -4.4807241e-03  -1.3340207e-03
   6.3151528e-02   7.6518696e-02  -1.1749213e-01   5.6767551e-05  -4.4912593e-03  -1.2984229e-03
   7.4544499e-02   4.4210288e-02  -1.2409552e-01   1.8936108e-05  -4.6231692e-03  -1.3972271e-03
   5.6915819e-02   5.6943273e-02  -1.3489620e-01   1.1957708e-04  -4.6670987e-03  -1.3469812e-03
   6.9153343e-02   6.2760043e-02  -1.1209327e-01   3.7144968e-04  -5.2858612e-03  -1.5972408e-03
   5.5915114e-02   5.1461908e-02  -1.2895719e-01  -2.6509008e-04  -5.1326865e-03  -1.4788785e-03
   6.3018034e-02   1.1875047e-01  -1.4082863e-01  -4.9944855e-04  -5.9434263e-03  -1.6710882e-03
   6.0780203e-02   7.7246330e-02  -1.5190371e-01  -9.1186538e-04  -5.8944024e-03  -1.8528271e-03
   7.0593916e-02   8.2272953e-02  -1.5052066e-01  -2.4035833e-04  -6.4377596e-03  -1.8356724e-03
   5.9159620e-02   7.6728061e-02  -1.5896144e-01  -5.2828130e-04  -6.0711999e-03  -1.8366284e-03
   6.0245070e-02   1.1749961e-01  -1.5746776e-01  -6.1046835e-04  -6.4518914e-03  -2.0315861e-03
   6.7965958e-02   2.1271184e-02  -1.5428795e-01  -1.0602550e-03  -6.5183483e-03  -2.1144663e-03
   5.8240788e-02   1.0388115e-01  -1.5907114e-01  -8.7140396e-04  -6.8292615e-03  -2.3343174e-03
   6.7928019e-02   3.5412249e-02  -1.5312887e-01  -1.3029652e-03  -6.9593218e-03  -2.1532886e-03
   4.4035330e-02   1.5224532e-01  -1.7679021e-01  -1.1559534e-03  -6.7953319e-03  -2.3417351e-03
   6.4628445e-02   6.2462544e-02  -1.5080129e-01  -1.2226409e-03  -7.2036813e-03  -2.2277908e-03
   4.4129386e-02   1.4847022e-01  -1.5443780e-01  -1.7007165e-03  -7.0101683e-03  -2.4654836e-03
   4.3722439e-02   1.1450566e-01  -1.6265069e-01  -1.2717154e-03  -7.0447518e-03  -2.1110704e-03
   3.8517700e-02   1.0390055e-01  -1.8531926e-01  -2.0616865e-03  -6.9268531e-03  -2.2470280e-03
   3.8556066e-02   1.0237517e-01  -1.6951826e-01  -1.2530777e-03  -6.8805926e-03  -2.2016906e-03
   4.1669808e-02   6.9493545e-02  -1.8001188e-01  -1.0557454e-03  -6.9107142e-03  -2.1460522e-03
   3.1976741e-02   9.0246245e-02  -1.8023123e-01  -1.9347443e-03  -7.6225786e-03  -2.5283444e-03
   3.8924099e-02   1.1480100e-01  -1.6528035e-01  -4.0076616e-03  -8.3110929e-03  -2.9986878e-03
   4.1919960e-02   8.4291222e-02  -1.6827330e-01  -3.1603493e-03  -8.3936694e-03  -2.7622451e-03
   3.5636198e-02   1.2428079e-01  -1.7486022e-01  -3.7749666e-03  -8.3047208e-03  -2.9560337e-03
   3.1090733e-02   1.5551616e-01  -1.7088302e-01  -3.3752708e-03  -8.2560731e-03  -2.6944483e-03
   3.8684800e-02   1.2063598e-01  -1.6826172e-01  -3.7236186e-03  -8.2442005e-03  -2.7489305e-03
   4.1715941e-02   8.6705124e-02  -1.6950402e-01  -3.0346291e-03  -8.0355914e-03  -2.9320462e-03
   4.9369539e-02   8.8246415e-02  -1.5741689e-01  -3.3455105e-03  -8.2516074e-03  -2.9409722e-03
   3.9937515e-02   1.5861486e-01  -1.7340440e-01  -3.4545930e-03  -8.0882473e-03  -2.7364701e-03
   5.2107757e-02   1.2793718e-01  -1.9062183e-01  -2.4367192e-03  -8.5071657e-03  -2.5505758e-03
   5.9512201e-02   8.0064049e-02  -1.6563754e-01  -3.0940314e-03  -8.4082391e-03  -2.8915077e-03
   5.0912555e-02   1.6150264e-01  -1.9218446e-01  -4.1082465e-03  -8.4714788e-03  -2.9329948e-03
   6.3184858e-02   1.0530299e-01  -1.7394136e-01  -3.5254568e-03  -8.7653539e-03  -3.1900888e-03
   6.7003864e-02   1.3465250e-01  -2.0928739e-01  -3.8434123e-03  -8.5996498e-03  -3.1136039e-03
   6.3117104e-02   1.5601448e-01  -1.8595830e-01  -4.2431653e-03  -8.6184988e-03  -3.1889400e-03
   6.3374265e-02   1.2176640e-01  -2.2004627e-01  -3.4428982e-03  -8.3814539e-03  -2.8770595e-03
   7.1081097e-02   1.0994157e-01  -1.6968467e-01  -3.6026453e-03  -8.8324511e-03  -3.0263212e-03
   7.5021094e-02   1.4121569e-01  -1.8688430e-01  -3.2565532e-03  -8.7613300e-03  -2.6514352e-03
   7.9463111e-02   1.5770208e-01  -1.5757048e-01  -3.4486355e-03  -9.0229156e-03  -3.0861873e-03
   6.4871202e-02   1.3261985e-01  -1.7222763e-01  -3.5228391e-03  -8.3983110e-03  -2.8734437e-03
   5.2365542e-02   1.8865001e-01  -1.6893060e-01  -4.0673391e-03  -8.3654463e-03  -2.9739878e-03
   6.8218181e-02   9.6573639e-02  -1.8956445e-01  -2.6580455e-03  -8.5835218e-03  -2.8395896e-03
   6.2848601e-02   1.6957262e-01  -1.8513028e-01  -3.8081795e-03  -8.4203223e-03  -3.1095487e-03
   6.3736376e-02   1.6849676e-01  -2.0701651e-01  -2.9274198e-03  -8.3650538e-03  -2.7884114e-03
   7.5507946e-02   9.1477631e-02  -1.7694247e-01  -3.1996274e-03  -8.4065013e-03  -2.7744723e-03
   7.2338812e-02   1.2768394e-01  -1.7744447e-01  -2.7934995e-03  -8.4388250e-03  -2.7136531e-03
   7.8001510e-02   1.3989156e-01  -1.7040804e-01  -2.2941930e-03  -8.6664553e-03  -2.7945585e-03
   7.0673187e-02   1.3640159e-01  -1.8286688e-01  -3.0256065e-03  -8.2509633e-03  -2.8741301e-03
   6.9586202e-02   1.5811790e-01  -1.8011827e-01  -2.7671734e-03  -8.4690307e-03  -2.8041998e-03
   7.0259215e-02   1.3316198e-01  -1.8350047e-01  -3.7211821e-03  -8.2444592e-03  -2.7344679e-03
   7.0889832e-02   1.4928250e-01  -1.8330932e-01  -3.3498218e-03  -8.3107637e-03  -2.7775383e-03
   8.7418983e-02   8.5084742e-02  -1.7263583e-01  -3.1425248e-03  -8.4548173e-03  -2.4228682e-03
   7.2218513e-02   1.8628003e-01  -1.8815881e-01  -3.5574304e-03  -8.1753577e-03  -2.6401090e-03
   8.3064396e-02   9.2267837e-02  -1.5273927e-01  -3.7636425e-03  -8.5174228e-03  -2.7466001e-03
   7.0324669e-02   2.0053285e-01  -1.8391425e-01  -3.4724278e-03  -8.3462786e-03  -2.4710504e-03
   8.6827939e-02   8.6535206e-02  -1.3477149e-01  -3.7061787e-03  -9.1223816e-03  -2.5949940e-03
   7.0753723e-02   1.2082922e-01  -1.6555971e-01  -3.7824479e-03  -8.4825170e-03  -2.5347179e-03
   7.2281170e-02   1.3986192e-01  -1.3394826e-01  -3.7630002e-03  -9.2302317e-03  -2.8350021e-03
   6.1887551e-02   1.6286295e-01  -1.6813392e-01  -3.7586648e-03  -8.8695659e-03  -2.6381769e-03
   7.3301223e-02   1.5439986e-01  -1.4971178e-01  -3.9144450e-03  -9.1945755e-03  -2.6457950e-03
   7.1020379e-02   1.4544132e-01  -1.7215583e-01  -3.7992327e-03  -8.9238459e-03  -2.6962565e-03
   7.4551179e-02   1.1718180e-01  -1.4638056e-01  -4.0333795e-03  -9.0841472e-03  -2.7180165e-03
   7.0128920e-02   1.7247598e-01  -1.4433319e-01  -4.7852980e-03  -9.0285338e-03  -2.6725599e-03
   6.6602126e-02   1.8843216e-01  -1.6211538e-01  -4.0463345e-03  -8.9530373e-03  -2.7252514e-03
   6.8112700e-02   1.1432944e-01  -1.7845850e-01  -4.5343679e-03  -8.7179846e-03  -2.7357550e-03
   6.1882341e-02   1.9924713e-01  -1.7104972e-01  -4.0527497e-03  -8.8303025e-03  -2.6643387e-03
   7.5654285e-02   1.1662780e-01  -1.6403156e-01  -4.7396713e-03  -8.7293358e-03  -2.6946418e-03
   7.0906368e-02   1.5608088e-01  -1.6594136e-01  -3.9672456e-03  -8.9692635e-03  -2.6428837e-03
   7.7586556e-02   1.0042758e-01  -1.5676503e-01  -3.9916349e-03  -9.0111925e-03  -2.7212334e-03
   6.0635504e-02   1.8856835e-01  -1.6818959e-01  -5.2826499e-03  -8.8265999e-03  -2.7144033e-03
   7.1330230e-02   1.6955522e-01  -1.7090152e-01  -4.2533623e-03  -9.0433796e-03  -2.8789364e-03
   6.3532297e-02   1.7182597e-01  -1.8737785e-01  -3.9986303e-03  -8.9934088e-03  -2.9106622e-03
   6.9997619e-02   1.5083156e-01  -1.6399400e-01  -4.2949891e-03  -9.3946039e-03  -2.9068403e-03
   6.8038566e-02   1.4755000e-01  -1.8621433e-01  -4.5470128e-03  -9.1565388e-03  -2.9433050e-03
   6.9771033e-02   1.3754689e-01  -1.7389140e-01  -4.0865511e-03  -9.1889011e-03  -2.8233221e-03
   5.4114837e-02   1.7337099e-01  -1.8244352e-01  -4.3220189e-03  -9.0218581e-03  -2.9663357e-03
   6.5352133e-02   1.3342188e-01  -1.7747260e-01  -3.5950390e-03  -9.2428324e-03  -2.8023148e-03
   5.5800519e-02   1.9976920e-01  -1.8029184e-01  -4.5615137e-03  -9.1720702e-03  -3.0278810e-03
   6.4287969e-02   1.4634865e-01  -1.5691201e-01  -3.7502726e-03  -9.5990612e-03  -2.9884634e-03
   5.4946047e-02   1.5237447e-01  -1.7343077e-01  -4.7493399e-03  -9.1384169e-03  -2.9894060e-03
   5.6369947e-02   1.9280123e-01  -1.7146462e-01  -3.6937874e-03  -9.2614807e-03  -2.8895425e-03
   6.9622690e-02   9.9361054e-02  -1.5391407e-01  -4.2312664e-03  -9.2703449e-03  -3.1191969e-03
   5.6819011e-02   1.6416851e-01  -1.6329956e-01  -3.7674765e-03  -9.4566384e-03  -2.8849235e-03
   6.2042107e-02   1.8587184e-01  -1.7742144e-01  -4.5068930e-03  -9.4240843e-03  -3.0890418e-03
   6.4023312e-02   1.8501316e-01  -1.8621061e-01  -3.4531807e-03  -9.6904620e-03  -3.0011164e-03
   6.2202923e-02   1.3008352e-01  -1.8002654e-01  -4.5070571e-03  -9.3828517e-03  -3.1647686e-03
   4.9244800e-02   1.9975352e-01  -1.7619525e-01  -4.1427152e-03  -9.5994518e-03  -3.4345134e-03
   6.4008267e-02   1.2268181e-01  -1.5776901e-01  -4.1436173e-03  -1.0046150e-02  -3.5881556e-03
   4.4832043e-02   1.7373377e-01  -1.8630017e-01  -4.0983404e-03  -9.7808674e-03  -3.2036231e-03
   5.2882585e-02   1.7045702e-01  -2.1761543e-01  -4.3799178e-03  -9.9269279e-03  -3.6529233e-03
   5.5933713e-02   1.8641577e-01  -2.2724194e-01  -3.7889359e-03  -9.9788016e-03  -3.4753175e-03
   5.8693951e-02   1.2687081e-01  -2.2282687e-01  -3.9295851e-03  -1.0152215e-02  -3.4816529e-03
   4.8060145e-02   2.1501779e-01  -2.1556067e-01  -3.7717699e-03  -1.0265229e-02  -3.6115743e-03
   5.8926710e-02   1.7399554e-01  -1.9898933e-01  -3.8111986e-03  -1.0334542e-02  -3.6399060e-03
   6.4238925e-02   1.6855924e-01  -2.1628652e-01  -3.5504000e-03  -1.0345358e-02  -3.5944509e-03
   5.8493765e-02   1.5595687e-01  -1.9897456e-01  -3.3390020e-03  -1.0413025e-02  -3.5480924e-03
   4.9338514e-02   1.6937307e-01  -2.0478600e-01  -3.6711959e-03  -1.0468561e-02  -3.6061488e-03
   5.7689905e-02   1.0748667e-01  -1.9492578e-01  -3.6470349e-03  -1.0639237e-02  -3.6169004e-03
   4.1058920e-02   2.0611112e-01  -2.0561304e-01  -3.9118687e-03  -1.0520582e-02  -3.7523973e-03
   6.6057665e-02   1.3031117e-01  -1.9988244e-01  -3.6080020e-03  -1.0837060e-02  -3.7761859e-03
   5.7334420e-02   1.2784768e-01  -2.0724545e-01  -3.8531658e-03  -1.0603201e-02  -4.0211277e-03
   5.6196297e-02   1.4338560e-01  -1.8903816e-01  -3.6473671e-03  -1.0869341e-02  -3.9817700e-03
   5.2997416e-02   1.6012025e-01  -2.3280643e-01  -3.5324397e-03  -1.0544845e-02  -3.7905039e-03
   6.2079322e-02   1.7598881e-01  -2.2383561e-01  -3.3798280e-03  -1.0889202e-02  -4.0122612e-03
   6.1425294e-02   1.4973649e-01  -2.1040130e-01  -3.2767006e-03  -1.0911752e-02  -4.1499797e-03
   6.2252503e-02   1.5684035e-01  -2.1132124e-01  -2.4224534e-03  -1.1261988e-02  -3.9729578e-03
   6.0433421e-02   1.7196635e-01  -2.1332298e-01  -3.6558601e-03  -1.1012563e-02  -4.2761740e-03
   6.8133053e-02   1.8109522e-01  -2.0467918e-01  -3.6095222e-03  -1.1406434e-02  -4.0130508e-03
   4.9139368e-02   1.7532231e-01  -1.7993424e-01  -4.7665527e-03  -1.0839982e-02  -4.3584077e-03
   4.5404993e-02   2.5326740e-01  -2.2056597e-01  -3.9962638e-03  -1.0842061e-02  -3.7611277e-03
   5.8504214e-02   2.0742371e-01  -1.9881684e-01  -4.9297350e-03  -1.0928852e-02  -4.0207402e-03
   4.7608379e-02   2.3750509e-01  -2.4899728e-01  -4.0942400e-03  -1.1055301e-02  -3.9989148e-03
   5.6415240e-02   1.0811384e-01  -2.0549319e-01  -4.2531868e-03  -1.1403935e-02  -4.3391181e-03
   4.5628824e-02   2.1065590e-01  -2.4861145e-01  -3.6203519e-03  -1.1225054e-02  -3.8889113e-03
   4.6870086e-02   2.3820750e-01  -2.4296238e-01  -3.6666432e-03  -1.1462756e-02  -4.0078994e-03
   6.2770491e-02   1.8761191e-01  -2.2631007e-01  -3.7834367e-03  -1.1619985e-02  -4.2318116e-03
   5.9529282e-02   2.0141992e-01  -2.4566036e-01  -4.3414084e-03  -1.1790833e-02  -4.5579006e-03
   5.5681391e-02   2.0466786e-01  -2.3958081e-01  -4.2113424e-03  -1.1714825e-02  -4.1972299e-03
   6.2212381e-02   1.6383922e-01  -2.3216563e-01  -4.7651742e-03  -1.1674757e-02  -4.2932115e-03
   6.1360163e-02   1.7808802e-01  -2.3799253e-01  -4.1811972e-03  -1.1822587e-02  -4.4208907e-03
   6.1520032e-02   1.6449409e-01  -2.6277568e-01  -4.4891874e-03  -1.1716559e-02  -4.6883605e-03
   5.7773136e-02   1.5264183e-01  -2.4921218e-01  -4.2646389e-03  -1.2129509e-02  -4.3438546e-03
   5.7383777e-02   1.6161120e-01  -2.5275784e-01  -4.5572372e-03  -1.1948863e-02  -4.4009643e-03
   5.4194653e-02   2.0070510e-01  -2.5288527e-01  -4.3031543e-03  -1.2156782e-02  -4.6246353e-03
   6.6091399e-02   1.6569416e-01  -2.8039504e-01  -4.3360160e-03  -1.2218529e-02  -4.5528729e-03
   5.8899589e-02   1.8515325e-01  -2.6839014e-01  -4.1311859e-03  -1.2469426e-02  -4.8058910e-03
   5.9622878e-02   1.5844603e-01  -2.4885195e-01  -4.2613540e-03  -1.2301199e-02  -4.6456944e-03
