   0.0000000e+00   0.0000000e+00   0.0000000e+00   0.0000000e+00   0.0000000e+00   0.0000000e+00
  -1.1067795e-03   4.5558696e-02   2.3254208e-02  -2.8239125e-04   1.0156843e-04   1.9143753e-04
   2.9587024e-03   2.6354872e-02   9.5899667e-03  -5.9903971e-04   7.6987013e-05   6.0646623e-05
   1.7396533e-03   3.9421995e-02   2.6088362e-02  -3.8383410e-04   1.7277431e-05   1.6056976e-04
   4.2444644e-03   1.9199502e-02  -7.8320695e-03  -3.7881386e-04   3.4733894e-05   1.3807511e-04
  -3.2513717e-03   5.7608409e-02   1.1430812e-02  -2.7054541e-04   2.3206745e-04   2.8098155e-05
   6.7339050e-03  -3.1620657e-02  -1.4710747e-03  -2.9469864e-04   5.4922049e-05   3.7238888e-05
   4.0024383e-03   9.4003477e-03  -2.0425499e-02  -2.0193395e-05   5.6744973e-05   5.5429041e-05
  -1.0414191e-03  -2.1117620e-02   7.0753879e-03  -4.2905878e-04  -9.0074639e-05   6.3798025e-05
   2.2674287e-03   7.4014319e-02  -8.8207230e-03   2.3914628e-04   5.2213627e-06   1.4102101e-04
   1.3840947e-02  -7.2076313e-02   3.8920730e-03   1.5435769e-03   1.7684044e-06   4.5781208e-06
   9.5156551e-05   1.3848033e-01  -1.3069611e-01   1.3930846e-03   5.2010209e-04  -1.5624828e-04
  -2.0909683e-03   8.7639760e-02  -4.6209425e-02   4.6616574e-04   1.7716837e-04  -8.0230768e-05
   1.2415845e-03   3.1408254e-02  -8.0079403e-02   7.2241788e-04   4.2230212e-04   2.5596138e-05
   3.6783271e-03   2.9203140e-02  -4.0658866e-02   5.0052226e-04   3.2120441e-04   8.6368883e-05
   1.8127214e-03   6.5744720e-02  -3.5353363e-02   1.5133292e-04   4.0169967e-04   7.1865627e-05
   4.4743124e-03   4.4760275e-02  -3.3324860e-02   2.2750951e-04   2.9066216e-04  -3.7223448e-05
   2.8977115e-03   1.8133257e-02  -4.2089627e-02   5.8693189e-04   5.3297324e-04  -6.9367681e-05
  -4.2311307e-03  -1.0151265e-02  -2.7063172e-02   2.5174326e-04   2.1250151e-04  -1.0346748e-04
  -1.5280818e-02   1.1687276e-01  -9.2632288e-02  -3.4641539e-05   1.1653665e-04  -9.2752743e-05
  -1.1451925e-02   7.8371001e-02  -1.1727555e-01   1.5667009e-04   5.7362026e-04  -2.3096280e-04
  -1.0109279e-02   7.0284905e-02  -1.1730167e-01   4.1837441e-04   5.7940627e-04  -2.1405084e-04
  -2.0027142e-03   5.3806485e-02  -8.8930830e-02   2.7050442e-04   3.3817746e-04  -2.8646673e-04
  -3.3579205e-03   3.9707837e-02  -8.1198543e-02  -6.5227976e-05   6.2866883e-04  -1.9002782e-04
   3.4505516e-03   3.3682785e-03  -9.2681219e-02   2.5522021e-04   4.8529820e-04  -1.8697329e-04
  -3.1343977e-03   9.9353946e-02  -1.0311254e-01  -5.3613901e-05   3.5609798e-04  -5.9713213e-06
   3.9030167e-03   6.5330665e-02  -1.2831593e-01   5.0885283e-04   4.5942246e-04  -9.9193749e-05
  -4.0611539e-03   1.2054792e-01  -1.3686407e-01   4.8282088e-04   6.6526030e-04  -2.5809871e-04
   5.4898106e-03   6.7261281e-02  -1.0856866e-01   4.8135017e-04   4.2298058e-04  -2.7880381e-04
   4.1222260e-03   1.2100500e-01  -1.3831129e-01   8.5793257e-04   6.3717245e-04  -1.7557178e-04
   3.4200274e-03   1.2640542e-01  -1.0918817e-01   3.2642040e-04   6.8603287e-04  -1.0280391e-04
   4.6445971e-03   4.6900022e-02  -1.2868302e-01   2.8144057e-04   5.5499414e-04  -3.8533478e-05
   3.6784673e-03   1.1966808e-01  -1.3234772e-01   3.9183483e-04   7.2955624e-04   5.1893234e-06
   2.5748679e-03   6.5739533e-02  -1.0814918e-01   9.0316960e-04   6.0112632e-04  -9.5796874e-05
   7.4231735e-04   1.1386014e-01  -8.0568476e-02   5.6533119e-04   7.1873527e-04  -2.9620250e-05
   6.7889295e-03  -4.1642200e-03  -9.8032796e-02   6.4153991e-04   7.2427271e-04  -4.7685110e-05
   6.3629148e-03   1.1282438e-01  -7.8544460e-02   5.3098365e-04   7.4518901e-04  -9.4046219e-05
   8.8129885e-03   5.4193787e-02  -9.9535183e-02   1.8909972e-04   7.2455198e-04  -7.7061852e-05
   2.3299859e-03   1.2755991e-01  -7.8085809e-02   4.0770352e-04   7.8862317e-04  -4.1144543e-05
  -3.7397935e-03   7.5270026e-02  -7.3468747e-02   3.5917151e-04   8.3799480e-04  -7.7224479e-05
  -3.5014681e-03   3.8538135e-02  -5.1069369e-02   4.6848596e-04   6.4844673e-04   9.3684191e-05
  -2.5998772e-03   1.1912332e-01  -8.9393690e-02   3.8749360e-04   6.4161552e-04   1.8424716e-06
  -6.3740400e-03   1.0280462e-01  -1.1337832e-01   5.8062338e-04   7.7961774e-04  -1.9241891e-04
  -5.2471187e-04   7.0420005e-02  -1.0671031e-01   4.1312074e-04   7.1987996e-04  -6.1281864e-05
   1.0110530e-02   4.6580366e-02  -1.1531108e-01   6.6304939e-04   3.5216727e-04  -1.2623291e-04
   1.6253206e-03   4.3304998e-02  -1.1091586e-01   2.1228845e-05   4.3604484e-04  -4.9473905e-05
   2.6346117e-03   4.3260979e-02  -9.8924435e-02   7.8384154e-04   3.9708118e-04  -1.7284904e-04
   1.0548943e-03   1.1488115e-01  -9.7399895e-02   1.6789526e-04   5.2576100e-04  -9.7456117e-05
  -1.5052875e-03   1.1357204e-01  -1.3375821e-01   6.8111382e-04   5.5919551e-04  -2.0579920e-04
   1.0154078e-03   9.4882772e-02  -1.4331531e-01   4.0414174e-04   5.2424186e-04  -1.3704501e-04
  -1.7913858e-03   9.4455547e-02  -1.2528743e-01   5.5018391e-04   8.5004160e-04  -7.3535951e-05
  -3.5490840e-03   7.4613749e-02  -1.3045325e-01   6.6766996e-04   5.5918287e-04  -2.0747473e-04
  -5.6349331e-03   1.1189664e-01  -1.0966490e-01   4.2259326e-04   7.2689213e-04  -1.1634486e-04
  -2.9833041e-03   8.3220869e-02  -1.2355316e-01   8.0506731e-04   7.0721295e-04  -1.2749645e-04
  -5.7970673e-03   6.5064286e-02  -9.3823216e-02   1.0562209e-04   5.5317166e-04  -2.8962910e-06
  -1.3868694e-03   1.0102921e-01  -8.7400715e-02  -1.6411343e-05   5.3395908e-04  -2.2998201e-05
  -9.7134738e-03   1.6702750e-01  -1.3523452e-01   3.2169713e-04   5.4289769e-04  -2.0738126e-04
  -2.3390460e-03   1.4975963e-01  -1.3466114e-01   1.8233951e-04   7.1037633e-04  -1.1735015e-04
  -5.9551897e-03   1.3433167e-01  -1.6405311e-01   5.5020684e-04   6.2831687e-04  -2.8832324e-04
   1.1739187e-03   9.3783061e-02  -1.2170096e-01   4.4103908e-05   5.5909919e-04  -6.3631330e-05
   8.6910258e-03   5.3953870e-02  -1.2799235e-01   5.8774711e-04   4.3611040e-04  -1.1915095e-04
  -2.8083425e-03   1.1004508e-01  -1.0879419e-01  -8.7094156e-05   4.8381274e-04  -1.5540625e-04
  -3.3439388e-03   1.2407793e-01  -1.3428171e-01   3.6606506e-04   4.7873442e-04  -7.4354184e-05
  -1.2579209e-04   5.6078942e-02  -1.1117669e-01   3.0433202e-04   5.4964338e-04  -3.8665057e-05
  -3.0878736e-04   1.2951213e-01  -1.4615490e-01   4.6283091e-04   6.0349541e-04  -2.1838003e-05
   1.0433348e-03   5.1429029e-02  -1.6246137e-01   3.9095587e-04   5.9340237e-04  -2.0844661e-04
  -3.8219669e-03   1.2999117e-01  -1.7657107e-01  -9.7163977e-04   4.9016788e-04  -7.1774343e-05
  -4.3892101e-03   1.2369268e-01  -1.9959345e-01   8.2615046e-06   6.3216580e-04  -2.7878353e-04
  -6.4084953e-04   1.3302214e-01  -1.7309376e-01  -1.5287890e-05   8.9251725e-04  -2.1264549e-04
   3.4233647e-03   1.5319130e-01  -1.7807358e-01   1.0135641e-04   7.3372982e-04  -7.2093311e-05
  -1.1722354e-03   9.8074690e-02  -1.8210773e-01  -2.7669870e-04   5.7016085e-04  -1.3467724e-04
  -1.1582692e-03   1.6836276e-01  -1.9338014e-01  -1.6505115e-04   6.0266308e-04  -6.8103193e-05
   9.3252805e-05   1.4993025e-01  -1.7927857e-01   1.9329580e-04   6.6620013e-04  -1.3479365e-05
   2.0642672e-02   1.1594386e-01  -1.6281585e-01  -3.0541591e-04   1.2403027e-04   1.6746691e-04
   3.6063406e-03   1.7924426e-01  -1.7768715e-01  -2.4759262e-04   4.7342403e-04  -1.0593372e-05
   2.6183912e-03   1.2637100e-01  -1.7614588e-01  -3.4135932e-04   5.9697389e-04  -1.4706300e-04
   3.0708815e-03   1.6527113e-01  -2.3960896e-01  -5.9590359e-04   8.2941408e-04   5.9403625e-05
   1.1755375e-02   1.3249497e-01  -2.4084844e-01  -2.6602781e-04  -3.1330970e-05   2.5625558e-04
   5.6360251e-03   8.5011034e-02  -2.3971022e-01  -2.3350812e-04   3.5897531e-04   1.5762976e-05
  -1.9477364e-04   8.9574398e-02  -2.0300873e-01  -1.2472975e-04   5.3013940e-04  -9.0737346e-06
   3.4548103e-03   8.9960594e-02  -1.9370470e-01  -1.5594394e-03   1.9849277e-04   5.4685882e-05
   6.6375056e-03   9.9508829e-02  -1.8885762e-01  -5.0593672e-04   1.7188986e-04   1.0144742e-04
   1.5536306e-02   9.4619129e-02  -2.3691500e-01  -5.3739729e-04   2.1733371e-05  -1.2184102e-04
   2.3902006e-03   1.4361308e-01  -2.3416098e-01  -4.8545201e-04  -9.5471613e-06   6.8369302e-05
   6.4643211e-03   9.0271059e-02  -2.4037084e-01  -1.3459608e-04  -1.8147219e-04  -6.2689448e-05
   3.9141893e-03   1.1458954e-01  -2.2873252e-01  -5.5148285e-04  -2.4972059e-04   2.7665628e-05
  -2.3747662e-03   1.8410037e-01  -2.3747868e-01  -8.1850851e-04  -9.6655367e-05  -1.2592548e-05
  -1.0865914e-02   1.9530541e-01  -2.2859587e-01  -6.6803160e-04  -1.6958012e-04  -7.3581761e-05
  -8.3136647e-03   1.5508835e-01  -2.3727009e-01  -1.2843046e-03   8.7079356e-05  -9.0824260e-05
  -6.7551124e-03   1.0752805e-01  -2.5333130e-01  -6.8408954e-04  -1.2312379e-04  -2.3295876e-04
  -7.1539216e-03   1.5154773e-01  -2.2279197e-01  -6.1301636e-04   2.5563043e-05   1.2276072e-05
  -1.0800690e-02   1.6478785e-01  -2.3669789e-01  -6.3812349e-04  -6.0192847e-05  -9.5300595e-05
  -7.3546448e-03   1.7323670e-01  -2.2329041e-01  -8.7040086e-04  -2.3106056e-04   6.1373345e-05
  -8.4233106e-03   1.4492583e-01  -2.2351372e-01  -1.0422923e-03   4.0912237e-05   7.1388925e-05
  -7.4137479e-03   1.3668099e-01  -2.3668064e-01  -6.0280379e-04   6.5927256e-05  -1.9261867e-04
  -5.7908770e-03   1.2616394e-01  -2.1760490e-01  -1.0733826e-03   7.2520659e-05   9.4567997e-05
  -1.4987957e-02   1.8416624e-01  -2.2966668e-01  -7.4677418e-04   2.3592690e-04  -1.8204185e-05
  -8.5379012e-03   1.5488497e-01  -2.0686735e-01  -1.1427918e-03  -4.9976371e-05   2.2017710e-07
  -8.0126600e-03   8.7071899e-02  -2.0557344e-01  -9.5250410e-04   2.2347940e-04   7.4310738e-05
  -5.2948082e-03   1.7729492e-01  -2.1878143e-01  -1.4228023e-03  -1.3172313e-04   2.1907079e-04
  -6.1543544e-03   1.2450883e-01  -1.5938209e-01  -1.0746195e-03   9.2612273e-05   1.7528510e-04
  -2.4692799e-03   1.6205625e-01  -2.2969600e-01  -7.5089764e-04   1.2664249e-04   1.5338601e-04
  -6.0934363e-03   1.0866932e-01  -1.7252751e-01  -6.2844768e-04   3.1462781e-04   1.6497915e-04
  -8.3129468e-03   1.0121697e-01  -1.8771005e-01  -5.9549088e-04   1.3742793e-04   1.5966314e-04
  -5.6978268e-03   1.2436155e-01  -1.6142105e-01  -7.6188902e-04   2.3461126e-04   1.3972475e-04
  -4.5101324e-03   3.8013450e-02  -2.2313386e-01  -7.8265106e-04   3.1102903e-04   2.2417243e-05
  -9.8255109e-03   1.9472208e-01  -1.7498760e-01  -5.5929882e-04   1.9006031e-04   1.8352258e-04
  -6.1091743e-03   1.0489858e-01  -1.7299538e-01   6.8949925e-05   2.9751879e-04   3.5003458e-05
  -1.1433023e-02   1.9268922e-01  -1.4525637e-01   3.7075055e-04   3.8783355e-04   2.1309013e-04
  -2.9129675e-03   1.2238553e-01  -1.6680892e-01   2.2505203e-04   3.4629776e-04   6.9668534e-05
  -8.0598796e-03   1.1854111e-01  -1.7413265e-01   6.7431214e-05   3.5616221e-04   1.5555851e-04
  -1.1239010e-02   1.3707411e-01  -2.0607877e-01   3.8023026e-04   2.9120656e-04  -3.6767165e-05
  -8.9952618e-03   1.0787682e-01  -1.9878926e-01  -7.4435091e-06   1.7231163e-04   7.2252546e-05
  -1.7611891e-02   1.5090494e-01  -2.0609960e-01   2.8797943e-04   4.3097260e-04  -1.3590984e-04
  -1.5344729e-02   1.4614273e-01  -2.0889826e-01   8.8554866e-05   3.1508151e-04  -7.9167779e-05
  -1.1182860e-02   9.3097599e-02  -1.9702685e-01   4.0897865e-04   3.5629581e-04  -7.6888327e-05
  -1.0494234e-02   1.3935299e-01  -1.7779745e-01  -3.4586530e-04   1.3521096e-04   1.6004668e-04
  -6.3255271e-03   4.5834782e-02  -2.0690411e-01   2.0657583e-04   4.5493983e-04  -5.9470619e-05
  -1.0041639e-02   2.1407860e-01  -2.3335759e-01   1.5387572e-05   6.8748406e-04   6.3346178e-06
  -3.0027271e-03   2.1959972e-01  -2.6178192e-01  -3.9830777e-04   4.3943465e-04   5.7237399e-05
  -7.1192916e-03   1.6448720e-01  -2.5736517e-01  -6.4393347e-04   4.0517529e-04   5.1718960e-05
  -1.0417575e-02   1.6940037e-01  -2.5834715e-01  -2.3344451e-04   6.2819310e-04   1.7573332e-05
  -1.7225707e-02   2.0616300e-01  -2.3021269e-01  -1.0438484e-03   7.2054582e-04  -2.0102718e-04
  -1.6035748e-02   1.4233532e-01  -2.5894869e-01  -7.9385217e-04   6.1474685e-04  -3.1639798e-05
  -1.6113110e-02   1.7537509e-01  -2.5767530e-01  -9.9812268e-04   5.2343359e-04  -7.9113601e-05
  -1.7727804e-02   1.4769984e-01  -2.4406854e-01  -7.4004227e-04   9.7937798e-04  -8.8200513e-05
  -1.4245371e-02   1.7915440e-01  -2.0772668e-01  -6.4657149e-04   7.9977545e-04  -8.8085412e-05
  -9.7961415e-03   1.1804762e-01  -2.0508544e-01  -9.3958875e-04   6.9032630e-04   1.2236699e-04
  -8.8978693e-03   9.7884339e-02  -1.7725247e-01  -1.0581576e-03   7.1106786e-04   1.0260786e-04
  -9.9861777e-03   1.3701780e-01  -1.9171774e-01  -1.4491391e-03   5.5042539e-04   2.1439050e-04
  -6.7743667e-03   1.2776440e-01  -2.0405309e-01  -1.5003141e-03   5.4500082e-04   2.5931937e-04
  -1.1070723e-02   1.4254560e-01  -2.1995444e-01  -1.2822204e-03   5.3745603e-04   4.7118857e-05
  -1.0053649e-02   1.4281300e-01  -2.3442660e-01  -1.3338334e-03   6.8922407e-04   2.2720952e-04
  -1.4515844e-02   1.3106944e-01  -2.2867827e-01  -8.5568363e-04   7.2723649e-04   4.6590442e-05
  -1.3906238e-02   1.7490230e-01  -2.1165498e-01  -1.3432199e-03   5.6657268e-04   1.3947639e-04
  -2.4819158e-02   1.5564543e-01  -2.2997895e-01  -1.1748738e-03   6.9094442e-04   1.0474848e-04
  -2.9359953e-02   1.7905767e-01  -2.0453350e-01  -1.2702490e-03   5.9415646e-04  -7.6228889e-05
  -2.4014793e-02   2.0067559e-01  -2.1803647e-01  -1.3749996e-03   6.9884394e-04   4.5397628e-05
  -2.2436513e-02   1.2589753e-01  -2.1331132e-01  -8.4485911e-04   7.3419105e-04  -7.0695875e-05
  -2.2419624e-02   1.5617875e-01  -2.0801196e-01  -1.0246608e-03   6.6723765e-04   1.7322397e-05
  -2.5845031e-02   2.4254494e-01  -2.4473210e-01  -2.0169114e-03   7.7268848e-04   2.0591301e-04
  -2.1535308e-02   1.7573072e-01  -2.6543815e-01  -1.6112129e-03   4.7893291e-04   3.2410690e-05
  -1.9484272e-02   1.3155593e-01  -2.6099514e-01  -1.6507095e-03   5.9395625e-04  -1.0203609e-04
  -2.7941737e-02   1.5506385e-01  -2.1683546e-01  -1.1233769e-03   7.8844051e-04  -6.2162243e-05
  -2.4294120e-02   1.8540176e-01  -2.0228132e-01  -2.1189280e-03   5.5262730e-04  -1.6977916e-05
  -2.1676181e-02   8.9268468e-02  -2.4831101e-01  -1.4275600e-03   5.6637036e-04   1.4751768e-05
  -3.6328358e-02   2.2365468e-01  -2.1545028e-01  -1.9589682e-03   7.4618175e-04   1.1202043e-04
  -3.3489780e-02   2.1108494e-01  -2.5036582e-01  -1.4939535e-03   7.5415917e-04  -4.3186628e-05
  -2.0403189e-02   1.6829948e-01  -2.0534277e-01  -1.4022100e-03   6.4744599e-04  -6.1533320e-05
  -2.1491193e-02   2.0896212e-01  -2.1954487e-01  -1.1691204e-03   8.5178586e-04   1.7850531e-05
  -1.0699543e-02   1.2774233e-01  -1.8830221e-01  -1.7648312e-03   6.6742775e-04   9.1028721e-05
  -1.8454632e-02   1.8761095e-01  -2.0397203e-01  -1.8090090e-03   6.9135383e-04   6.1744924e-05
  -2.0844674e-02   1.3798375e-01  -1.5664410e-01  -1.7336243e-03   5.3738068e-04   9.3560219e-05
  -1.6814168e-02   6.0988029e-02  -1.5968660e-01  -6.8200838e-04   7.3559064e-04   8.6104232e-05
  -1.3310344e-02   3.1665659e-01  -3.1726475e-01  -1.1878833e-03   6.9031352e-04   5.2703546e-05
  -1.0346958e-02   2.6959715e-01  -2.5004974e-01  -1.9997017e-03   2.2564144e-04   1.0864377e-04
  -1.6574048e-02   1.9880698e-01  -2.4783410e-01  -1.8984734e-03   3.6712638e-04  -2.1381404e-05
  -1.9694852e-02   1.5346065e-01  -2.5348452e-01  -2.3564681e-03   4.8167954e-04   4.9945652e-05
  -2.0758966e-02   1.6297927e-01  -2.1642613e-01  -2.0380929e-03   6.4455516e-04   3.1719209e-05
  -2.1628083e-02   1.5814222e-01  -1.9807034e-01  -2.3748759e-03   6.1407530e-04   1.6563746e-04
  -1.6323758e-02   1.2844711e-01  -1.8803201e-01  -2.5329933e-03   3.9736635e-04   1.3691840e-04
  -2.1402522e-02   1.5942130e-01  -2.0664670e-01  -3.1506501e-03   4.6318561e-04   4.3074701e-05
  -2.2076346e-02   1.5864756e-01  -2.1402761e-01  -2.6588066e-03   2.9140410e-04   1.2568961e-04
  -1.9372440e-02   1.6837271e-01  -2.1537719e-01  -3.1512212e-03   2.5264027e-04   9.3716833e-05
  -1.6448318e-02   1.0860785e-01  -2.3045387e-01  -2.7002497e-03   1.9970094e-04  -4.9097839e-06
  -2.6584062e-02   1.5941698e-01  -2.0499967e-01  -2.7125435e-03   4.5615503e-04  -6.8893820e-05
  -2.1009354e-02   1.5215940e-01  -2.2303240e-01  -2.5223151e-03   3.1544559e-04  -8.4838364e-05
  -2.3266096e-02   1.8358033e-01  -2.1622425e-01  -3.1306779e-03   3.1442362e-04   7.6847049e-05
  -1.7272976e-02   1.3274684e-01  -2.4956956e-01  -2.8118959e-03   3.7725626e-04   3.2531904e-05
  -2.6016976e-02   1.8434355e-01  -2.2993923e-01  -2.9194400e-03   2.3146650e-04  -5.5860337e-05
  -2.7799589e-02   2.7061003e-01  -2.2891696e-01  -2.8709672e-03   1.4710272e-04  -3.2636058e-05
  -2.5966399e-02   2.2770592e-01  -2.6482120e-01  -2.5746340e-03   4.1966977e-05  -9.0141258e-05
  -2.0272853e-02   2.4830090e-01  -2.5028818e-01  -2.6322023e-03   1.0006062e-04  -1.0272504e-04
  -2.4502523e-02   2.2852826e-01  -2.3173204e-01  -2.7820675e-03   2.4551669e-04   4.9791541e-05
  -2.1186901e-02   1.9808696e-01  -2.3275756e-01  -2.3413181e-03   2.1730339e-04  -1.0287715e-04
  -1.8169406e-02   2.4621108e-01  -2.1212644e-01  -2.4185624e-03   7.3382553e-05   4.1766910e-05
  -1.6758618e-02   2.1254084e-01  -2.2824388e-01  -2.6623560e-03   3.0915917e-05   9.5937093e-05
  -1.7218546e-02   2.0644043e-01  -2.2208107e-01  -2.8990904e-03  -2.1347340e-05  -7.5087157e-05
  -1.7529700e-02   2.2816994e-01  -2.2544926e-01  -3.1847241e-03  -9.1438704e-05  -4.4599159e-06
  -1.3552540e-02   1.8091675e-01  -2.3143016e-01  -3.4228958e-03  -3.0687473e-04  -6.6359938e-05
  -2.0527066e-02   2.5919202e-01  -2.4929437e-01  -3.0581731e-03   6.6772470e-05   5.2858608e-05
  -1.7612316e-02   1.9849453e-01  -2.5373724e-01  -3.1558226e-03   8.8089305e-05  -7.2903383e-06
  -1.9180895e-02   2.8519584e-01  -2.2617672e-01  -3.2380055e-03  -7.4319376e-05   8.9214486e-05
  -2.5043308e-02   2.0174654e-01  -2.4664562e-01  -3.0040664e-03  -1.1585694e-04  -1.1480450e-04
  -1.9200653e-02   2.6839472e-01  -2.9670861e-01  -3.8948801e-03  -4.7817523e-04   9.7718966e-05
  -1.4283264e-02   3.0284866e-01  -3.3381245e-01  -3.2818736e-03  -4.0363600e-04  -6.6267206e-05
  -1.5577298e-02   1.9675344e-01  -2.7873588e-01  -3.4194878e-03  -5.5556463e-04  -2.4605219e-04
  -1.3017940e-02   1.9303430e-01  -2.4166578e-01  -3.8409964e-03  -4.6356735e-04   4.1071391e-05
  -7.9265283e-03   1.5033306e-01  -2.5458615e-01  -4.1987383e-03  -5.5611200e-04  -1.4447448e-06
  -1.9847116e-02   2.3176860e-01  -2.7373049e-01  -4.1652686e-03  -4.3351610e-04  -5.6810365e-05
  -2.3294554e-02   2.0644926e-01  -2.7365923e-01  -3.5956459e-03  -3.5912506e-04  -1.1029789e-04
  -3.2510941e-02   2.7723262e-01  -2.5791934e-01  -4.3217490e-03  -4.6681045e-04  -1.5064077e-04
  -3.4918949e-02   2.2423315e-01  -2.8062049e-01  -3.5924161e-03  -4.6155492e-04  -1.7606487e-04
  -3.9959764e-02   2.4433307e-01  -2.9059145e-01  -4.1655878e-03  -3.8435688e-04  -2.0248159e-04
  -4.9186508e-02   2.0434744e-01  -2.6944612e-01  -4.2322574e-03  -4.5135503e-05  -1.7788292e-04
  -4.3423632e-02   2.2948346e-01  -2.5771273e-01  -4.3453554e-03  -2.3095976e-04  -2.9392795e-04
  -4.6588430e-02   2.1979030e-01  -2.6564809e-01  -4.2690836e-03   3.6250862e-05  -2.4909150e-04
  -4.4964589e-02   2.2147104e-01  -2.4256626e-01  -4.0556494e-03  -2.6694848e-04  -9.3998954e-05
  -4.8578742e-02   2.0834571e-01  -2.2702675e-01  -4.1707600e-03   2.5177346e-04  -3.0030746e-04
  -4.8135143e-02   2.4225326e-01  -2.3630422e-01  -3.9138339e-03   2.6904099e-04  -2.7820146e-04
  -4.1653998e-02   2.4537033e-01  -2.4066668e-01  -3.6772166e-03  -9.6669880e-05  -3.1798373e-04
  -4.0586224e-02   2.1995643e-01  -2.5885198e-01  -4.3938014e-03  -3.5144544e-05  -2.8089952e-04
  -4.8196813e-02   2.0413544e-01  -2.5423177e-01  -4.3684368e-03   1.4099388e-04  -3.5875101e-04
  -5.5519900e-02   2.2540058e-01  -2.5435707e-01  -4.6022432e-03   1.2091538e-04  -2.4175846e-04
  -5.3634033e-02   2.3676831e-01  -2.7946261e-01  -4.2966220e-03   1.3494066e-04  -1.9336104e-04
  -4.7265540e-02   2.2034032e-01  -2.4363806e-01  -4.2098865e-03   1.6667383e-04  -2.8345357e-04
  -4.7911121e-02   2.4708047e-01  -2.3798975e-01  -4.5233625e-03   1.0229814e-04  -1.5106898e-04
  -4.6831935e-02   2.0434885e-01  -2.6394708e-01  -4.4598543e-03   3.0436128e-04  -2.3158048e-04
  -4.6742611e-02   2.1234369e-01  -2.5739544e-01  -4.2035709e-03   2.6378607e-04  -2.4651523e-04
