   0.0000000e+00   0.0000000e+00   7.1054274e-15   0.0000000e+00   0.0000000e+00   0.0000000e+00
  -7.2790481e-03   5.7847170e-02  -4.1203175e-03   3.7435822e-04   1.3529860e-04   9.0530385e-05
  -1.0930731e-02   7.9792842e-02   8.2188540e-02   9.3538342e-04   2.6461324e-04  -3.3105834e-04
  -1.4338419e-02   2.1002144e-02   1.2270119e-01   1.3212056e-03   1.2868727e-04  -3.5926757e-04
  -1.5183031e-02  -2.2503508e-02   1.4732607e-01   1.5068804e-03   1.6300505e-04  -3.7811229e-04
  -4.9203069e-03  -1.1573435e-02   6.4854261e-02   7.1058628e-04  -8.0421710e-05  -1.5122415e-04
  -6.4581193e-03   1.1891866e-02   6.3269974e-02  -2.4790204e-04  -1.1022270e-05  -3.4964756e-04
  -3.7196284e-03   2.2801894e-02   1.2397187e-01   7.7258310e-04   1.5737827e-04  -4.3917880e-04
  -2.6354515e-03   6.0536508e-02   1.4491124e-01   1.3622803e-03   8.9940876e-05  -4.1809429e-04
  -8.6359160e-03  -4.8047060e-04   1.4951663e-01   1.1116306e-03   2.6086678e-04  -6.3599757e-04
  -1.5122968e-04  -2.2445413e-02   1.6078925e-01   1.4575890e-03   5.6445146e-05  -5.9515125e-04
   5.3090695e-03  -1.3835878e-03   1.6210467e-01   1.4194376e-03  -1.5345744e-04  -5.1137985e-04
   1.1095058e-03  -5.4384987e-03   1.6283595e-01   1.5176737e-03  -9.4258684e-05  -5.3867907e-04
  -8.6623845e-03  -3.0597987e-02   1.2943682e-01   9.1514852e-04  -1.0790745e-05  -3.3747461e-04
  -2.2458130e-03  -4.3296431e-02   4.9973356e-02   3.8724310e-04  -3.9533159e-04  -6.4386785e-05
  -4.7589101e-04   1.9407977e-02   1.0225157e-01   1.0203344e-03  -1.9969285e-04  -8.6214237e-05
  -4.3750115e-03   6.3402636e-02   1.4910172e-01   1.2072069e-03   2.0653617e-04  -3.4511550e-04
  -1.0317609e-03   1.3729104e-02   1.4503686e-01   1.1642262e-03   3.6808254e-04  -4.4102903e-04
   8.4132204e-03   2.7909200e-02   1.6742401e-01   1.7544050e-03  -2.0671929e-05  -4.9770468e-04
   1.4530719e-02  -5.2245282e-02   9.6652385e-02   1.4757101e-03  -3.0710701e-05  -2.5253597e-04
   1.5421250e-02   2.8395164e-02   7.0631111e-02   7.8334747e-04   2.1997347e-05  -2.5347047e-04
   2.2121438e-02   7.8041008e-02   1.3637588e-01   2.5334112e-03  -1.4895087e-04  -3.4598740e-04
   1.5794874e-02  -5.1002747e-03   1.6864186e-01   3.5939559e-03   1.1775505e-04   4.4229988e-04
   1.2232306e-02  -2.8404623e-02   1.5625437e-01   2.2982149e-03  -5.9339376e-05   1.2096573e-04
   1.8228720e-02  -2.1012806e-02   1.1246079e-01   2.4487490e-03  -7.1221455e-04   1.1712278e-04
   7.1895932e-03   5.3144106e-02   2.0603086e-01   2.0975720e-03  -6.5366212e-04  -1.3641692e-04
   9.4016836e-03   1.0040588e-02   1.9292078e-01   1.9524180e-03  -4.6654400e-04  -1.9150798e-04
  -2.2640246e-03   4.1549811e-02   2.4429447e-01   2.2006988e-03  -3.5912034e-04  -1.7703051e-04
  -2.4058380e-02  -2.9832636e-02   2.9725713e-01   2.1405039e-03   1.6616293e-03   5.8044070e-04
  -2.2619797e-02  -1.0476498e-02   2.8917873e-01   1.1196953e-03   2.1553265e-03   6.2316046e-04
  -5.6538708e-03   3.7929904e-02   2.0397476e-01   5.2458039e-04   1.3821470e-03   9.0780948e-04
   1.2093722e-02  -2.7064899e-02   2.4151941e-01  -1.4065294e-04   8.7185923e-04   2.1901133e-04
   8.7821068e-03   4.9730737e-02   3.2873233e-01   1.0301539e-03   6.6039831e-04   1.1434071e-04
   5.6763159e-03  -1.4409631e-02   2.8335040e-01   9.7367380e-04   1.0106524e-03   3.7810028e-04
   7.6664796e-03   5.6472016e-02   3.0873875e-01   9.3326268e-04   3.7839762e-04   3.5196873e-04
   1.0275233e-02  -7.2468478e-02   1.9938149e-01   1.4358854e-04   4.9489035e-05   6.8695493e-04
   4.6614253e-04   8.1084697e-02   2.7172041e-01   9.5854007e-04   5.3238649e-04   4.8831712e-04
   5.6204555e-03   7.8058848e-02   3.1499181e-01   8.6714547e-04   6.9738143e-04   5.0061806e-04
  -5.9408432e-03   1.4133301e-03   3.4327445e-01   1.0546815e-03   9.2186592e-04   6.0712229e-04
  -1.1971081e-03   2.9281012e-02   3.7834021e-01  -7.4760044e-05   8.8084127e-04   1.2965988e-04
   1.4711863e-02  -9.7639525e-03   3.7140247e-01   3.8581078e-04   1.5159984e-04  -1.3433814e-05
   1.8131694e-02   1.3982744e-02   3.9547667e-01   4.9979503e-04   6.5731757e-05   3.5164103e-04
   2.1720698e-02  -1.1922704e-01   4.0516860e-01   8.9486234e-04   2.5661727e-04   4.5286152e-04
   2.1230657e-02   6.4773913e-02   4.5339935e-01   7.9563308e-04   4.5309041e-04   5.5797676e-04
   2.0752196e-02   1.7142779e-02   4.3851708e-01   5.4627877e-04   3.0413564e-04   9.5646263e-04
   2.8006819e-02  -1.7700315e-02   4.5162195e-01   5.8880526e-04   4.0756792e-04   8.4153283e-04
   1.6437546e-02  -1.9220439e-02   4.1465070e-01   3.4650764e-05   1.9336635e-04   8.8569626e-04
   2.3365426e-02  -2.7249089e-02   4.1659103e-01   5.4428435e-04   2.2353709e-04   5.6932332e-04
   1.8606028e-02   3.7350007e-02   4.1981807e-01   9.1591031e-04   3.5530782e-04   7.2087884e-04
   1.9429422e-02   2.1663822e-02   4.4092067e-01   3.8946112e-04   1.3925199e-04   6.6263022e-04
   2.3681744e-02   4.2507770e-02   4.1231417e-01   5.2320673e-05  -9.1406797e-05   5.4083081e-04
   3.9361113e-02  -2.5244166e-02   3.1614339e-01  -1.9915465e-04  -6.1750481e-04   4.9638584e-04
   3.2320615e-02   5.3600350e-02   3.8952918e-01   4.3529438e-04  -6.1964542e-04   4.9742850e-04
   4.0798447e-02   4.0082622e-02   3.8862326e-01   3.2468559e-04  -7.5509031e-04   3.6181707e-04
   3.8218683e-02  -2.0595930e-02   4.0896076e-01   5.2686395e-04  -5.4854477e-04   4.5567523e-04
   3.5330693e-02  -3.2622210e-02   4.1491966e-01   2.9754564e-04  -3.2869139e-04   3.7520060e-04
   2.7407510e-02   1.6166417e-02   4.0571299e-01   6.9197672e-04  -1.8187242e-04   4.9280750e-04
   1.6605935e-02  -2.1055545e-02   4.3533331e-01   2.2773428e-04   1.0294736e-04  -1.0674932e-04
   2.0962497e-02  -1.7621500e-02   4.3484901e-01   1.8603868e-04   2.1443971e-04  -1.3806416e-06
   2.4495025e-02  -2.0810905e-02   4.5818619e-01  -1.6741975e-04   2.1601276e-05  -3.0561061e-05
   2.5700379e-02  -6.0531714e-02   3.7766193e-01  -7.4073587e-04  -1.4887792e-04  -1.1143439e-04
   2.6467084e-02   4.5380616e-02   3.9700424e-01   2.2098196e-04  -1.8469121e-04   5.7213190e-05
   2.8425609e-02   2.2698403e-02   4.1590416e-01   7.7402016e-04  -5.5201878e-05   5.6676828e-05
   2.9897625e-02  -2.8791728e-02   3.9973671e-01  -1.1784543e-04   5.7958692e-06  -1.8510922e-04
   2.6435422e-02  -2.1415011e-02   4.2444509e-01   3.9834180e-05   2.3791959e-05  -2.9980724e-04
   2.9074899e-02  -9.8715874e-03   4.3534245e-01   1.6040260e-04   8.4595918e-05  -2.4530096e-04
   3.0463514e-02  -4.4336774e-02   3.4423159e-01  -8.2083485e-04   1.6471850e-04  -2.7653423e-04
   3.9261370e-02  -2.4234265e-03   3.1024979e-01  -3.9039977e-04  -1.9569781e-04   1.0873797e-04
   3.2595971e-02   6.3228469e-02   4.2777690e-01   9.7715736e-04  -8.4814667e-05  -6.6160992e-07
   3.6128854e-02   4.3733825e-02   3.5169477e-01   7.2214579e-05  -3.3233630e-04   1.7250332e-04
   3.6446740e-02   3.8548344e-02   2.6489345e-01   1.2302552e-04  -2.9315728e-04   2.0361430e-04
   3.4227889e-02   4.0971878e-02   3.4543941e-01   1.2275287e-03  -2.8798618e-04   1.3415191e-04
   1.7433407e-02  -3.5196982e-03   4.4739000e-01   1.1408418e-03   7.1865236e-05   1.1529029e-04
   2.6288252e-02  -1.3268022e-02   4.3999724e-01   6.6036717e-04  -1.6405922e-04  -1.4488305e-04
   2.4296726e-02   1.4370129e-02   4.9295063e-01   8.7045106e-04  -5.4547228e-04  -1.4432203e-05
   2.8666662e-02  -6.1917864e-02   4.5817075e-01   2.7289734e-04  -7.2738604e-04  -8.2971816e-05
   3.4372596e-02  -2.7657487e-02   4.3163498e-01   2.9682423e-04  -7.0353489e-04  -5.9692315e-05
   3.2495707e-02   3.2237021e-02   5.0938853e-01   1.0893696e-03  -8.0095801e-04  -4.7115915e-05
   3.7005814e-02  -3.5584403e-02   5.2903168e-01   1.0183397e-03  -8.5469232e-04  -6.1027434e-05
   4.5754799e-02  -8.7393800e-02   4.5706124e-01   2.4425556e-04  -9.2048967e-04   1.1039942e-04
   4.4900624e-02  -5.0633756e-02   5.1902476e-01   6.9342923e-04  -7.1059742e-04   7.4393464e-05
   4.0818016e-02  -2.6291553e-02   5.3873081e-01   5.1613836e-04  -4.0695509e-04  -2.7566213e-04
   4.1980282e-02  -8.7246873e-02   5.5107289e-01   6.4772547e-04  -4.6743124e-04  -1.9994724e-04
   5.0799593e-02  -6.4405791e-02   5.6498187e-01   1.9610665e-05  -3.1141090e-04  -2.6490892e-04
   6.1287621e-02  -1.0467808e-01   4.4886825e-01  -2.7399176e-04  -6.1506167e-04   1.1070820e-04
   5.5286881e-02  -1.8039070e-03   5.0562549e-01   6.5529685e-04  -4.8089586e-04  -6.5910241e-05
   5.0658079e-02  -2.2363070e-02   5.6417266e-01   1.3604041e-03  -4.8228776e-04  -1.2502013e-04
   4.9382464e-02  -1.0388714e-01   5.4721885e-01   3.9723973e-04  -4.3173851e-04  -3.4973349e-04
   4.8686113e-02  -3.8596563e-02   4.9916765e-01  -4.2182366e-04  -2.1591788e-04  -3.4852112e-04
   5.2517366e-02  -6.1076444e-02   5.7923217e-01   1.1078460e-03  -4.1654442e-04  -2.1401435e-04
   5.6287012e-02  -6.9922985e-02   5.7479307e-01   1.2087307e-03  -5.1790014e-04  -2.2895019e-04
   5.6763910e-02  -9.2311930e-02   6.0499843e-01   1.1969220e-03  -5.9180103e-04  -3.4187461e-04
   5.6309904e-02  -5.6768713e-02   5.8496298e-01   8.6812183e-04  -7.3274183e-04  -1.8671684e-04
   6.7629880e-02  -3.7213711e-02   5.7552155e-01   1.1729991e-03  -7.5235236e-04   2.3721550e-05
   5.8389075e-02  -1.1013756e-01   5.7988818e-01   9.7936072e-04  -5.6032101e-04   1.5107363e-04
   4.4410688e-02  -1.5873307e-01   5.5409300e-01   2.3214498e-04  -2.9766962e-04   3.2532395e-04
   4.8969887e-02  -6.5828168e-02   5.5258369e-01   6.1971365e-04  -4.8561885e-04   6.9961589e-04
   4.4726053e-02  -5.7085896e-03   6.1299596e-01   1.4551110e-03  -3.5520972e-04   4.4681421e-04
   4.6342878e-02  -5.0013845e-02   5.8580958e-01   2.7949840e-04  -3.2655147e-04   2.1516992e-04
   4.4531201e-02  -4.0077800e-02   6.0470604e-01   4.1304354e-04  -2.6853555e-04   1.8118055e-05
   3.4499308e-02  -6.3592745e-02   5.2406383e-01   3.3460908e-04  -1.3274738e-04   5.9315108e-04
   3.9538952e-02  -5.4792801e-03   5.4937508e-01   7.0153157e-04  -3.5969884e-04   1.5358287e-04
   3.8671716e-02  -2.9767377e-02   6.3135997e-01   1.4906299e-03  -4.9959859e-04   8.2421069e-05
   3.6032464e-02  -5.6316804e-02   6.4764480e-01   5.9545828e-04  -2.4696064e-04  -2.5695168e-04
   3.9937709e-02  -1.0773308e-01   6.3005672e-01   3.4245182e-04  -4.9233697e-04  -1.2381012e-04
   3.5637146e-02  -7.5400188e-02   6.2993150e-01   8.5649725e-04  -4.7814362e-04  -1.4313249e-04
   3.2500279e-02  -6.7523040e-02   6.2789145e-01   9.0424723e-04  -8.4808874e-04   3.9783380e-05
   2.6076385e-02  -4.8379849e-02   5.7340064e-01   8.4327058e-04  -7.4046320e-04   1.8011633e-04
   2.5001622e-02   2.1878638e-02   6.5872483e-01   1.1588640e-03  -4.1725036e-04   1.4486766e-04
   2.2735221e-02  -2.9221582e-02   6.3436922e-01   9.0284287e-04  -2.7629918e-04   1.9847482e-04
   2.9683565e-02  -8.6572235e-02   6.9253142e-01   8.3792080e-04  -5.5363448e-04   1.9709411e-04
   2.8087227e-02  -1.0979076e-01   7.0185655e-01  -8.3482502e-05  -2.7771225e-04   1.1058690e-04
   3.1904781e-02  -8.4781275e-02   6.6458969e-01   8.5773329e-04  -4.6749372e-04   6.4450308e-04
   3.4261131e-02  -8.0388383e-02   5.9955711e-01   5.5323934e-04  -8.0927276e-04   5.5230008e-04
   2.9776793e-02   1.9892348e-02   6.7534542e-01   1.3340365e-03  -5.9964374e-04   3.1304256e-04
   2.8596446e-02  -3.3595324e-02   7.0603250e-01   1.9759774e-03  -5.7975416e-04   5.7638694e-04
   2.8447322e-02  -7.6789170e-02   6.9296785e-01   1.5106828e-03  -3.2761960e-04   6.0275484e-04
   4.6454608e-02  -1.5586463e-01   6.1452970e-01   2.0227090e-03  -9.4500788e-04   8.2509712e-04
   3.8145477e-02  -3.9910434e-02   6.6511944e-01   2.5017753e-03  -6.1251138e-04   5.5633368e-04
   2.1840637e-02  -6.3178784e-02   7.4305522e-01   1.8662540e-03  -3.3073815e-04   5.6532217e-04
   1.7841623e-02  -1.1196928e-01   7.8627965e-01   1.6665379e-03  -2.2310464e-04   3.1915530e-04
   2.3794553e-02  -7.8696792e-02   6.9647314e-01   5.8660868e-04  -5.6651443e-04   3.2087138e-04
   3.3681696e-02  -4.3237033e-02   6.6241366e-01   1.4734351e-03  -1.0288586e-03   2.7294290e-04
   3.6910638e-02  -1.4243858e-01   7.4867534e-01   1.0962223e-03  -5.8820699e-04  -8.2123783e-05
   4.1405964e-02  -7.6545905e-02   7.6420555e-01   1.9372960e-03  -9.0898230e-04   4.1195166e-04
   3.2975646e-02  -1.6811596e-01   6.5080525e-01   1.2268940e-03  -8.2666403e-04   3.9563245e-04
   4.6590281e-02  -5.5702676e-02   7.2054721e-01   2.0923948e-03  -9.2314260e-04   6.4099343e-04
   4.1671351e-02  -4.5584594e-02   7.5400129e-01   1.8417259e-03  -4.3994953e-04   3.7203913e-04
   3.7905743e-02  -1.4393106e-01   7.7342743e-01   1.6078079e-03  -5.3828015e-04   2.4478052e-04
   4.5142742e-02  -1.0782478e-01   6.2976507e-01   1.5047450e-03  -8.5131158e-04   8.2556211e-04
   3.7704706e-02  -5.0452280e-02   6.8678351e-01   1.1850174e-03  -7.8000251e-04   2.1021344e-04
   2.2074699e-02  -7.2788079e-02   7.8731526e-01   2.2655897e-03  -7.7186320e-04   1.8320016e-04
   2.9368067e-02  -7.1819627e-02   8.0006101e-01   2.7295510e-03  -1.0727566e-03   3.1502604e-04
   2.4375587e-02  -1.2584479e-01   8.2643802e-01   2.2431056e-03  -1.0344482e-03   5.2959003e-05
   3.2994237e-02  -1.1965125e-01   7.6932404e-01   1.6385023e-03  -1.3955340e-03   2.7307598e-04
   4.2118678e-02  -1.1173051e-01   6.2599758e-01   1.8688750e-03  -1.5203971e-03   4.0970184e-04
   3.2409463e-02  -2.5093147e-02   7.4714839e-01   2.9813352e-03  -1.2837975e-03   2.0434134e-04
   2.7222250e-02  -1.1829128e-01   8.0565564e-01   2.2011251e-03  -1.1712271e-03  -1.9829960e-04
   3.1446518e-02  -1.8597499e-01   8.3896250e-01   2.3557905e-03  -1.3618328e-03  -2.1717235e-04
   3.9884395e-02  -1.4077647e-01   7.3076884e-01   1.0032272e-03  -1.3748484e-03  -1.6452500e-04
   4.5438817e-02  -9.0680916e-02   6.9965360e-01   1.8576310e-03  -1.7738038e-03   1.4954345e-04
   3.9906162e-02  -8.1301277e-02   7.7555233e-01   3.0479766e-03  -1.5639674e-03   2.9588201e-04
   3.4024819e-02  -1.4964887e-01   8.0061565e-01   2.0395671e-03  -1.3471470e-03  -2.7947636e-04
   4.6951524e-02  -1.5310503e-01   6.8822473e-01   2.0110288e-03  -1.5926937e-03   4.0724377e-04
   6.2038442e-02  -1.1828622e-01   7.1461857e-01   1.9195465e-03  -1.7428479e-03   1.5669409e-04
   7.3088761e-02  -1.3832030e-02   7.2119627e-01   2.9894268e-03  -1.6645116e-03   3.4745913e-04
   5.6385776e-02  -1.6484610e-01   7.7925205e-01   4.0833736e-03  -3.7341073e-04   2.9857623e-04
   6.3660495e-02  -1.8129358e-01   7.4898675e-01   3.3382478e-03  -4.2703647e-04   2.2109654e-04
   6.7540055e-02  -8.2535054e-02   7.5174028e-01   3.7286327e-03  -1.2821942e-03   2.7632731e-05
   5.3001670e-02  -8.3969393e-02   8.5446585e-01   2.8528922e-03  -1.6021376e-03  -4.1816511e-04
   5.6126532e-02  -1.8933340e-01   8.8226871e-01   2.3065389e-03  -1.6775891e-03  -3.4978756e-04
   5.9690745e-02  -1.4939176e-01   8.6326659e-01   2.7413044e-03  -2.0760790e-03  -5.1129879e-05
   4.4462754e-02  -1.0968659e-01   7.7374796e-01   2.0804417e-03  -1.3204899e-03   3.2818778e-05
   4.5962534e-02  -8.2314397e-02   8.3153887e-01   2.2936185e-03  -1.5283364e-03  -2.2832401e-04
   4.9271481e-02  -1.0099615e-01   8.0975250e-01   2.5553865e-03  -1.9349825e-03  -7.4436369e-05
   5.4250209e-02  -1.1461672e-01   8.1338080e-01   2.2098791e-03  -2.0735447e-03  -2.6511206e-04
   5.4445040e-02  -1.2282533e-01   8.9231186e-01   2.5546755e-03  -1.7093513e-03  -7.7269481e-05
   4.8147202e-02  -1.4262886e-01   8.3317154e-01   1.8846728e-03  -1.6476924e-03  -8.6779427e-05
   5.1988853e-02  -8.6643745e-02   7.2966889e-01   1.7428876e-03  -2.0568766e-03   3.4898701e-05
   5.3128917e-02  -7.5746622e-02   8.4447880e-01   2.1688010e-03  -1.9025293e-03  -2.1051877e-04
   6.3468548e-02  -9.9245088e-02   8.7428123e-01   2.4770935e-03  -2.1356008e-03  -8.3491113e-05
   6.3027539e-02  -1.5584551e-01   9.0061257e-01   2.4977852e-03  -2.2639760e-03  -1.6865138e-04
   5.8210364e-02  -1.6228652e-01   8.9825306e-01   1.6584650e-03  -2.0164176e-03  -5.9538986e-04
   6.1267679e-02  -1.1450973e-01   8.2593410e-01   1.8683663e-03  -2.2368547e-03   1.7801717e-05
   6.9788499e-02  -7.8902921e-02   7.8887684e-01   2.1213852e-03  -2.4456716e-03   8.8949777e-05
   5.5833010e-02  -1.2858515e-01   9.0031789e-01   2.4062287e-03  -2.2864646e-03  -4.2366271e-04
   5.4551293e-02  -1.3929834e-01   8.3066980e-01   1.6571897e-03  -2.3198260e-03  -5.0852194e-05
   6.6004245e-02  -1.1913498e-01   8.2717090e-01   2.6723604e-03  -2.6738133e-03   2.7810633e-04
   5.1530148e-02  -4.6276225e-02   8.2060810e-01   2.8390486e-03  -2.0030305e-03   2.4059428e-04
   4.4909154e-02  -1.7376553e-01   8.5572094e-01   6.1715637e-03  -2.1739711e-03   3.5525476e-04
   3.4262946e-02  -1.6995964e-01   8.5871684e-01   5.8965712e-03  -1.1419546e-03   5.9813172e-05
   4.5627733e-02  -1.6569369e-01   8.4712294e-01   4.8723430e-03  -1.2925368e-03   7.8369245e-05
   6.0363523e-02  -9.9829985e-02   8.9730772e-01   4.2366408e-03  -2.6059086e-03  -2.6771764e-04
   5.6742531e-02  -8.7647893e-02   9.1529779e-01   3.6602193e-03  -2.5657628e-03  -5.4821310e-05
   6.4032965e-02  -8.2850558e-02   9.0288678e-01   3.8026377e-03  -2.8324659e-03  -3.1295451e-04
   5.7253881e-02  -1.4802989e-01   8.3920643e-01   2.1341025e-03  -2.5655298e-03  -4.2740153e-04
   5.5315866e-02  -1.1552642e-01   9.2535277e-01   2.6682375e-03  -2.3740276e-03  -9.4818893e-04
   5.6565993e-02  -1.6805030e-01   9.6878355e-01   3.2943403e-03  -2.3886377e-03  -7.5559384e-04
   6.4809500e-02  -1.4930469e-01   9.7848403e-01   3.2600175e-03  -2.3708700e-03  -5.9924549e-04
   7.3809567e-02  -1.7843234e-01   9.8911251e-01   2.6844971e-03  -2.5607575e-03  -7.9267148e-04
   8.9238733e-02  -2.0421408e-01   9.7501829e-01   2.6552870e-03  -2.8189606e-03  -7.2103818e-04
   9.9899423e-02  -1.8706685e-01   8.7396285e-01   2.0394512e-03  -3.3353486e-03  -5.4779641e-04
   1.0119882e-01  -1.1903170e-01   8.3874450e-01   2.0991742e-03  -3.3949474e-03  -7.1478238e-04
   8.7541816e-02  -8.4848745e-02   9.2980077e-01   2.2096530e-03  -2.7608994e-03  -7.1732299e-04
   9.8652062e-02  -1.4122812e-01   9.2992044e-01   3.3125853e-03  -3.1311532e-03  -4.8587683e-04
   9.4865107e-02  -1.7502841e-01   9.4155151e-01   3.3028400e-03  -3.1482220e-03  -5.5287195e-04
   9.5089812e-02  -1.8500348e-01   9.2855442e-01   2.6515454e-03  -2.8963198e-03  -9.0981792e-04
   9.6896535e-02  -1.7621790e-01   9.5838510e-01   2.8932731e-03  -3.1453323e-03  -9.1085245e-04
   1.0808832e-01  -1.8502781e-01   9.4475923e-01   2.8982084e-03  -3.2659729e-03  -4.5586902e-04
   1.0718713e-01  -1.0643496e-01   8.2401051e-01   2.4868594e-03  -3.1564522e-03  -5.0830236e-05
   1.0487638e-01  -1.2072415e-01   8.8428406e-01   3.5684679e-03  -3.0373205e-03  -1.6595478e-04
   9.6119300e-02  -1.3563833e-01   9.0533331e-01   3.1991586e-03  -2.6962831e-03  -5.0962146e-04
   9.5871366e-02  -1.1144209e-01   9.0377944e-01   3.2072165e-03  -2.6502142e-03  -6.8695568e-04
   1.0978820e-01  -9.1265870e-02   8.9788125e-01   3.4743330e-03  -2.9395792e-03  -5.4281257e-04
   1.0519615e-01  -1.2313980e-01   8.9983234e-01   2.9545017e-03  -2.8115975e-03  -9.3590366e-04
   1.0307634e-01  -8.5743207e-02   8.9621449e-01   1.9270874e-03  -2.9457525e-03  -8.2346444e-04
   1.0673790e-01  -1.2613139e-01   7.4270263e-01   1.7618026e-03  -3.2343332e-03  -4.6088746e-04
   1.0116465e-01   1.2363127e-03   7.3728771e-01   1.2694563e-03  -2.4622800e-03  -6.1819160e-04
   1.0482716e-01   7.1377067e-04   8.1745605e-01   2.3249379e-03  -2.5504348e-03  -6.6262602e-04
   1.0423973e-01  -1.2465962e-01   8.1317395e-01   2.7174598e-03  -2.7598962e-03  -7.0174392e-04
   1.0466517e-01  -1.0209505e-01   8.2668792e-01   2.4000825e-03  -2.5920629e-03  -8.6351059e-04
   1.0754365e-01  -7.8911901e-02   8.3301480e-01   2.6333644e-03  -2.6593520e-03  -9.0984848e-04
   1.0441707e-01  -1.1986216e-01   8.6667927e-01   2.0907881e-03  -2.6807007e-03  -1.0980391e-03
   1.0293542e-01  -1.1710444e-01   8.2921034e-01   1.2444068e-03  -2.8345575e-03  -1.0324561e-03
   1.0193171e-01  -1.1220246e-01   8.0453846e-01   1.0170673e-03  -2.7209331e-03  -9.8875872e-04
   9.9836123e-02  -8.3551908e-02   8.7895323e-01   2.0934435e-03  -2.8607109e-03  -7.5006975e-04
   1.0041995e-01  -5.0767125e-02   8.6536664e-01   1.4236343e-03  -2.8189039e-03  -6.4596158e-04
   1.0373847e-01  -1.1857316e-01   8.6723917e-01   2.1610152e-03  -3.1227630e-03  -7.3386082e-04
   1.0308253e-01  -9.3750058e-02   8.3034109e-01   2.2454184e-03  -2.8821738e-03  -4.3743588e-04
