   0.0000000e+00  -1.3820572e-14   0.0000000e+00   0.0000000e+00   0.0000000e+00  -4.3368087e-19
   3.2067147e-03   9.6020719e-03  -2.3965787e-02   1.3178408e-03  -2.2126094e-04   1.7525562e-04
  -1.5957238e-03   2.0234933e-02   1.9360468e-02   5.2676622e-04  -2.1539969e-04  -3.3940851e-05
   6.0366754e-03   6.9890148e-02  -1.6134145e-02   6.4471815e-04  -3.9310826e-04   2.3395311e-04
   6.8769171e-03   6.5419102e-02   3.0623029e-02   2.8821038e-04  -4.0172669e-04   6.7560953e-05
   9.7544141e-03   2.8337859e-02   1.2132353e-02   7.2327141e-04  -1.3894704e-04   3.4247391e-04
  -1.2121102e-03   6.8093695e-02   3.4606876e-02   2.1693672e-04  -9.3633654e-06   1.1422649e-04
   1.1870992e-02   2.9916825e-02   1.5554012e-02   2.1289854e-04  -1.3103737e-04   2.3016447e-04
   7.6772145e-03   3.8270574e-02   5.5258790e-02  -2.3801906e-04  -1.3816936e-04   6.4943338e-05
   1.0639917e-02   3.4933470e-02   9.8847872e-03   1.4944282e-04  -2.1341159e-04   1.6293309e-04
   1.0997761e-02  -3.3593156e-02   5.8984544e-02   7.9909752e-05  -1.3143431e-05   7.0097817e-05
   1.5247603e-02   2.6373735e-02   3.3446013e-02   4.2575149e-04  -9.2866902e-05   2.0433800e-04
   4.5599787e-03   2.2176636e-02   7.7422614e-02  -8.0834474e-05  -1.7686117e-05  -2.8597156e-05
  -6.5927892e-04   9.7513131e-03   2.7854333e-02  -2.7715277e-04   3.0033260e-04  -1.4198697e-04
   1.0187563e-03   6.2458600e-03   5.7129953e-02   2.6037283e-04   8.1763882e-05  -1.9500738e-04
   1.0543524e-02   1.6461714e-02  -1.2398450e-03  -2.6622108e-04  -1.8485832e-04  -7.7445254e-05
   2.4528568e-03   1.4594229e-02   2.8177092e-02   1.8931234e-04  -1.3037352e-04  -8.8010373e-05
   9.4212222e-03   2.3401998e-02   9.6762871e-03  -5.9722713e-04  -2.0893855e-04  -2.4089417e-04
   4.2898104e-03   3.0406040e-02   2.5536029e-02   4.0716070e-04  -2.2811429e-04  -2.3148920e-04
  -7.1836692e-04   8.4496915e-02   8.4771328e-03  -2.7484124e-04  -2.3751986e-05  -3.1063227e-04
   3.6801475e-03   4.4269012e-02   2.0499740e-02   4.2546332e-04  -1.6475951e-04  -2.0095668e-04
   6.6462561e-03   3.4957619e-02   1.4185947e-02   6.6751560e-05  -1.9874278e-04  -3.1745749e-04
  -8.0410449e-04   2.9701011e-02   2.2914036e-02   3.4194111e-04  -2.3395069e-04  -5.0342667e-04
  -2.2512002e-03   4.1371763e-02  -6.2677329e-03   3.1501384e-04  -2.1975060e-04  -4.2504561e-04
  -5.9395062e-03   7.4975823e-03   1.5183667e-02   3.9982170e-04  -1.9545453e-04  -4.1764700e-04
  -3.5604703e-03   6.0481393e-02   2.3599312e-03   1.5448836e-04  -9.2052647e-05  -3.0015570e-04
   1.6892671e-03   2.5436945e-02   4.2264393e-02   2.8223037e-04   3.9720599e-06  -2.9394069e-04
   2.6943039e-03   6.0783274e-02   2.2805321e-02   4.6839208e-04  -1.9640563e-04  -2.8904031e-04
  -1.8963870e-03   2.8429177e-02   4.7618119e-02   1.0794406e-03  -1.6404662e-04  -7.1150706e-04
  -4.5125012e-03   4.3051892e-02   3.5844944e-02  -3.1063091e-04   4.8614215e-05  -7.1159907e-04
   1.5849481e-02   1.0548223e-02   4.3905638e-02   3.8403853e-04  -2.5867125e-04  -3.1454070e-04
   8.8664776e-03   6.1602524e-02   5.0182518e-04   4.1956378e-04  -2.4367661e-04  -4.4495500e-04
   4.3547596e-03   8.0508679e-02   3.4703490e-02   3.7357704e-04   4.2817461e-05  -3.6977947e-04
   3.3702434e-03   8.5624798e-02  -5.8492256e-04   7.2138557e-04  -1.3720673e-04  -3.8615812e-04
   3.4144382e-03   3.8077288e-02   3.6712389e-02   6.4548047e-04  -5.3419967e-05  -4.2235810e-04
   4.6436086e-03   3.9829872e-02   1.4699439e-02   6.2244550e-04  -3.6284432e-05  -4.0785636e-04
  -1.9313168e-03   2.5409864e-02   3.8867454e-02   3.6746663e-04   5.7066179e-05  -6.9176832e-04
   6.3093433e-03   2.3907831e-02   6.6022858e-03   9.0657332e-04  -3.7377883e-04  -5.5881505e-04
  -4.5283505e-04   4.9511696e-02   3.8584485e-02   1.1078060e-03  -1.0726188e-04  -4.9550093e-04
   1.0184048e-02   8.3906956e-02   2.4254518e-03   1.1419485e-03  -2.4674806e-04  -3.6154522e-04
   2.7839249e-04   3.3002202e-02   5.4716198e-02   5.8298357e-04  -1.5900734e-04  -5.2088711e-04
   1.3029401e-02   2.6207137e-02  -2.2579103e-03   2.5166563e-04  -3.1752966e-04  -6.5480210e-04
  -2.9915815e-04   5.3386535e-02   3.8907218e-02   7.5176107e-04  -1.3648010e-04  -5.2498848e-04
   1.4177111e-02   5.5958876e-02  -1.4001134e-02  -1.5961556e-04  -2.2311054e-04  -6.4389555e-04
  -8.1730261e-03   9.8230736e-02   3.3817594e-02  -2.1930607e-04   1.6394317e-04  -7.9590178e-04
   3.1939615e-03   5.6273340e-02   1.3379873e-02  -5.8144422e-04   5.3088985e-05  -8.7214928e-04
  -3.8049657e-04   6.1134141e-02   3.1615845e-02   7.5429248e-04   8.6485572e-06  -5.2602434e-04
  -4.2799479e-03   9.1496735e-02   1.4571749e-02  -2.2382809e-04   2.2330748e-05  -1.3146882e-03
  -7.8709311e-04   3.7184066e-02   5.2564519e-02   4.0247646e-04   1.8950044e-06  -6.9853861e-04
  -6.2030305e-03   6.2551372e-02   7.9174122e-03   1.6295268e-05  -6.9525041e-05  -1.0393272e-03
   7.6058074e-03   6.5497775e-02  -5.7807746e-03   1.5603666e-03  -2.8885761e-04  -4.9736304e-04
  -7.6123404e-03   5.1848512e-02  -3.1654727e-03  -8.1569256e-04   2.1388800e-04  -9.2437753e-04
   9.4761162e-03   4.0810843e-02  -2.6065453e-02   1.0240801e-03  -2.3804799e-04  -5.4365624e-04
  -1.2644157e-03   5.0386272e-02   6.0787987e-03  -1.4437693e-04   1.6095441e-04  -8.6756548e-04
   6.4506686e-03   3.3386601e-02  -1.1066498e-02   1.0819532e-03  -5.4844077e-05  -6.2391370e-04
  -7.9331393e-05   5.3940604e-02   3.0599293e-02   1.2204591e-03  -1.3783577e-04  -1.0388038e-03
  -1.0807478e-02   6.2590261e-02   4.1855679e-03   3.0938147e-04   2.4305991e-04  -1.1391055e-03
  -3.3410860e-04   8.5337741e-02   9.0615063e-03   4.0520476e-04  -6.1718339e-06  -7.1275647e-04
  -4.3093524e-04   1.0389263e-02  -8.5356618e-03   1.1862530e-03  -1.3798335e-04  -7.8176153e-04
  -5.0573522e-03   6.5403613e-03   2.5277432e-02   4.8605849e-04   1.8994684e-04  -7.4817240e-04
  -9.2660572e-03   6.2267957e-02   3.2811170e-02   2.6945863e-04   3.6348190e-05  -7.8893381e-04
  -1.0018020e-02   6.1265622e-02   5.3143907e-02  -2.2575194e-05   1.6031475e-04  -9.8003587e-04
   4.3811324e-03   5.8947224e-02   1.7476844e-02   1.7555468e-03  -1.6825406e-04  -8.7134921e-04
  -3.0445779e-03   1.0891861e-01   3.3106952e-02   5.0090017e-04   2.0390610e-05  -9.1112224e-04
   7.1012253e-03   1.0249544e-01  -5.8796260e-03   1.3493642e-03  -1.6049832e-04  -7.6415434e-04
  -3.6601543e-03   6.5884940e-02   2.5974494e-02   9.8859592e-06   4.0290145e-05  -9.6039592e-04
   1.3544230e-02   6.6566427e-02  -3.1681946e-02   8.9569783e-04  -2.9799832e-04  -5.6594242e-04
  -1.7412950e-02   1.2301671e-01   1.5713728e-02  -7.2627050e-04   3.8563105e-04  -1.0336508e-03
   1.6132192e-02   7.7557006e-02  -3.4491372e-02   1.2799078e-03  -3.0976137e-04  -5.8570677e-04
   4.5502106e-03   1.4092302e-01   1.2925436e-02   1.0665043e-03  -5.0507735e-05  -8.5080587e-04
   1.3438552e-02   7.2764301e-02  -1.0321411e-02   1.4787811e-03  -2.5252934e-04  -8.9173171e-04
   2.8112358e-04   5.7867099e-02   3.4634339e-02   7.3496558e-04   1.3357097e-05  -1.1498691e-03
   6.9533893e-03   8.9477582e-02  -1.6259373e-02   4.9519938e-04  -2.4709394e-04  -1.0773676e-03
  -4.7277876e-03   6.3900584e-02   1.4227407e-02   8.8294768e-04  -1.6358215e-04  -1.0062667e-03
  -8.1369234e-03   4.3926909e-02   2.1515097e-02  -2.0768355e-04   6.0877437e-05  -1.2849177e-03
  -5.1644820e-04   5.8254119e-02   2.2890023e-02   3.1611973e-04   9.0985419e-06  -9.3415905e-04
  -9.0331215e-03   6.6331290e-02   2.0139366e-02  -1.4521882e-03   3.3568171e-04  -1.4766270e-03
   4.7040143e-03   8.6160149e-02  -6.6826073e-03   3.9627623e-04  -2.1632721e-04  -1.0163512e-03
  -1.2837657e-03   6.3594825e-02  -1.8474921e-02   3.0862468e-04   6.6895678e-05  -1.0392899e-03
   8.3145400e-03   6.5887643e-02   1.0406562e-02   6.4113581e-04  -2.3849548e-05  -9.5439776e-04
  -5.9382887e-03   3.1433678e-02   2.2820666e-02   5.7393719e-04   2.0112807e-04  -9.9970000e-04
  -1.9300241e-02   4.5664742e-02   6.0909089e-02   6.2809159e-04   3.5771112e-04  -1.1619413e-03
  -3.3516650e-02   6.4392230e-02   7.2882500e-02  -7.6206740e-04   7.7732770e-04  -1.5408571e-03
  -1.8840951e-02   2.6860604e-02   4.2130932e-02   1.2027634e-03   2.2120429e-04  -8.2030368e-04
  -1.9257962e-02   7.7784677e-02   4.3009613e-02   4.6912877e-04   2.9386339e-04  -1.2767459e-03
  -1.5594980e-03   2.4614064e-02   9.8131389e-03   2.0044550e-03  -1.7686858e-04  -6.3637311e-04
  -1.7993496e-02   7.0449077e-02   2.7576390e-02   4.0167351e-04   3.0415067e-04  -9.7305963e-04
  -1.7859201e-02   5.1186841e-02   5.3667831e-05   7.0552140e-04   2.1515371e-04  -8.6895605e-04
  -2.7200989e-02   3.2085010e-02   3.7796940e-02   1.3328535e-04   4.6853672e-04  -1.0747257e-03
  -8.1661810e-03   9.6499641e-02  -6.7894194e-04   1.2161750e-03   6.8935817e-06  -8.8542902e-04
  -2.2818795e-02   6.8771358e-02   7.2420926e-02  -3.0670707e-04   5.8141066e-04  -1.0673335e-03
  -8.9695191e-03   3.9542541e-02   7.6489915e-03   1.1734811e-03  -2.1296983e-04  -6.6473990e-04
  -1.3150412e-02   8.6856460e-02   3.8865939e-02   9.2029260e-04  -2.2987645e-04  -7.6629737e-04
  -7.8205807e-03   2.5351212e-02  -3.7846428e-03   6.3731364e-04   2.0195588e-05  -8.8141739e-04
  -2.0188689e-02   9.7559285e-02   4.4582479e-02   3.2720655e-04   2.5655480e-04  -1.6136401e-03
  -1.4354469e-02   6.7652478e-02  -2.2062300e-02   9.1252727e-04  -1.7601384e-04  -1.0412549e-03
  -1.9830061e-02   1.3697566e-01   2.7344871e-02   7.4273579e-04  -1.4576007e-04  -1.0019258e-03
  -7.9749817e-03   8.5715401e-02  -1.6828657e-02   6.0900776e-05  -7.5516270e-04  -1.1244182e-03
  -3.6656768e-02   1.2911842e-01   7.3923087e-04   4.0798961e-04  -1.1039312e-03  -1.5395439e-03
  -1.6194871e-02   8.7549586e-02   3.6875203e-02  -1.5074599e-03  -4.3732480e-04  -1.3096163e-03
   4.1545750e-03   9.0844272e-02   5.2707227e-02  -8.1624167e-04  -1.0969555e-03  -8.7404567e-04
  -1.3656229e-03   1.0725551e-01   4.4133598e-02  -1.6230291e-03  -8.2429789e-04  -1.4235447e-03
   7.3998999e-03   9.9350453e-02   3.7731250e-02  -7.6513837e-04  -1.2167185e-03  -1.1570588e-03
   1.3817100e-02   9.2133043e-02   5.3246252e-02  -1.4456595e-03  -1.3793987e-03  -1.6345242e-03
   7.4344111e-03   1.1953154e-01   3.8832547e-02  -3.1462016e-04  -1.4981573e-03  -1.0700437e-03
  -6.9084228e-03   3.8297996e-02   2.9725454e-02   5.8658932e-04  -1.2141200e-03  -1.5564468e-03
   4.9622899e-03   7.3765703e-02  -3.7101785e-03   1.0407626e-03  -1.3401911e-03  -1.4943708e-03
  -1.4763568e-03   1.0315345e-01   1.2248999e-02   8.7751914e-04  -1.1083154e-03  -1.4690683e-03
  -1.7771028e-02   1.1282431e-01   1.4648996e-03   5.9359774e-04  -8.4600961e-04  -1.7532874e-03
  -1.0884338e-02   5.1099990e-02   3.7959585e-02   1.6222670e-03  -9.8333036e-04  -1.5446129e-03
  -1.3645389e-02   6.5618572e-03   4.7601924e-02   1.2879268e-03  -1.0103031e-03  -1.3907045e-03
  -1.8538860e-02   5.1786371e-02   7.0179166e-02   1.9263298e-03  -9.8419649e-04  -1.7883146e-03
   3.2604147e-03   6.5011861e-02   3.9293681e-02   2.0864766e-03  -1.5300007e-03  -1.2292290e-03
  -2.9877878e-03   5.6591255e-02   6.4889729e-02   1.5267570e-03  -1.4383396e-03  -1.2163536e-03
  -4.7982157e-02   2.9348751e-02   1.6643274e-02   1.3069574e-03  -7.1422484e-04  -1.7938557e-03
  -3.6415164e-02   2.5728549e-02   2.5627016e-02   2.1194051e-03  -9.4583362e-04  -1.6331491e-03
  -1.5892513e-02   4.6674446e-02   1.0260687e-02   1.0096790e-03  -1.0196047e-03  -1.5987647e-03
  -1.0428799e-02   4.7118950e-02  -7.0653203e-03   1.2982922e-03  -1.0457952e-03  -1.5556939e-03
  -1.7712954e-02   5.0772754e-02  -1.4037276e-02   5.4105758e-04  -9.2755959e-04  -1.8180768e-03
  -1.9781372e-02   1.1392680e-01  -2.3200365e-02   7.8751027e-04  -9.2282593e-04  -1.9004734e-03
  -1.7121862e-02   8.3178400e-02  -8.9233479e-03   1.8448220e-03  -1.0439861e-03  -1.8221258e-03
   9.7478578e-03   1.5348903e-01   2.3085175e-02   7.7111453e-04  -1.4943643e-03  -1.3568635e-03
  -6.5532457e-03   2.1885779e-02   6.1139340e-02   6.0035500e-04  -1.0257221e-03  -1.5495170e-03
  -7.9898238e-03   1.6706354e-02   7.2552361e-03   1.5308226e-03  -1.2903099e-03  -1.7355057e-03
  -1.4478931e-02   8.4677380e-02   2.3488762e-02   1.1503746e-03  -1.1025685e-03  -1.7760419e-03
  -4.0995710e-02   3.3949387e-02  -2.2166341e-02   8.9510594e-04  -1.0162593e-03  -1.8624123e-03
  -5.5815284e-02   1.2426352e-01  -3.6051279e-03   2.5522497e-03  -1.2810580e-03  -2.1555854e-03
  -1.9388034e-02   2.9155097e-02   8.6872375e-02   1.1667017e-03  -1.3172457e-03  -1.8868052e-03
  -2.0962704e-02   1.0388760e-01   4.8009013e-03   2.0026939e-03  -1.5839431e-03  -1.2599429e-03
  -3.7857548e-02   9.4462963e-02   4.1354395e-02   1.1660918e-03  -1.1882282e-03  -1.7934666e-03
  -4.0197633e-02   4.4105680e-02  -1.7436616e-03   1.1808363e-03  -1.1008999e-03  -1.7290829e-03
  -3.9199328e-02   6.2554022e-02   2.8456461e-02   1.2336372e-03  -9.9291915e-04  -1.8237758e-03
  -1.3380306e-02   6.3861276e-02  -2.6511175e-02   1.5981426e-03  -1.3069732e-03  -1.5522001e-03
  -2.7252213e-02   1.0734567e-01   3.5811424e-02   6.4342662e-04  -8.2786132e-04  -2.0750543e-03
  -1.8916998e-02   1.0872056e-01  -2.1624120e-02   1.8873468e-03  -1.4625889e-03  -1.7144939e-03
  -3.0571863e-02   7.9658172e-02   6.0832677e-02   1.5645961e-03  -1.3522936e-03  -1.4731621e-03
  -2.5862776e-02   7.5542773e-02   1.7288664e-02   1.2124207e-03  -1.3849389e-03  -1.4157231e-03
  -3.4351754e-02   3.5722621e-02   8.2736948e-02   9.0715553e-04  -1.2033509e-03  -1.3974493e-03
  -4.3994354e-02   5.1453663e-02  -3.2519977e-03   5.6775336e-04  -1.1096240e-03  -2.0884479e-03
  -2.9480003e-02   4.2057291e-02   4.5174553e-02   1.7792084e-03  -1.2160871e-03  -1.7122166e-03
  -1.8681431e-02   5.1217770e-02  -4.9688794e-02   3.1437863e-04  -1.2153882e-03  -1.3697727e-03
  -3.4541026e-02   4.2679939e-02   4.0807334e-03   2.1056868e-03  -1.5807662e-03  -1.9529151e-03
  -1.4067376e-02   4.0787903e-02   7.0738679e-02   1.2287984e-03  -1.2927973e-03  -2.3870079e-03
  -4.5174543e-02   9.7923375e-02  -1.4804024e-03   1.7848398e-03  -1.2658171e-03  -2.5648127e-03
  -2.3521808e-02   9.1587108e-02   3.7799214e-02   1.4957714e-03  -1.5484000e-03  -2.0213485e-03
  -2.9097098e-02   7.3282227e-02  -1.9450343e-02   2.5480427e-03  -1.6610500e-03  -1.6012322e-03
  -7.8350249e-03   8.9299588e-02   3.1259946e-02   1.3537651e-03  -1.8196170e-03  -2.1965267e-03
  -2.3699745e-02   9.7564746e-02  -2.7427829e-02   2.0487520e-03  -1.8182645e-03  -1.8906921e-03
  -2.8865723e-02   1.2414324e-01   6.1290554e-02  -8.8236581e-05  -1.5101540e-03  -2.4930754e-03
  -9.3865303e-03   4.5996987e-02  -2.0694041e-02   1.3334547e-03  -2.1004094e-03  -2.1203532e-03
  -1.1291546e-02   8.9186682e-02   4.1204164e-02   3.5757544e-04  -2.0811496e-03  -2.0613164e-03
  -1.3478974e-02   8.9644296e-02  -3.4042253e-02   1.5160642e-03  -2.1855212e-03  -1.8153466e-03
  -3.3522362e-02   6.8262263e-02   3.1449229e-02   2.0039230e-03  -1.8975451e-03  -2.1421676e-03
  -3.6611097e-03   1.1442456e-01  -1.3880950e-03   2.0503720e-03  -2.1255804e-03  -1.8201077e-03
  -6.7288624e-02   4.6921240e-02   6.6792440e-02   1.5873582e-03  -1.3882633e-03  -2.1298590e-03
  -8.1616414e-02   8.1370123e-03   3.8631361e-03   1.0698078e-03  -1.6098813e-03  -2.4954402e-03
  -7.3226040e-02   8.0825817e-02   4.2335988e-02   8.2887239e-04  -1.0665721e-03  -2.5330018e-03
  -5.9608967e-02   8.6609498e-02  -2.7589715e-02   8.5390029e-04  -1.3585981e-03  -2.6368677e-03
  -6.6787302e-02   6.0624457e-02   9.3879025e-02   9.8524102e-04  -1.1338000e-03  -2.9005261e-03
  -3.4225733e-03   2.9290836e-02   9.1772121e-02   6.5388893e-04  -2.0028903e-03  -2.8608679e-03
  -2.9024127e-03   7.5714855e-02   6.5624262e-02   1.3839593e-03  -2.1823887e-03  -2.5644169e-03
   1.0044458e-01   5.8259527e-02   1.8316381e-01  -4.5614921e-04  -4.2777869e-03  -1.8286382e-03
   4.7716357e-02   1.0059972e-01   1.0283459e-01   1.0912369e-03  -3.8526626e-03  -1.8183173e-03
  -2.1691683e-02   1.2998258e-01   1.2903870e-01   1.2318996e-04  -2.6435975e-03  -2.6910309e-03
   6.2954714e-03   9.6866296e-02   2.6998340e-02   1.5794088e-03  -3.3578644e-03  -1.7465638e-03
  -4.0083610e-02   6.7809366e-02   1.2993631e-01   1.0927743e-03  -2.3844870e-03  -2.4922303e-03
  -4.5446972e-02   6.9102173e-02   5.7421951e-02   1.2860317e-03  -2.1674193e-03  -2.1165497e-03
  -2.8460907e-02   7.2154104e-02   1.4521925e-01   7.3756441e-04  -2.4502126e-03  -2.3841752e-03
   1.0800595e-02   2.8550984e-02   1.3241990e-01   6.0971555e-04  -3.0019637e-03  -2.2474635e-03
  -1.8432183e-02   1.6628456e-02   1.1935966e-01   1.5329468e-03  -2.6739489e-03  -2.2729588e-03
   1.9048433e-02   4.4501407e-02   1.1619968e-01   1.1530216e-03  -3.2800794e-03  -2.4368452e-03
   2.4644716e-03   5.2797382e-02   4.0006549e-02   2.7975373e-03  -3.2418021e-03  -2.2724602e-03
   2.0034153e-02   8.0272472e-02   8.3409504e-02   2.9752506e-03  -3.4801665e-03  -2.3569314e-03
  -1.1414198e-02   5.1360846e-02   4.0020912e-02   4.4119748e-03  -3.3398504e-03  -2.0692246e-03
  -2.0387901e-02   2.5479006e-02   1.7238557e-01   3.2750398e-03  -2.7678958e-03  -2.4336363e-03
  -2.2355884e-02   4.4833460e-02   7.3272373e-02   4.1500461e-03  -3.0812533e-03  -1.9652939e-03
  -2.2710333e-02   5.8171346e-02   1.3133529e-01   3.0829097e-03  -2.9288210e-03  -2.2970953e-03
  -4.3791721e-02   4.4082626e-02   1.1099298e-01   3.6287768e-03  -2.4299613e-03  -2.0000092e-03
  -4.1918110e-02   1.1496751e-02   1.4865869e-01   3.6127328e-03  -2.6599552e-03  -2.2759410e-03
  -1.3713226e-01   2.0778845e-02   1.1539899e-01   3.4715472e-03  -1.1424022e-03  -3.3680431e-03
  -1.9377072e-01   3.9620777e-02   6.7878571e-02   4.8124661e-03  -9.7291375e-04  -4.1089712e-03
  -1.5267823e-01  -1.6824729e-02   1.6521159e-01   3.3206062e-03  -1.0837111e-03  -4.2081808e-03
  -6.7047589e-02   7.9208799e-02   6.0747772e-02   3.4974992e-03  -2.6090568e-03  -3.1185607e-03
  -8.2431394e-02   4.9524771e-02   1.0917836e-01   3.2599668e-03  -2.3840172e-03  -3.1336668e-03
  -9.4137742e-02   2.7378219e-02   1.0903204e-01   1.8372426e-03  -2.1137753e-03  -3.5523165e-03
  -8.3886049e-02   1.0210414e-01   6.3172917e-02   3.2043686e-03  -2.6108810e-03  -3.1891371e-03
  -9.8151784e-02   6.0706849e-02   1.6754684e-01   2.5945346e-03  -2.0787967e-03  -3.4739754e-03
  -7.5294535e-02   6.4563293e-02   7.0602853e-02   3.8314390e-03  -2.7084006e-03  -3.1035034e-03
  -1.0541269e-01   5.0700914e-02   1.5569340e-01   3.7567753e-03  -2.0917509e-03  -3.9537415e-03
  -7.7692384e-02   7.2465033e-02   8.9368724e-02   3.8579770e-03  -2.5127894e-03  -3.5758476e-03
  -1.1891180e-01   6.1243980e-02   9.5229113e-02   3.4002071e-03  -2.0261428e-03  -4.0159425e-03
  -7.2034842e-02   7.9339112e-03   1.2489615e-01   3.3404213e-03  -2.4318876e-03  -3.8484069e-03
  -6.0260090e-02   5.0787734e-02   8.7818972e-02   3.9794968e-03  -2.8640671e-03  -3.0949047e-03
  -4.7494568e-02   1.0332635e-01   1.3117129e-01   4.1631776e-03  -2.9046575e-03  -3.4990484e-03
  -1.4792295e-02   9.6293343e-03   1.2922875e-01   4.6045013e-03  -3.5833142e-03  -2.8929697e-03
  -5.1080093e-02   1.3430330e-02   1.9741184e-01   4.1771689e-03  -2.8714889e-03  -3.5845305e-03
  -4.5718938e-02   3.1338250e-02   1.0116657e-01   4.8451057e-03  -3.1498087e-03  -2.9495604e-03
  -8.5526545e-02  -1.1512932e-02   1.3628425e-01   4.1504718e-03  -2.4255867e-03  -3.2804921e-03
  -6.7229691e-02   4.6175782e-02   1.2975383e-01   2.8348102e-03  -2.5262428e-03  -3.2388067e-03
  -7.6104615e-02   3.9417378e-02   7.8205421e-02   4.0530117e-03  -3.0967266e-03  -3.1894667e-03
  -8.9372439e-02   3.7265358e-02   1.2484019e-01   2.9019388e-03  -2.5795381e-03  -3.9524204e-03
  -7.7921000e-02   9.0146686e-02   3.3586333e-02   3.7448852e-03  -3.1908492e-03  -3.2150307e-03
  -8.8734032e-02   8.2798965e-02   1.5493800e-01   2.5845703e-03  -2.7936288e-03  -3.5380322e-03
  -7.0830549e-02   5.1824253e-02   8.3523608e-02   2.7972722e-03  -3.1434417e-03  -3.1648515e-03
  -8.7896956e-02   5.3516319e-02   1.0883632e-01   3.3638402e-03  -2.9840346e-03  -3.4155785e-03
  -1.2212052e-01   6.1791440e-02   1.6405058e-01   2.8889155e-03  -2.1249420e-03  -3.9580576e-03
  -9.5688393e-02   1.5730826e-02   1.0740368e-01   3.7761703e-03  -2.6871961e-03  -3.7106725e-03
  -9.9060359e-02   5.7341400e-02   1.5921454e-01   3.3179991e-03  -2.4003307e-03  -3.6716875e-03
  -6.4169418e-02   5.1653164e-02   9.6048714e-02   4.0587883e-03  -3.0812151e-03  -3.2585570e-03
