   0.0000000e+00  -1.3377401e-14   3.5527137e-15   0.0000000e+00   0.0000000e+00   1.3877788e-17
   3.0719860e-03  -7.1779109e-04  -4.7974348e-03  -3.7579555e-04  -1.2986951e-04  -8.1024451e-05
   1.9328402e-03   3.1931856e-02  -1.8357345e-02  -5.5452069e-04  -6.9472125e-05  -1.6841413e-04
  -7.4100038e-03  -1.4813103e-03  -2.6206247e-02   4.6410869e-04   2.2391236e-04   6.8010850e-05
   6.5046574e-03   2.4899850e-02  -3.1094210e-02  -7.8722758e-05  -9.6193095e-05   1.1162683e-05
   3.1150188e-03   2.8329106e-02  -2.6244577e-02  -1.2502596e-04  -7.4244277e-05  -8.4247570e-05
  -9.7045624e-03  -6.0707285e-02   1.4207946e-02  -6.3605919e-05  -2.3766122e-05  -9.0991243e-05
   1.5556676e-02   7.5966722e-03   4.6447758e-03   2.1984876e-04  -3.8609889e-04   7.9379398e-05
   1.6845287e-03   6.5162523e-03  -5.6625477e-04  -2.0300812e-05  -1.1590827e-05  -6.3018749e-05
   1.2387923e-02   1.9142325e-02  -4.3136787e-03   3.1222870e-05  -1.7418389e-04   9.0100367e-05
   3.6087560e-03  -5.6363446e-02   4.2568331e-02   7.5578769e-04  -5.7605585e-05   1.0736578e-04
  -7.4938929e-03  -2.4957098e-02   2.1837877e-02   1.7157692e-04   1.8140051e-04   2.9711247e-05
  -1.4569030e-02   2.0381062e-02   8.5824524e-03  -5.3817198e-04   4.4634736e-04  -2.3276747e-04
  -1.2482206e-02  -4.3859806e-04  -2.3695158e-02  -4.6480384e-04   5.2657342e-04  -1.5393632e-04
   3.5003413e-03  -4.3030767e-02  -1.0031732e-03   7.3616853e-04   1.7212318e-04   7.3504872e-05
   3.3453191e-03  -8.4841172e-03  -7.9398820e-05   1.5418041e-04   1.2752044e-04  -1.3216431e-05
   4.1572670e-03  -5.3580819e-03  -1.1134647e-03   2.5749916e-04   1.0541485e-04   8.0671390e-05
  -1.2498397e-02  -6.3977128e-02   9.1189278e-03   5.5546240e-04   9.3791539e-04   8.9121965e-05
  -5.8342951e-04  -1.5900026e-02  -9.2995300e-03   1.4925028e-03   6.5500751e-04   1.2069289e-04
  -9.5212867e-04  -1.5951384e-02  -1.0493408e-02   1.4573620e-03   5.5726319e-04   1.6384063e-04
   5.2193629e-03  -7.8454793e-02   2.0162815e-02   1.0945943e-03   1.1635558e-04   3.8795384e-05
   1.1140482e-02  -4.3850212e-02   2.2459416e-02   1.4858167e-03   2.6649890e-04   3.0349471e-04
   1.1753560e-02  -1.7238137e-02   9.2836829e-03   1.5862499e-03   3.7807768e-04   1.5986796e-04
   1.2145598e-02  -2.1536193e-02   9.3119062e-03   1.7102696e-03   4.7510244e-04   2.5084195e-04
  -4.9426990e-03  -1.0946259e-01   2.9785477e-02   2.2809420e-03   6.0381778e-04   1.9410004e-04
   1.4726183e-02  -5.2274155e-02   1.1701148e-02   1.8867607e-03   6.1636910e-04   1.6298786e-04
   1.1152756e-02  -4.6282935e-02   2.6521908e-02   1.8750880e-03   7.7246987e-04   5.1396548e-04
   1.3527388e-02  -1.0162976e-02   8.3400286e-03   1.9297075e-03   6.5316101e-04   4.5899418e-04
   2.5169350e-02  -4.3916587e-02   2.3177490e-03   2.7465384e-03   4.6687661e-04   3.9676205e-04
   3.0044607e-02  -7.5947075e-02   1.8189536e-02   1.9399106e-03   3.2516026e-04   4.2355990e-04
   4.2348214e-02  -7.0656985e-02  -3.2932250e-03   2.7561397e-03   1.0433665e-04   5.0332461e-04
   2.8483476e-02  -6.1292861e-02   3.0564078e-03   4.0416925e-03   7.5204531e-04   5.7949280e-04
   1.2544581e-02  -1.0861764e-01   3.4614735e-03   4.3886730e-03   1.0375640e-03   5.7303659e-04
   2.8009189e-02  -4.1362229e-02  -1.4205028e-02   3.5512322e-03   4.8656239e-04   5.1234374e-04
   2.4685352e-02  -2.9025381e-02  -1.8300154e-02   3.6719371e-03   4.8265321e-04   7.1517884e-04
   1.1766875e-02  -1.5526508e-01   1.9663265e-02   3.7006829e-03   4.7391861e-04   5.5725681e-04
   1.3796246e-02  -6.4272795e-02  -1.7762640e-02   3.7356211e-03   8.0372797e-04   5.5191671e-04
   7.7586939e-03  -4.4667638e-02  -1.5578627e-02   3.6392289e-03   1.0989660e-03   5.9441475e-04
   3.0360608e-02  -8.0807905e-02  -2.8865011e-03   4.1288731e-03   6.1198490e-04   5.3666657e-04
   2.0307139e-02  -8.2929676e-02   1.9678620e-02   4.3965902e-03   5.0199712e-04   8.1290207e-04
   2.3224728e-02  -1.2411491e-02  -2.6855345e-02   3.7293687e-03   6.1124665e-04   9.1172059e-04
   2.6782232e-02  -2.7634387e-02  -2.8029629e-02   3.7798816e-03   4.7473108e-04   8.3887933e-04
   1.0802116e-02  -1.0668211e-01   1.5509325e-02   3.8173601e-03   5.8752679e-04   8.6773168e-04
   2.6163517e-02  -8.4279761e-02  -1.1664058e-02   3.8008661e-03   3.5674372e-04   9.3236082e-04
   4.3201769e-02  -7.7016565e-02  -1.8313953e-02   4.0272276e-03   4.1703160e-05   8.4350653e-04
   3.8433748e-02  -5.3236953e-02  -9.0865266e-03   4.3280178e-03  -1.3487617e-04   9.5512862e-04
   2.5903270e-02  -4.2948380e-02  -9.9325978e-03   4.5044331e-03   2.2608711e-04   8.7898215e-04
   2.6052764e-02  -2.5412630e-02  -2.2808146e-02   4.1361928e-03   1.1902161e-04   8.6253935e-04
   1.8630809e-02  -1.0177981e-01   1.9271885e-02   4.2317037e-03   1.0741997e-04   8.4980019e-04
   2.4528468e-02  -1.2135219e-01   7.4170027e-03   4.3015590e-03   3.3454870e-06   8.1182612e-04
   4.3456719e-02  -4.1450173e-02  -1.8819894e-02   3.9403347e-03  -2.6857100e-04   9.3409989e-04
   3.6416982e-02  -7.1771704e-02  -1.6876682e-03   4.4987480e-03  -2.8109228e-04   1.0191672e-03
   2.9900550e-02  -7.1874431e-02   1.8892571e-02   4.4223926e-03  -3.7805074e-04   1.0589240e-03
   3.2129329e-02  -8.5702852e-02   1.5793866e-02   4.2367277e-03  -3.2735957e-04   1.0872580e-03
   5.0004588e-02  -8.7076559e-02  -4.0809980e-03   4.7355724e-03  -5.2222958e-04   1.1683171e-03
   6.7862024e-02  -1.0909648e-01   2.0790261e-02   5.4286366e-03  -8.6297167e-04   1.3018150e-03
   5.1719496e-02  -3.8490832e-02   3.1238027e-03   4.8547372e-03  -4.6879464e-04   1.3010129e-03
   4.7708258e-02  -8.4506647e-02  -1.4462862e-02   5.5883686e-03  -4.6635249e-04   1.4891201e-03
   3.6521046e-02  -1.1476621e-01  -1.1148536e-02   5.6960529e-03  -2.6616007e-04   1.4223044e-03
   5.0725017e-02  -5.5365027e-02  -2.9260224e-02   5.6446812e-03  -4.1771055e-04   1.3334899e-03
   6.4386834e-02  -5.1094319e-02  -2.7693525e-02   5.6231233e-03  -7.2688418e-04   1.3927419e-03
   5.2883103e-02  -3.8332574e-02  -2.7924155e-02   5.7396076e-03  -4.0284661e-04   1.5881268e-03
   4.4385856e-02  -6.2096222e-02  -2.6428306e-02   5.6775883e-03  -2.5605042e-04   1.5414154e-03
   4.8461454e-02  -7.1010324e-03  -5.5096586e-02   5.0850673e-03  -2.9100508e-04   1.3048310e-03
   5.5331297e-02  -8.7449448e-02  -1.5189235e-02   5.7148058e-03  -5.6897362e-04   1.5057082e-03
   4.9376807e-02  -9.1740229e-02  -1.3479455e-02   5.7739342e-03  -4.9891135e-04   1.5348865e-03
   5.0777677e-02   4.8832523e-03  -7.6002946e-02   5.3730790e-03  -2.9678017e-04   1.5073980e-03
   3.8411493e-02  -6.5381312e-02  -4.5613302e-02   5.2371089e-03  -2.7534775e-04   1.3438620e-03
   4.6574297e-02  -5.9896490e-02  -3.4167012e-02   5.7203799e-03  -4.5557542e-04   1.3742898e-03
   4.5902154e-02  -3.0239641e-03  -9.3634204e-02   4.7627909e-03  -5.6261363e-04   1.4631904e-03
   5.9950747e-02   2.0685769e-02  -1.0671797e-01   4.4438687e-03  -5.5528676e-04   1.6291459e-03
   5.7038470e-02  -8.6432694e-03  -6.8395206e-02   5.3883796e-03  -4.6588987e-04   1.6079977e-03
   6.3467324e-02  -2.3435392e-02  -5.1512068e-02   5.2199418e-03  -7.4012516e-04   1.6593394e-03
   4.7425518e-02   3.7481521e-04  -6.5105835e-02   4.5122849e-03  -3.6830605e-04   1.4825591e-03
   5.4860140e-02  -1.0532990e-02  -8.6341416e-02   5.1776324e-03  -4.6936829e-04   1.5901534e-03
   4.9585060e-02  -5.2096954e-02  -5.2365831e-02   5.0221783e-03  -4.9375498e-04   1.6490667e-03
   6.6578605e-02   1.3205039e-02  -6.7175860e-02   5.0121198e-03  -6.1035734e-04   1.6642014e-03
   5.7428596e-02  -8.0951790e-02  -3.7753850e-02   5.8442338e-03  -6.2531324e-04   1.7858616e-03
   5.9586119e-02  -4.2958383e-02  -5.3799124e-02   4.8047415e-03  -6.8831304e-04   1.6712092e-03
   5.5035187e-02   4.4349669e-02  -9.7459200e-02   4.9712074e-03  -1.0322032e-04   1.7883437e-03
   5.1483620e-02  -7.0026858e-02  -5.6162984e-02   5.6922269e-03  -2.9976625e-04   1.6829713e-03
   6.4394135e-02   2.2113681e-02  -8.6740880e-02   5.3947340e-03  -4.1640818e-04   1.7278405e-03
   4.8456766e-02  -9.5544632e-03  -6.9223027e-02   5.1471272e-03  -2.9596606e-04   1.7594955e-03
   4.7350339e-02  -7.4843828e-02  -6.0780805e-02   5.4685726e-03  -4.3079125e-04   1.7238861e-03
   5.0733623e-02  -4.9498129e-02  -6.3929676e-02   5.7307374e-03  -4.1089250e-04   1.8618096e-03
   6.4155595e-02   1.9056651e-02  -7.8368268e-02   5.5805064e-03  -6.6438184e-04   1.7314297e-03
   6.3697884e-02  -1.3730162e-02  -6.9033614e-02   5.4145915e-03  -6.4481498e-04   1.8430780e-03
   6.0873368e-02  -1.8846058e-02  -8.0943727e-02   6.1160326e-03  -5.9570249e-04   2.0861159e-03
   5.5646626e-02  -6.3236987e-02  -7.4977205e-02   6.0853776e-03  -4.3207250e-04   2.0551803e-03
   6.6369521e-02  -1.8536317e-02  -9.9227389e-02   5.6645035e-03  -5.4839520e-04   1.9839157e-03
   8.0621076e-02  -2.8241977e-02  -7.4570694e-02   6.0655875e-03  -8.0522508e-04   2.0136852e-03
   7.1556307e-02   3.3847072e-02  -9.1473795e-02   5.5011608e-03  -4.6809521e-04   1.9136761e-03
   6.7051609e-02  -2.8597444e-03  -9.5993743e-02   5.4638764e-03  -4.6155102e-04   1.9285542e-03
   6.1617253e-02  -3.8350645e-02  -8.7282049e-02   6.2044024e-03  -4.1512631e-04   1.9574967e-03
   6.3628466e-02  -8.3588112e-02  -6.2333834e-02   5.4692210e-03  -6.7237949e-04   1.9502226e-03
   7.5530211e-02  -9.5686537e-05  -1.0892067e-01   5.8017097e-03  -7.1719091e-04   1.9768372e-03
   6.7892501e-02   4.0176403e-02  -1.1533541e-01   5.5584044e-03  -5.1167195e-04   2.1402198e-03
   8.1888919e-02   6.7122589e-02  -1.4643200e-01   5.6938272e-03  -5.9755059e-04   2.1554675e-03
   7.9876030e-02  -3.6488790e-02  -9.7789410e-02   6.2624579e-03  -6.5108757e-04   2.3208363e-03
   8.0418509e-02   5.1404623e-02  -1.1879087e-01   5.4183466e-03  -4.8128015e-04   2.2131342e-03
   8.0668783e-02  -8.8534192e-03  -9.5228573e-02   5.8572346e-03  -6.6382704e-04   2.2074179e-03
   7.3841996e-02  -5.0250707e-02  -9.7962990e-02   5.9681853e-03  -6.8172005e-04   2.2385048e-03
   6.8850721e-02   2.3196163e-02  -1.3687644e-01   5.7588672e-03  -5.1246226e-04   2.3682322e-03
   6.9904782e-02  -5.1174399e-02  -1.1930988e-01   5.9879689e-03  -6.8609734e-04   2.3466710e-03
   7.4713545e-02  -6.4818871e-02  -1.0893218e-01   6.9997962e-03  -7.0941790e-04   2.4282535e-03
   5.7028492e-02  -2.1934182e-02  -1.1871168e-01   6.5452268e-03  -3.3097658e-04   2.3105401e-03
   6.1369312e-02   4.8265295e-02  -1.4675389e-01   6.0553269e-03  -3.2773813e-04   2.2803844e-03
   7.3842736e-02   2.8934642e-02  -1.5908717e-01   6.2757443e-03  -6.3493703e-04   2.2316526e-03
   8.4439037e-02   3.8597354e-02  -1.3259557e-01   6.8622804e-03  -6.9888277e-04   2.3776786e-03
   7.4665612e-02   2.7373258e-02  -1.3694059e-01   6.2928293e-03  -5.2412421e-04   2.3617825e-03
   7.9040145e-02  -6.9549017e-03  -1.2764277e-01   6.4661778e-03  -6.2199174e-04   2.4329167e-03
   7.6844520e-02  -1.0681433e-01  -8.0182602e-02   7.2185735e-03  -9.3856813e-04   2.4884298e-03
   6.9236410e-02  -3.0472136e-02  -1.0462699e-01   6.1095685e-03  -7.2941346e-04   2.2731477e-03
   7.2811278e-02   4.0020821e-02  -1.4900949e-01   5.8105252e-03  -7.8980027e-04   2.2480880e-03
   6.4971055e-02  -8.2766460e-02  -9.3027949e-02   6.8459926e-03  -2.9831951e-04   2.4277894e-03
   8.0146765e-02  -4.0331230e-02  -1.2910170e-01   7.1195802e-03   2.3029131e-05   2.3873745e-03
   7.9813250e-02   3.5675956e-03  -1.4963048e-01   7.4809879e-03  -1.9318451e-04   2.3066448e-03
   7.4408102e-02   3.8897408e-02  -1.7272169e-01   6.9554880e-03   4.3244725e-05   2.2611889e-03
   7.1617497e-02   6.0308666e-02  -1.7733897e-01   6.5315633e-03  -1.6835007e-05   2.3810068e-03
   6.1292168e-02  -4.3564554e-02  -1.2924295e-01   7.2511390e-03   1.8702975e-04   2.4363148e-03
   7.1359041e-02  -3.1083267e-03  -1.3021750e-01   6.9852287e-03   7.9019998e-05   2.2777199e-03
   6.6069062e-02   3.0668852e-02  -1.4583315e-01   6.6895110e-03   2.4743427e-04   2.4173828e-03
   5.6919417e-02   6.2249612e-04  -1.4911499e-01   6.8896875e-03   4.2008629e-04   2.3037710e-03
   6.8406171e-02   4.5373913e-02  -1.5585561e-01   7.3050504e-03   3.9918905e-04   2.2859047e-03
   6.1945199e-02   7.1208542e-02  -1.6420549e-01   6.8377534e-03   4.0842749e-04   2.2776537e-03
   6.2423979e-02  -2.2547969e-02  -1.4913593e-01   6.8798630e-03   2.8432574e-04   2.5031934e-03
   5.9855815e-02   3.5081608e-02  -1.5920161e-01   7.2865995e-03   4.7034954e-04   2.4525434e-03
   8.3233584e-02   3.7875287e-02  -1.6432791e-01   7.2054869e-03  -3.9283418e-06   2.4814265e-03
   7.0195224e-02   2.0019455e-03  -1.5324052e-01   7.0236140e-03   1.3357332e-04   2.5201472e-03
   6.5049743e-02  -1.4695699e-03  -1.4155585e-01   7.4666393e-03   1.9767292e-04   2.6262294e-03
   6.8625473e-02   7.8178602e-03  -1.5105249e-01   7.2400390e-03   1.1361493e-04   2.4797456e-03
   7.1488090e-02   5.1070237e-02  -1.7150145e-01   7.2129015e-03   1.9729067e-05   2.6271099e-03
   6.9913026e-02   6.6152680e-03  -1.6253634e-01   7.1864105e-03  -1.3547653e-04   2.6327585e-03
   7.1316827e-02   6.5397916e-03  -1.5398150e-01   7.9645005e-03  -1.7395974e-04   2.4628009e-03
   6.7354572e-02   1.1367548e-02  -1.4223375e-01   6.9833260e-03  -1.4137159e-04   2.3954985e-03
   6.2716830e-02   3.4980640e-02  -1.6724910e-01   6.7803869e-03   6.9546645e-05   2.3887004e-03
   7.0916582e-02   4.6542072e-02  -1.6931570e-01   7.4054888e-03   3.0915764e-06   2.5892147e-03
   7.0836189e-02   3.4344072e-02  -1.5918218e-01   7.2806507e-03  -1.7077761e-04   2.3827525e-03
   7.7382340e-02   7.2599799e-02  -1.9377696e-01   6.0045616e-03  -4.2099636e-04   2.4751617e-03
   6.5410668e-02   9.6237424e-02  -1.8114380e-01   6.2031085e-03  -3.9569906e-05   2.1485576e-03
   7.1789320e-02   6.5379720e-02  -1.8843085e-01   6.4110058e-03  -8.7706469e-05   2.2269419e-03
   7.1288221e-02   5.0414785e-02  -1.8193999e-01   6.1181089e-03   9.9774018e-05   2.0239882e-03
   6.8380810e-02   1.1746477e-02  -1.4876792e-01   6.7630943e-03   2.2223091e-04   2.1239224e-03
   6.9774059e-02   8.1202352e-02  -1.8024513e-01   6.3044916e-03   3.3404673e-04   2.3375986e-03
   7.6866772e-02   7.4207548e-02  -1.6461078e-01   6.9379394e-03   3.2363835e-04   2.4618752e-03
   7.1351789e-02  -1.2996107e-02  -1.2300897e-01   7.1152861e-03   1.6688324e-05   2.5642504e-03
   7.0531297e-02   8.7118356e-02  -1.7017038e-01   6.2751970e-03   1.1622203e-04   2.0798464e-03
   6.9026462e-02   1.2126726e-01  -1.9755156e-01   6.1094853e-03   2.8975354e-04   2.1194489e-03
   7.9870049e-02   7.0636097e-02  -1.8221079e-01   7.2862766e-03  -1.4193845e-05   2.2952234e-03
   7.8770056e-02   1.1377844e-01  -2.0389577e-01   6.7735906e-03   1.0093269e-04   2.3279905e-03
   7.2524501e-02   3.8231662e-02  -1.6909835e-01   6.8933382e-03   4.0794186e-05   2.4057441e-03
   7.9904898e-02   4.9842129e-02  -1.6811291e-01   6.9626364e-03  -1.4060045e-04   2.4769737e-03
   6.8783075e-02   7.7108322e-02  -2.0988604e-01   7.1952494e-03   1.6400161e-04   2.4740410e-03
   7.7621702e-02   7.4799532e-02  -1.9609156e-01   6.7735080e-03  -2.1616136e-05   2.4015246e-03
   7.5336281e-02   6.8152749e-02  -1.7688955e-01   6.8444980e-03  -8.1474950e-05   2.4928733e-03
   7.0672788e-02   2.9428248e-02  -1.6645068e-01   7.0146853e-03   1.4715476e-04   2.6185031e-03
   8.4223110e-02   9.1927374e-02  -1.9667013e-01   6.9705656e-03  -1.1367951e-04   2.5434176e-03
   8.1866067e-02   8.9475926e-03  -1.6436403e-01   6.9827423e-03  -1.5584549e-04   2.6029138e-03
   8.3830069e-02   4.4017997e-02  -1.6904133e-01   7.2030732e-03  -1.8181855e-04   2.7177442e-03
   9.6477978e-02   9.2300492e-02  -1.8572383e-01   6.9357902e-03  -1.8814714e-04   2.7718422e-03
   9.4226036e-02   5.4249816e-02  -1.7947929e-01   6.9094825e-03  -1.9620226e-04   2.6679062e-03
   7.5136473e-02   1.2193916e-02  -1.6090869e-01   7.3424886e-03   1.1660435e-04   2.7402705e-03
   8.3793497e-02   6.2704622e-02  -1.9236762e-01   6.9279961e-03  -5.3076799e-05   2.6401658e-03
   9.0736689e-02   6.3472721e-02  -2.0285243e-01   6.9773337e-03   6.5576789e-05   2.7532392e-03
   7.8467983e-02   3.6673029e-02  -1.9933403e-01   7.2927204e-03   3.2263326e-04   2.7901571e-03
   9.7639475e-02   7.2012603e-02  -2.1069254e-01   6.8227126e-03   8.4027697e-05   2.8936812e-03
   9.8098373e-02   1.0241772e-01  -2.1068021e-01   6.6384279e-03   2.5427746e-04   2.8756679e-03
   9.0244785e-02   4.3301121e-02  -2.0184247e-01   7.4161413e-03   2.1525232e-04   2.9259101e-03
   1.0222456e-01   9.7094347e-02  -2.1417490e-01   7.0529495e-03   7.6747406e-05   3.0737955e-03
   8.9505172e-02   8.4118810e-02  -2.2850572e-01   6.9421235e-03   2.0202595e-04   3.0583104e-03
   9.4657437e-02   2.9280406e-02  -2.3427411e-01   7.1091513e-03   8.8064935e-05   3.0812513e-03
   9.7648723e-02   8.8428844e-02  -2.2457007e-01   7.7772566e-03   7.4193702e-05   3.0691908e-03
   9.3960765e-02   1.0718001e-01  -2.2048163e-01   7.2636856e-03   7.3800097e-05   2.9364765e-03
   8.5668847e-02   6.1059961e-02  -2.1454068e-01   7.0050080e-03   1.8567025e-04   2.9324434e-03
   8.6500627e-02   7.3774086e-04  -1.8362089e-01   7.5542400e-03   6.9055813e-05   3.2381220e-03
   1.0091331e-01   2.6944506e-02  -1.9385492e-01   7.3547930e-03  -1.6405049e-04   3.1291683e-03
   1.1783912e-01   1.5999572e-01  -2.4643053e-01   7.2498511e-03  -2.5478157e-04   3.2136585e-03
   1.0139042e-01   4.6825595e-02  -2.1231609e-01   7.4421383e-03  -1.3243917e-04   3.1612838e-03
   9.6922940e-02   5.5207032e-02  -2.1210921e-01   7.6170994e-03  -9.0870458e-05   3.2087226e-03
   1.0441817e-01   1.0756279e-01  -2.2816774e-01   7.8029803e-03  -2.4565642e-04   3.1928733e-03
   1.0573671e-01   2.3641469e-02  -2.0158581e-01   7.5388343e-03  -4.4734095e-04   3.1182251e-03
   1.0935641e-01   1.0089554e-01  -2.2305013e-01   7.7333902e-03  -3.3451111e-04   3.1652111e-03
   9.7745629e-02   5.9644533e-02  -2.0894118e-01   7.7592174e-03  -1.7214691e-04   3.3016556e-03
   1.0392969e-01   9.2900004e-02  -2.2363284e-01   6.8196229e-03  -2.1548126e-04   3.2374740e-03
   1.2193558e-01   1.4427238e-01  -2.3438628e-01   7.4687225e-03  -4.6580129e-04   3.3553487e-03
   1.0723856e-01   8.4962570e-02  -2.1432251e-01   7.6224627e-03  -2.5318014e-04   3.4367032e-03
   1.0827962e-01   9.5639913e-02  -2.2367046e-01   7.1380837e-03  -2.7965006e-04   3.4683780e-03
   1.1470386e-01   6.6681928e-02  -2.1931363e-01   7.1643056e-03  -5.0870476e-04   3.5164844e-03
   1.1584361e-01   1.2985754e-01  -2.4834776e-01   7.6131724e-03  -4.0321103e-04   3.4961761e-03
   1.1839929e-01   1.3948960e-01  -2.4139960e-01   7.2932511e-03  -4.3471542e-04   3.4317997e-03
   1.1606884e-01   1.0598433e-01  -2.3083828e-01   6.1307549e-03  -6.7929141e-04   3.3715915e-03
   1.1364178e-01   9.8669683e-02  -2.2905295e-01   6.5633696e-03  -5.6741103e-04   3.4286736e-03
   1.2825323e-01   1.5092364e-01  -2.3424277e-01   6.9598758e-03  -7.2580498e-04   3.5173518e-03
   1.3295582e-01   1.3220667e-01  -2.3159077e-01   6.4861391e-03  -9.6148324e-04   3.5860172e-03
   1.2453836e-01   1.2988582e-01  -2.4151750e-01   6.9451307e-03  -9.0756743e-04   3.6406510e-03
   1.2391030e-01   1.1208932e-01  -2.3994231e-01   6.8959830e-03  -9.5498553e-04   3.5625027e-03
   1.3274709e-01   1.4884903e-01  -2.5124109e-01   6.7687199e-03  -1.0220474e-03   3.5795733e-03
   1.1407765e-01   6.7037834e-02  -2.1839548e-01   6.7726532e-03  -8.0623392e-04   3.4908767e-03
   1.2403199e-01   1.1893526e-01  -2.3773238e-01   6.9538141e-03  -8.9209232e-04   3.5920140e-03
   1.2873465e-01   1.6232932e-01  -2.6439129e-01   6.3902296e-03  -9.0332790e-04   3.6839255e-03
   1.1883667e-01   1.3408090e-01  -2.4822158e-01   6.6002330e-03  -7.6992777e-04   3.6309836e-03
   1.2007025e-01   1.1958079e-01  -2.2983002e-01   7.1915340e-03  -8.5379468e-04   3.6559561e-03
   1.1825822e-01   1.0869968e-01  -2.4581549e-01   6.4990947e-03  -8.2780362e-04   3.6336470e-03
   1.2640867e-01   1.4729303e-01  -2.6257423e-01   6.9446531e-03  -9.1376325e-04   3.7369491e-03
   1.2850912e-01   1.4112314e-01  -2.4570526e-01   7.1966592e-03  -8.9277976e-04   3.7913447e-03
   1.1662370e-01   1.4300681e-01  -2.6521791e-01   6.0826401e-03  -8.7004019e-04   3.6377120e-03
   1.2085943e-01   1.3652084e-01  -2.6885366e-01   6.9719231e-03  -1.0475495e-03   3.7067245e-03
   1.2278656e-01   8.2585508e-02  -2.3336129e-01   7.3548409e-03  -1.1035088e-03   3.7354303e-03
   1.2474185e-01   1.6908222e-01  -2.7353734e-01   6.4635696e-03  -1.0424574e-03   3.5997983e-03
