   1.3615612e-14   0.0000000e+00   1.4210855e-14   0.0000000e+00   0.0000000e+00   0.0000000e+00
  -6.9087348e-03   2.6200110e-02   1.1501128e-02  -4.9610067e-04  -1.2920708e-05  -3.1609312e-04
  -1.0819572e-02   2.8950275e-02   2.8582633e-02   3.7457739e-04   7.1812922e-05  -4.1392716e-04
  -1.2191606e-02   1.3542480e-03   1.8151539e-02   6.8483138e-04  -5.2496462e-05  -3.6475421e-04
  -1.2020472e-02   1.1357270e-02   2.7579148e-02   6.3880744e-04  -3.2270528e-04  -6.3487973e-04
  -1.1116638e-02   1.9814904e-02   5.2710830e-02   1.1520653e-03  -4.8063875e-04  -6.2319988e-04
  -1.2053801e-04  -3.5855297e-02   6.4850731e-02   8.3428900e-04  -2.2777719e-04  -6.8128971e-04
  -1.6453158e-02  -6.5512790e-03   8.0849410e-02   1.1428279e-03  -3.7400686e-04  -7.3914551e-04
  -2.3286028e-02  -9.2986854e-03   1.0184306e-01   9.9816635e-04  -1.0790934e-04  -5.8672240e-04
  -2.9134163e-02   1.5824439e-02   7.0723116e-02   1.1167170e-03  -3.7466332e-04  -5.0652711e-04
  -1.5758233e-02  -1.7146362e-02   6.1236304e-02   9.3773969e-04  -3.5985309e-04  -6.3404793e-04
  -1.3608804e-02  -2.4874249e-02   8.2650690e-02   7.7964376e-04  -3.0469251e-04  -9.0135230e-04
  -1.3262821e-02  -3.4099320e-03   7.1533648e-02   1.2102254e-03  -3.8957485e-04  -8.4874212e-04
  -2.8038460e-02   1.0762227e-02   8.5559723e-02   8.5359537e-04  -3.0910720e-04  -9.3760382e-04
  -2.8414521e-02  -1.8981170e-02   4.9515979e-02   6.5732930e-04  -4.2176115e-04  -6.4818470e-04
  -5.0229060e-03  -5.6715480e-02   1.8516412e-02   6.2481734e-04  -2.3529144e-04  -5.1239545e-04
  -2.5973120e-02  -2.9360078e-02   4.5369315e-02   2.1316008e-04  -4.9059730e-04  -7.8777257e-04
  -2.7975699e-02  -1.4398431e-02   3.3938380e-02  -4.4286942e-05  -5.6062769e-04  -9.4094958e-04
  -1.9367235e-02  -1.4360191e-02   5.8808729e-02   5.9781362e-04  -3.2534746e-04  -8.8474015e-04
  -3.0939963e-02  -6.9558373e-02   5.7557714e-02  -1.5650815e-03  -5.0425438e-04  -1.6339975e-03
  -5.1927682e-02  -5.3486476e-02   1.5633862e-02  -2.9198235e-03  -1.2278533e-03  -1.9293835e-03
  -5.9396074e-02  -5.7959091e-02   5.1103466e-02  -2.4909761e-03  -1.3354181e-03  -2.1100808e-03
  -6.5563835e-02  -4.3640694e-02   3.0637228e-02  -2.9839317e-03  -1.7890355e-03  -2.2079062e-03
  -5.2380732e-02  -4.8206056e-02   5.1338754e-02  -2.1171680e-03  -1.6479767e-03  -2.0758598e-03
  -3.1039659e-02  -1.1526164e-01  -1.4958994e-02  -2.6679476e-03  -1.4086170e-03  -2.1979607e-03
  -3.3010224e-02  -1.1253459e-01  -3.7866758e-02  -2.4368222e-03  -1.5856025e-03  -2.2428712e-03
  -3.5202373e-02  -1.2553019e-01  -3.0519303e-03  -2.2848437e-03  -1.4021206e-03  -2.0050500e-03
  -3.8194211e-02  -1.3015798e-01  -1.1949484e-02  -2.9616699e-03  -1.3470368e-03  -2.0720288e-03
  -4.8625310e-02  -8.7797084e-02   1.0402369e-03  -2.3569835e-03  -1.6432171e-03  -2.0045163e-03
  -4.9822736e-02  -1.2638736e-01   9.1914520e-03  -2.5388352e-03  -1.2913497e-03  -1.9133293e-03
  -5.8944754e-02  -8.9276445e-02  -1.1482001e-02  -3.0826313e-03  -1.4322018e-03  -1.9375296e-03
  -3.7354880e-02  -9.6924320e-02  -4.6992725e-02  -1.9762076e-03  -1.2745772e-03  -1.8315538e-03
  -4.1309929e-02  -1.4476234e-01   4.4955721e-02  -2.0794635e-03  -1.2592969e-03  -1.8127192e-03
  -4.9070707e-02  -1.4638793e-01  -9.4511213e-04  -2.4032147e-03  -1.5499922e-03  -1.8515405e-03
  -6.8075048e-02  -1.7174110e-01   3.1601393e-02  -2.0300240e-03  -1.7476718e-03  -1.6791116e-03
  -6.2899933e-02  -1.4287572e-01   3.6576181e-02  -1.5751213e-03  -1.4541335e-03  -2.1816970e-03
  -7.2511057e-02  -1.3228414e-01   7.8655852e-04  -1.4728605e-03  -1.5354527e-03  -2.1562787e-03
  -7.9363170e-02  -1.2590967e-01   1.8196927e-02  -1.3161872e-03  -1.6485220e-03  -2.0204884e-03
  -8.1717222e-02  -1.2020354e-01   2.5497900e-02  -1.6752956e-03  -1.7439455e-03  -2.0621244e-03
  -8.1526964e-02  -1.1771955e-01   3.0872494e-03  -1.7672763e-03  -1.9661747e-03  -1.6981778e-03
  -9.1473358e-02  -9.3426167e-02   3.1360924e-02  -1.6777817e-03  -2.0470582e-03  -1.6202668e-03
  -8.3855829e-02  -1.1177293e-01   1.9105856e-02  -2.3375279e-03  -1.8380357e-03  -1.8259031e-03
  -9.0852398e-02  -1.1789814e-01   2.4875691e-02  -1.8707914e-03  -1.8805949e-03  -1.7609142e-03
  -8.7745383e-02  -1.8030751e-01   7.6133560e-03  -2.2106822e-03  -1.6996264e-03  -1.8388731e-03
  -8.4281864e-02  -1.2286970e-01   8.4484071e-03  -2.1457250e-03  -2.0820645e-03  -2.4284919e-03
  -8.8151297e-02  -1.3775322e-01   1.5517897e-02  -1.6745784e-03  -2.1894511e-03  -2.2838109e-03
  -8.9238484e-02  -1.2976779e-01   1.3652988e-02  -1.8318940e-03  -2.1305318e-03  -2.1532534e-03
  -8.1285611e-02  -1.3813486e-01   3.1080641e-02  -1.3477508e-03  -2.3061740e-03  -2.2509766e-03
  -8.0459339e-02  -1.3907299e-01   4.5559773e-02  -1.5416471e-03  -2.1974774e-03  -2.4185792e-03
  -8.1730012e-02  -1.2545216e-01   5.0511031e-02  -2.2689959e-03  -2.1215149e-03  -2.4146579e-03
  -8.8099031e-02  -1.0795547e-01   7.9897094e-02  -1.5356751e-03  -2.2633400e-03  -2.4989939e-03
  -7.5981557e-02  -1.6888999e-01   1.0673882e-01  -1.9105419e-03  -2.1626383e-03  -2.5927536e-03
  -8.0757815e-02  -1.0982245e-01   7.8020987e-02  -1.8413866e-03  -2.1755617e-03  -2.7161618e-03
  -9.9511439e-02  -1.3678353e-01   9.8041016e-02  -1.8702063e-03  -2.3290692e-03  -2.7084076e-03
  -1.0924305e-01  -1.3211867e-01   1.1366789e-01  -2.6678564e-03  -2.5368899e-03  -2.9494909e-03
  -9.5413602e-02  -1.5258290e-01   8.1003493e-02  -2.9820159e-03  -2.6429569e-03  -2.7362743e-03
  -9.1315347e-02  -1.1444520e-01   4.7322942e-02  -2.9006889e-03  -2.5222896e-03  -2.7070191e-03
  -8.5693074e-02  -7.1987233e-02   3.3906115e-02  -3.1221500e-03  -2.6779307e-03  -2.7503566e-03
  -5.8511473e-02  -6.5313837e-02   7.3736569e-02  -2.3668512e-03  -2.2198058e-03  -2.4105571e-03
  -6.8600442e-02  -1.3060946e-01   1.1471394e-01  -2.7465790e-03  -1.9679727e-03  -2.2815508e-03
  -7.3554184e-02  -1.4838329e-01   7.8080277e-02  -2.9505045e-03  -2.2794994e-03  -2.2272150e-03
  -7.0688636e-02  -8.3407448e-02   9.3342027e-02  -2.4456710e-03  -2.0168905e-03  -2.2762828e-03
  -8.8179722e-02  -1.4124424e-01   1.2435551e-01  -2.8093032e-03  -2.3239959e-03  -2.8559942e-03
  -9.2461894e-02  -1.4526286e-01   1.3663911e-01  -2.7810748e-03  -2.5817407e-03  -3.1227044e-03
  -1.0709914e-01  -1.6464423e-01   1.1861042e-01  -2.5589244e-03  -3.0854672e-03  -3.1711367e-03
  -1.0305009e-01  -1.2715944e-01   1.2048479e-01  -2.8605220e-03  -2.9401337e-03  -3.2124989e-03
  -1.1199326e-01  -1.4513448e-01   1.1701006e-01  -2.4714320e-03  -3.1090306e-03  -3.1252648e-03
  -1.1929017e-01  -1.5038661e-01   1.1531059e-01  -3.0835557e-03  -2.8055044e-03  -3.2040252e-03
  -1.0788376e-01  -8.0417572e-02   1.1784457e-01  -2.8577545e-03  -3.0418940e-03  -3.0772240e-03
  -1.0560325e-01  -1.6317531e-01   1.0462781e-01  -2.6511525e-03  -3.0236185e-03  -2.9439619e-03
  -1.0870481e-01  -1.2737279e-01   9.2946642e-02  -3.2358637e-03  -2.7440690e-03  -3.1055240e-03
  -9.8780149e-02  -1.2785859e-01   1.3582203e-01  -2.5470948e-03  -2.7787155e-03  -3.3883086e-03
  -1.1201175e-01  -1.0888829e-01   1.4158950e-01  -2.4386354e-03  -2.6992454e-03  -3.4062666e-03
  -1.1853251e-01  -1.4906593e-01   1.3828523e-01  -3.5637765e-03  -2.9995999e-03  -3.3563811e-03
  -1.0735010e-01  -1.3725599e-01   1.6087257e-01  -2.8960215e-03  -2.7180029e-03  -3.1514734e-03
  -1.1421100e-01  -1.4369582e-01   1.4851009e-01  -3.2512341e-03  -2.8601932e-03  -3.0809929e-03
  -1.1142171e-01  -1.4794916e-01   1.4399581e-01  -3.2667334e-03  -3.0660838e-03  -3.2477770e-03
  -1.0621076e-01  -1.5372707e-01   1.6198189e-01  -3.2290355e-03  -2.8439641e-03  -3.2775014e-03
  -1.1410785e-01  -1.5367563e-01   1.3713994e-01  -4.7990328e-03  -3.0373477e-03  -3.3139589e-03
  -1.1545236e-01  -1.7534682e-01   1.6651036e-01  -4.3188644e-03  -3.2096527e-03  -2.9399307e-03
  -1.0104739e-01  -1.4597665e-01   2.1989209e-01  -4.2495369e-03  -1.9964723e-03  -2.4302022e-03
  -1.1088835e-01  -1.4240002e-01   2.1782813e-01  -4.2622943e-03  -2.1377673e-03  -2.1289983e-03
  -1.3025454e-01  -1.5541545e-01   2.5260362e-01  -4.4919809e-03  -2.6516581e-03  -2.7440919e-03
  -1.1974970e-01  -1.8607417e-01   2.4421286e-01  -4.2142040e-03  -2.0393135e-03  -2.3888828e-03
  -1.2454879e-01  -1.3034401e-01   2.2661658e-01  -5.2081968e-03  -2.4171364e-03  -2.4058359e-03
  -1.2443738e-01  -8.4506489e-02   2.2924383e-01  -4.8448188e-03  -2.1291385e-03  -2.2137120e-03
  -1.2129656e-01  -1.1022520e-01   2.4850432e-01  -5.5591649e-03  -2.1832612e-03  -1.9471737e-03
  -1.0965864e-01  -1.1374465e-01   2.9541793e-01  -5.8663763e-03  -2.2529325e-03  -1.7684463e-03
  -1.0609904e-01  -1.7074289e-01   2.7035304e-01  -6.1000333e-03  -1.8388089e-03  -1.6973238e-03
  -1.0217085e-01  -1.9340627e-01   3.1965028e-01  -6.6436379e-03  -2.5083179e-03  -1.7165878e-03
  -1.1713150e-01  -2.2753117e-01   3.0549004e-01  -6.0955867e-03  -3.0483183e-03  -1.9166760e-03
  -1.0319891e-01  -1.7095735e-01   2.7468360e-01  -6.2200529e-03  -2.5831636e-03  -1.7614445e-03
  -9.2785470e-02  -1.7986067e-01   2.9370147e-01  -5.9336338e-03  -2.4817780e-03  -1.9182735e-03
  -9.0457300e-02  -2.0517990e-01   2.8042170e-01  -5.9260490e-03  -2.1442655e-03  -2.2257327e-03
  -9.9605621e-02  -1.5232673e-01   2.7521285e-01  -6.5436525e-03  -2.1948286e-03  -1.6523370e-03
  -9.2737491e-02  -1.9538568e-01   2.6914829e-01  -7.4916639e-03  -1.8366879e-03  -1.1243450e-03
  -8.2475365e-02  -2.1326896e-01   2.8933040e-01  -8.1029994e-03  -1.5555730e-03  -1.1739075e-03
  -8.8512656e-02  -1.7716209e-01   2.8353303e-01  -7.8289512e-03  -1.7561940e-03  -1.7758586e-03
  -8.9080390e-02  -1.2914640e-01   3.0702427e-01  -7.7868550e-03  -1.7370752e-03  -1.8584758e-03
  -1.1658151e-01  -1.0167409e-01   3.0407043e-01  -7.3619712e-03  -2.0487849e-03  -2.0037177e-03
  -1.1751819e-01  -1.6816537e-01   3.2574035e-01  -7.3689865e-03  -1.9129658e-03  -1.8004756e-03
  -1.1927525e-01  -2.0431132e-01   3.1550696e-01  -7.7795108e-03  -1.7371101e-03  -1.8137835e-03
  -9.9398620e-02  -1.7334399e-01   2.9672181e-01  -8.1570132e-03  -1.9783840e-03  -1.7866133e-03
  -9.7386970e-02  -1.5461192e-01   3.3307305e-01  -7.9936376e-03  -1.7629544e-03  -1.5891946e-03
  -1.0778083e-01  -1.5650283e-01   3.6322213e-01  -8.2194693e-03  -1.3391845e-03  -1.6801799e-03
  -1.2266914e-01  -1.5905693e-01   3.5154278e-01  -8.6161118e-03  -1.6844756e-03  -1.4298481e-03
  -1.2783329e-01  -1.9455684e-01   3.0818247e-01  -8.8099510e-03  -2.0386890e-03  -2.0917142e-03
  -1.3940344e-01  -1.5617127e-01   3.1940037e-01  -7.2065583e-03  -2.2783736e-03  -2.1601358e-03
  -1.3831746e-01  -1.4323000e-01   3.1132444e-01  -7.4205791e-03  -2.4611418e-03  -2.3013745e-03
  -1.4253455e-01  -2.0867338e-01   3.6027739e-01  -7.7851270e-03  -2.3607779e-03  -2.5146719e-03
  -1.3434017e-01  -2.3575688e-01   3.5334245e-01  -8.1855889e-03  -2.1926429e-03  -2.2828299e-03
  -1.3691861e-01  -1.9693738e-01   3.6480989e-01  -8.5038242e-03  -2.2232124e-03  -2.5893821e-03
  -1.3924579e-01  -1.6055047e-01   3.5832411e-01  -8.1334325e-03  -2.3297395e-03  -2.3840898e-03
  -1.3499221e-01  -1.5661557e-01   3.6131420e-01  -8.4022084e-03  -2.2605606e-03  -2.3497596e-03
  -1.3295291e-01  -1.4541904e-01   3.1823806e-01  -8.4736717e-03  -2.3327646e-03  -2.4000992e-03
  -1.4520133e-01  -1.4676684e-01   3.1755509e-01  -8.1028529e-03  -2.7365791e-03  -2.6677632e-03
  -1.5922237e-01  -1.6467654e-01   3.4791324e-01  -7.3824117e-03  -2.5275073e-03  -2.9095086e-03
  -1.4820189e-01  -2.4892744e-01   3.3153553e-01  -8.4147132e-03  -2.1271052e-03  -2.9629384e-03
  -1.4854205e-01  -2.0517289e-01   3.3995119e-01  -8.6476305e-03  -2.0850150e-03  -2.2836859e-03
  -1.4801026e-01  -1.7005897e-01   3.4292855e-01  -8.3064933e-03  -1.9109295e-03  -2.5339584e-03
  -1.3570543e-01  -2.3214842e-01   3.2008068e-01  -8.9517581e-03  -2.0043258e-03  -2.4392356e-03
  -1.3087416e-01  -1.5203766e-01   3.1692886e-01  -8.0633162e-03  -2.2059976e-03  -2.4327265e-03
  -1.2068892e-01  -1.7265343e-01   3.3084708e-01  -8.2200857e-03  -1.7453417e-03  -2.3240741e-03
  -1.1991540e-01  -1.4141940e-01   3.2982050e-01  -8.3234552e-03  -2.1198759e-03  -2.1624163e-03
  -1.2342290e-01  -2.1356332e-01   4.1551158e-01  -8.5239541e-03  -1.6644786e-03  -2.1561709e-03
  -1.1890426e-01  -2.0639938e-01   3.8799594e-01  -9.2157130e-03  -1.8213714e-03  -2.1847877e-03
  -1.3001093e-01  -1.7451655e-01   3.6596689e-01  -8.5349255e-03  -2.1368839e-03  -2.5245347e-03
  -1.0405152e-01  -1.6993052e-01   3.4991118e-01  -8.3487727e-03  -1.6340000e-03  -2.2776687e-03
  -1.1501977e-01  -1.3083456e-01   3.5680953e-01  -8.2214945e-03  -1.7930224e-03  -2.3421541e-03
  -1.1780031e-01  -1.5128983e-01   3.6297371e-01  -8.0960815e-03  -2.0566348e-03  -2.2720348e-03
  -1.1469122e-01  -1.4801890e-01   3.7643127e-01  -8.2625782e-03  -1.7052453e-03  -2.2973401e-03
  -1.1836558e-01  -1.8235678e-01   3.9883588e-01  -9.3173833e-03  -2.1071488e-03  -2.1573995e-03
  -1.1193559e-01  -2.1762709e-01   3.7607520e-01  -9.1854156e-03  -1.8482638e-03  -2.4048282e-03
  -1.3666091e-01  -1.9651223e-01   3.9182049e-01  -9.9800281e-03  -1.7945641e-03  -2.4047941e-03
  -1.2415160e-01  -1.8719098e-01   3.6492162e-01  -9.7444190e-03  -1.1966317e-03  -1.8899031e-03
  -1.2265197e-01  -1.7730780e-01   3.5200228e-01  -9.9938818e-03  -8.6995859e-04  -1.7383156e-03
  -1.1660554e-01  -2.0635240e-01   3.5965886e-01  -1.0177524e-02  -6.6320893e-04  -2.0284441e-03
  -1.1087058e-01  -1.6862368e-01   3.9023124e-01  -9.4248521e-03  -5.2541564e-04  -2.1142725e-03
  -1.1154999e-01  -1.9399928e-01   4.2937494e-01  -1.0231688e-02  -4.6485700e-04  -2.1150301e-03
  -1.1333539e-01  -1.9632622e-01   3.9659265e-01  -1.0316690e-02  -5.1155961e-04  -1.7916421e-03
  -1.1249612e-01  -2.6062578e-01   4.3770729e-01  -1.0797503e-02  -3.5989905e-04  -1.9791207e-03
  -1.1438984e-01  -2.0702518e-01   3.6837177e-01  -1.1498103e-02  -6.8194445e-04  -1.6823503e-03
  -1.2178151e-01  -2.1883120e-01   3.8568030e-01  -1.1628855e-02  -7.9509464e-04  -1.8062373e-03
  -1.1128165e-01  -2.5169187e-01   3.4280769e-01  -1.2283526e-02  -8.6472485e-04  -2.1107882e-03
  -1.2179068e-01  -1.8173802e-01   3.4322232e-01  -1.1586777e-02  -1.3366894e-03  -2.3198884e-03
  -1.0979819e-01  -2.4894362e-01   3.3384646e-01  -1.1468260e-02  -1.2414930e-03  -2.3589017e-03
  -1.0848283e-01  -2.3063280e-01   3.3465892e-01  -1.1382734e-02  -1.2935057e-03  -2.4986115e-03
  -1.0852522e-01  -2.3017711e-01   3.3662005e-01  -1.1097967e-02  -1.2675259e-03  -2.5197664e-03
  -9.5051589e-02  -2.6908584e-01   3.6212894e-01  -1.1079419e-02  -1.3006243e-03  -2.5925795e-03
  -8.7124212e-02  -2.6431726e-01   3.6267027e-01  -1.1391684e-02  -1.4668723e-03  -2.4128329e-03
  -1.0152514e-01  -1.8917208e-01   3.6269657e-01  -1.1088583e-02  -1.6341705e-03  -2.4778532e-03
  -9.7878648e-02  -2.0194962e-01   3.7043739e-01  -1.1489715e-02  -1.6331643e-03  -2.5166300e-03
  -1.0260118e-01  -2.2999893e-01   3.3035537e-01  -1.1257906e-02  -1.6949214e-03  -2.5783632e-03
  -1.0734650e-01  -2.5983519e-01   3.5411058e-01  -1.0976080e-02  -1.8256269e-03  -2.8126186e-03
  -1.1527870e-01  -2.1424794e-01   3.4976944e-01  -1.1558798e-02  -1.7704930e-03  -2.9225685e-03
  -1.3701685e-01  -2.0204040e-01   3.4462155e-01  -1.1335953e-02  -1.9317399e-03  -2.9440755e-03
  -1.3403481e-01  -2.6840207e-01   3.0994400e-01  -1.1128567e-02  -2.1620114e-03  -2.8537292e-03
  -1.2812569e-01  -2.7577020e-01   2.9363522e-01  -1.1822549e-02  -2.1861610e-03  -2.7089409e-03
  -1.3764996e-01  -2.3468692e-01   3.0423820e-01  -1.1739903e-02  -2.0789997e-03  -2.6389390e-03
  -1.3138550e-01  -2.8150024e-01   3.1385333e-01  -1.1742892e-02  -1.7384519e-03  -2.4841374e-03
  -1.3274102e-01  -2.5768906e-01   2.8726330e-01  -1.2048014e-02  -1.6186176e-03  -1.9831600e-03
  -1.3799356e-01  -2.9145037e-01   3.3438017e-01  -1.1536419e-02  -1.4579927e-03  -2.0509475e-03
  -1.3370310e-01  -2.6587432e-01   3.1382458e-01  -1.1753060e-02  -1.5182963e-03  -2.5733471e-03
  -1.4225645e-01  -2.1903137e-01   3.1220711e-01  -1.1473550e-02  -1.5885976e-03  -2.2086846e-03
  -1.4033337e-01  -2.7788424e-01   3.3111717e-01  -1.1744640e-02  -1.3503416e-03  -2.1179313e-03
  -1.4964376e-01  -2.6046365e-01   3.2202888e-01  -1.2615122e-02  -1.6603288e-03  -2.0077828e-03
  -1.3718150e-01  -2.3627810e-01   3.1523063e-01  -1.2200900e-02  -1.6691885e-03  -2.0571932e-03
  -1.3013564e-01  -2.5172717e-01   2.8115650e-01  -1.2686430e-02  -1.3491362e-03  -1.8521842e-03
  -1.3187338e-01  -2.1989682e-01   2.8928103e-01  -1.1895530e-02  -1.5737416e-03  -1.7480121e-03
  -1.3540606e-01  -2.9246989e-01   2.9760307e-01  -1.2092399e-02  -1.6918887e-03  -2.1000657e-03
  -1.4305996e-01  -2.3935592e-01   2.9693861e-01  -1.2784709e-02  -1.6818003e-03  -1.9188384e-03
  -1.4244567e-01  -2.6210817e-01   3.0904844e-01  -1.1553139e-02  -1.5285016e-03  -1.8444687e-03
  -1.3652872e-01  -3.3180632e-01   3.1056434e-01  -1.2093264e-02  -8.2554052e-04  -1.4161507e-03
  -1.3193410e-01  -2.6756823e-01   3.5631178e-01  -1.2392023e-02  -1.1399361e-03  -1.1613422e-03
  -1.3823092e-01  -3.0714242e-01   3.2563225e-01  -1.2717739e-02  -1.3007514e-03  -1.6660850e-03
  -1.3897193e-01  -2.1747769e-01   2.9678276e-01  -1.2627762e-02  -1.2535642e-03  -1.6067756e-03
  -1.4361854e-01  -2.1901790e-01   2.8062388e-01  -1.2405941e-02  -1.8070359e-03  -1.8470969e-03
  -1.5382053e-01  -2.4411248e-01   3.2941708e-01  -1.2553235e-02  -1.8944776e-03  -2.3887517e-03
  -1.5224571e-01  -2.0234805e-01   3.1072768e-01  -1.2469432e-02  -2.0124476e-03  -1.8665969e-03
  -1.4786212e-01  -2.7752843e-01   3.3440877e-01  -1.2025919e-02  -1.4731866e-03  -1.6629789e-03
  -1.3939173e-01  -2.6067320e-01   3.3854754e-01  -1.2721094e-02  -1.7708953e-03  -1.7357925e-03
  -1.3985227e-01  -2.1464428e-01   3.1526265e-01  -1.2481591e-02  -1.5690236e-03  -1.9295455e-03
  -1.3428593e-01  -2.2601380e-01   2.7734120e-01  -1.2969902e-02  -1.5012771e-03  -1.8318401e-03
  -1.3767304e-01  -1.3057657e-01   2.6099174e-01  -1.2889785e-02  -1.5308117e-03  -1.7469315e-03
  -1.1657031e-01  -1.7866717e-01   2.9071968e-01  -1.1802326e-02  -1.4806571e-03  -1.8595316e-03
  -1.0092656e-01  -2.3135072e-01   2.9983899e-01  -1.2569730e-02  -1.3889916e-03  -1.8567004e-03
  -1.2733028e-01  -2.4636257e-01   3.0403837e-01  -1.2354807e-02  -1.7169002e-03  -1.9660352e-03
  -1.0489750e-01  -2.7535183e-01   3.4762103e-01  -1.2142015e-02  -1.0548058e-03  -1.7860254e-03
  -1.0671816e-01  -2.5550336e-01   3.0187716e-01  -1.2734460e-02  -9.8786847e-04  -1.4447906e-03
  -1.2769128e-01  -2.1611381e-01   3.2636670e-01  -1.2551110e-02  -1.2846132e-03  -1.7315350e-03
  -1.2368581e-01  -2.6063981e-01   3.2471590e-01  -1.2533251e-02  -8.1262553e-04  -1.5428501e-03
  -1.4068189e-01  -1.7133400e-01   2.8961303e-01  -1.2744529e-02  -1.3242182e-03  -1.6964240e-03
  -1.3483299e-01  -2.1463111e-01   3.0534254e-01  -1.2198072e-02  -1.1551751e-03  -1.5389054e-03
  -1.3829316e-01  -2.1943137e-01   2.8258115e-01  -1.2878461e-02  -1.2423934e-03  -1.6540445e-03
  -1.2803194e-01  -2.0622861e-01   3.1863547e-01  -1.2433008e-02  -1.1942983e-03  -1.5172261e-03
  -1.2337751e-01  -2.5896327e-01   3.1521752e-01  -1.2555647e-02  -1.2318673e-03  -1.3607801e-03
  -1.2611950e-01  -2.7147610e-01   3.1078409e-01  -1.3154326e-02  -1.2838848e-03  -1.5319731e-03
  -1.3896851e-01  -2.4655110e-01   3.1555943e-01  -1.2892532e-02  -1.6041180e-03  -1.2085541e-03
  -1.3241442e-01  -2.6878166e-01   3.2161194e-01  -1.3196111e-02  -1.5472629e-03  -1.5804099e-03
  -1.4042370e-01  -2.1361312e-01   3.0615752e-01  -1.3047998e-02  -1.5670960e-03  -1.8614234e-03
  -1.3710639e-01  -2.1224491e-01   3.2608179e-01  -1.2824009e-02  -1.6804900e-03  -1.7462383e-03
  -1.3060351e-01  -2.5402482e-01   3.1680175e-01  -1.3131457e-02  -1.2887169e-03  -1.6738308e-03
  -1.3018526e-01  -2.2368479e-01   3.3105690e-01  -1.2592304e-02  -1.2859197e-03  -1.3179795e-03
  -1.2778820e-01  -2.4093967e-01   3.3570074e-01  -1.3117610e-02  -1.1481172e-03  -1.2183231e-03
  -1.6244704e-01  -1.5187655e-01   2.3721107e-01  -1.3443095e-02  -1.9061456e-03  -3.3105157e-04
  -1.7136625e-01  -2.4750777e-01   2.6966068e-01  -1.3170755e-02  -1.7310854e-03  -3.8801622e-04
  -1.4997683e-01  -2.4152452e-01   2.6531996e-01  -1.3905399e-02  -1.6996601e-03  -7.2042386e-04
  -1.5055753e-01  -2.2273330e-01   2.6766324e-01  -1.3151157e-02  -2.1138889e-03  -3.5052385e-04
  -1.5866295e-01  -1.9789341e-01   3.2042603e-01  -1.3545959e-02  -1.5215233e-03  -4.4865005e-04
