   1.6547749e-14   0.0000000e+00   0.0000000e+00   8.5528471e-50  -1.5407440e-33  -3.0814879e-33
  -1.6446307e-02   1.8227910e-02   2.2736916e-03  -4.4729812e-04   5.8098611e-04  -9.8147983e-05
  -6.0641224e-03   7.0703890e-02  -4.2582850e-02  -6.1403386e-04   5.0242671e-04  -5.2385619e-04
   8.8042363e-04   6.9865879e-02  -3.9607157e-02  -4.2613661e-04   3.1592450e-04  -5.2741811e-04
  -7.3964915e-03   6.6309336e-02  -9.3239796e-02  -8.2236136e-04   5.8235573e-04   7.2751826e-05
  -6.2963630e-03   9.2458274e-02  -4.2092411e-02  -4.0134551e-04   5.3020354e-04  -6.9825518e-05
  -1.0877560e-02   2.1991036e-02  -1.8758367e-02  -7.2601766e-04   6.0145355e-04  -1.3550684e-04
   2.3453387e-02   1.0563358e-01  -9.8171242e-02  -9.8375108e-05   4.2236513e-04   3.4338125e-04
   2.4938028e-03   6.2959911e-02  -5.7901660e-02  -6.1969427e-04   9.3982004e-04   4.0012671e-04
   8.6248584e-03   7.0909666e-02  -8.5121550e-02  -8.0638917e-04   4.4342208e-04   3.1595105e-04
   3.6103135e-03   8.7879614e-02  -5.6045225e-02  -3.1967885e-04   1.0246724e-03   4.2901264e-04
   4.4699838e-03   6.9698934e-02  -9.0852204e-02  -1.1416336e-03   6.0760616e-04   8.0504305e-04
   1.0199688e-02   9.2746833e-02  -6.3339816e-02  -8.5383107e-04   8.2998335e-04   1.0657263e-03
  -9.9877207e-03  -4.9140057e-02  -4.8913407e-02  -2.6473258e-04   9.9960102e-04   9.7697114e-04
  -4.1859117e-03   5.2317865e-02  -9.0504523e-02  -8.8945447e-04   1.0302325e-03   6.7497051e-04
  -5.6381214e-03   6.0250091e-02  -1.0345262e-01  -1.4326967e-04   7.9817183e-04   9.3861163e-04
  -2.1621140e-02  -3.9548747e-02  -3.0674157e-02  -2.9623773e-04   9.5887229e-04   1.0404486e-03
  -2.2915658e-04   4.3148780e-02  -7.8942003e-02  -7.3681918e-04   8.4528489e-04   1.0229587e-03
  -1.7015512e-02   9.5663191e-04  -5.8824494e-02  -6.5468081e-04   1.3150377e-03   9.0434571e-04
   4.0653768e-03   5.5928642e-02  -1.0486791e-01  -8.2970150e-04   8.3934355e-04   9.2755092e-04
  -1.6186753e-02   5.9395082e-02  -6.0532588e-02  -2.3694338e-04   1.0860048e-03   1.1509450e-03
   4.9952531e-03  -8.4944854e-03  -3.4863288e-02  -3.9672039e-04   3.3518607e-04   9.6327399e-04
   6.7121261e-04   1.9575081e-02  -6.9511556e-02  -8.1379844e-04   2.6857563e-04   7.7710938e-04
   3.5370987e-03   9.6514593e-02  -1.1016061e-01  -1.0562374e-03   2.5461302e-04   6.2964484e-04
   1.0514019e-02   1.0303991e-01  -8.4079939e-02  -4.9094502e-04   1.6315116e-04   4.8103876e-04
   3.5831720e-03   2.6394173e-02  -2.9617983e-02  -1.0325886e-03   1.2768613e-04   5.5933102e-04
   1.7274718e-02   7.6485207e-02  -3.4358439e-02  -1.3862170e-03   1.0221722e-04   4.7978300e-04
   1.0835974e-02   7.4985150e-02  -7.7508618e-02  -1.1643386e-03   1.4509818e-04   6.5973151e-04
   2.1973036e-03   3.9661062e-02  -5.3468579e-02  -9.1995095e-04   1.5152446e-04   7.2596775e-04
   1.8810076e-02   7.4580549e-02  -5.0508670e-02  -1.7974738e-03  -3.0152711e-04   5.6206015e-04
   2.6613331e-02   1.1866700e-01  -3.1474345e-02  -1.2200878e-03  -8.2241768e-05   6.2973625e-04
  -5.7874462e-03   4.5836867e-02  -4.2340692e-02  -1.2479671e-03   8.3204003e-04   7.9400966e-04
  -4.2403120e-03   9.2039795e-02  -8.2820218e-02  -1.9128696e-03   4.5009062e-04   4.5047302e-04
  -1.9384414e-02   8.9234515e-02  -6.2554319e-02  -1.1114158e-03   7.9202855e-04   5.3778117e-04
  -8.5503001e-03   6.7563863e-02  -2.5712755e-02  -2.1388157e-03   7.0008662e-04   4.2032025e-04
   8.5383689e-03   6.1937935e-02  -3.0389743e-02  -2.3766037e-03   8.1985938e-05   7.0548895e-04
  -2.6581624e-03   1.1691290e-01  -3.1782374e-02  -2.7069809e-03   7.0908699e-05   8.3300502e-04
   8.3887116e-03   1.4314844e-01  -8.2690583e-02  -2.3846705e-03  -1.3765944e-04   8.5364746e-04
   2.0002150e-02   1.5040622e-01  -3.5498828e-02  -2.6148116e-03  -4.3180683e-04   8.5078942e-04
   1.2425709e-02   1.5572413e-01  -3.1463699e-02  -2.8235975e-03  -1.5570733e-04   6.8989150e-04
   2.6141483e-02   1.8084743e-01  -4.9493595e-02  -2.9000577e-03  -7.7709485e-04   3.0555468e-04
   6.6634613e-03   1.5654515e-01  -5.4261077e-02  -2.2533109e-03  -4.7127165e-04   1.5435199e-04
  -8.7706260e-03   8.7922753e-02  -1.6816408e-02  -2.5978868e-03  -8.7096417e-05  -2.6364164e-04
   1.8168410e-02   1.1408360e-01  -8.2040339e-03  -3.0072316e-03  -5.8827162e-04  -3.3755433e-04
   2.9384586e-03   1.1888903e-01  -1.7201035e-02  -3.0512178e-03  -3.4114147e-04  -2.9606739e-04
  -4.0107897e-02  -9.2386855e-03  -7.8815720e-02  -1.3704868e-03   8.1736813e-04  -6.4148349e-04
  -3.0370035e-02   1.5427944e-01  -7.6707594e-02  -1.6029906e-03   5.5010780e-04  -1.3823120e-03
  -3.1798029e-02   1.2547805e-01  -2.8528120e-02  -2.1556657e-03   3.4071204e-04  -1.3759943e-03
  -2.0567943e-02   1.5668291e-01  -8.5149936e-02  -2.0370375e-03   1.7841468e-04  -1.5873710e-03
  -3.2170064e-02   1.1419904e-01  -4.8574133e-02  -2.2678067e-03   1.2106427e-04  -1.6571761e-03
  -3.7142272e-02   7.0947325e-02  -7.0078953e-02  -1.5668394e-03   5.5999284e-04  -1.6167137e-03
  -3.6739966e-02   1.0810971e-01  -3.6751921e-02  -1.7567077e-03   3.0002383e-04  -1.8666638e-03
  -3.3682230e-02   1.3989945e-01   7.3721059e-03  -1.8989373e-03   2.0349466e-04  -1.9337270e-03
  -3.5984152e-02   1.1531794e-01  -1.1628906e-02  -2.3972958e-03   1.7268280e-04  -2.1545857e-03
  -2.2728292e-02   1.1291125e-01  -8.7666556e-03  -2.1892692e-03  -3.9514650e-05  -2.0651193e-03
  -2.0185084e-02   1.6090891e-01  -3.1021523e-02  -2.5286598e-03  -3.7094477e-04  -2.1766706e-03
  -1.7774450e-02   2.0549134e-01  -7.2822492e-02  -2.9831034e-03   5.1546647e-05  -1.9993696e-03
  -5.6334473e-02   1.7786968e-01  -2.7166915e-02  -2.8027114e-03   1.6484525e-03  -1.8558717e-03
  -4.6656821e-02   1.1797233e-01  -1.6667908e-02  -2.8020429e-03   1.2489017e-03  -1.9806498e-03
  -3.3429044e-02   1.5633504e-01  -3.8862881e-02  -2.1106380e-03   5.7661987e-04  -2.2411366e-03
  -4.3384883e-02   1.7296164e-01  -6.5775868e-03  -1.8278670e-03   4.9601464e-04  -2.2428771e-03
  -2.4751877e-02   1.6972075e-01  -2.0907142e-02  -2.2155858e-03  -2.7675756e-04  -2.6208582e-03
  -3.3971211e-02   1.6229100e-01   3.7967328e-02  -2.1000715e-03  -5.1240125e-04  -2.3655845e-03
  -2.7531633e-02   9.5678769e-02   6.2962836e-02  -2.8290079e-03  -5.8880786e-04  -2.5316716e-03
  -4.4478890e-04   2.1544497e-01   1.9831992e-04  -2.6685755e-03  -1.1949050e-03  -2.5482106e-03
  -2.1891767e-02   1.6362354e-01   4.3987878e-02  -2.8808185e-03  -1.1322135e-03  -2.4409463e-03
  -1.7045552e-02   1.6769269e-01   2.9973422e-02  -3.1486985e-03  -1.2340779e-03  -2.1778332e-03
  -2.5914428e-03   1.6953648e-01   3.6697543e-02  -3.1071979e-03  -1.7986228e-03  -2.6018097e-03
  -3.2464129e-03   1.9462540e-01   2.6358108e-02  -3.0837500e-03  -1.4483303e-03  -2.2860642e-03
   4.4540757e-03   2.0601886e-01   3.4579576e-02  -2.8794222e-03  -1.6071297e-03  -2.6058470e-03
   2.7709750e-02   2.6661096e-01  -1.5884467e-02  -3.3635967e-03  -2.0675083e-03  -3.1259052e-03
   1.1840525e-02   1.6644813e-01   2.3274136e-02  -2.9371504e-03  -1.9756450e-03  -3.0587408e-03
   2.3129952e-02   1.5399490e-01   1.3099339e-02  -3.5765243e-03  -2.2319242e-03  -3.2342135e-03
   2.8480568e-02   1.9288546e-01  -1.2258497e-03  -3.0347578e-03  -2.3838290e-03  -3.2603585e-03
   4.4616376e-03   1.3046581e-01   5.1298190e-02  -2.8838757e-03  -2.2802446e-03  -2.9303785e-03
   1.4876136e-02   1.5315279e-01   2.2592618e-02  -2.7667698e-03  -2.4144330e-03  -2.8910372e-03
   2.2175683e-02   1.6325808e-01   2.7086601e-02  -2.6866688e-03  -2.5949023e-03  -2.7757848e-03
   1.0566824e-02   1.9528736e-01   1.4012253e-02  -2.4107223e-03  -2.3696555e-03  -2.7967656e-03
   2.5144830e-02   1.5012004e-01   5.5718244e-02  -2.5850742e-03  -2.9438593e-03  -2.8163621e-03
   3.0105911e-02   1.4153581e-01   3.3953512e-02  -2.8578133e-03  -3.1884720e-03  -2.6654363e-03
   2.7296792e-02   1.8501290e-01   3.7453903e-02  -2.9181606e-03  -3.0495781e-03  -2.6615007e-03
   3.8411146e-02   2.2966297e-01   1.9177309e-02  -2.9187622e-03  -3.1535746e-03  -2.5508715e-03
   4.2473774e-02   1.6992396e-01   3.3698325e-02  -2.5583397e-03  -3.5961959e-03  -2.4988282e-03
   3.8158956e-02   1.8128987e-01   4.0023713e-02  -2.6901821e-03  -3.5514419e-03  -2.4323284e-03
   5.6390085e-02   2.4125668e-01   7.3173468e-03  -2.6775605e-03  -3.7804395e-03  -2.5991325e-03
   4.3038733e-02   2.4138791e-01   2.2886977e-02  -2.6722539e-03  -3.7351306e-03  -2.3741907e-03
   3.3994313e-02   1.5306675e-01   5.4286572e-02  -2.7551799e-03  -3.4335921e-03  -2.6452045e-03
   4.4828826e-02   1.7578535e-01   3.4437492e-02  -2.8833747e-03  -4.0884732e-03  -2.8067545e-03
   6.2903496e-02   2.1500875e-01  -7.4042928e-03  -2.9583015e-03  -4.1005234e-03  -2.6950823e-03
   3.8626729e-02   1.6043270e-01  -5.0145393e-03  -2.4105108e-03  -3.2482112e-03  -2.6553396e-03
   4.5045245e-02   1.2477784e-01   4.3858954e-03  -1.8903434e-03  -3.7543434e-03  -2.4497696e-03
   5.0957830e-02   1.7984038e-01   1.4428107e-02  -2.3220901e-03  -3.7976824e-03  -2.4010206e-03
   4.4112742e-02   1.8159141e-01   1.4223878e-03  -2.1203147e-03  -3.3037192e-03  -2.3846244e-03
   4.7172308e-02   1.3231449e-01   1.9163381e-02  -2.1619096e-03  -3.5894807e-03  -2.3145187e-03
   6.3110977e-02   2.4638342e-01  -2.8392747e-02  -2.0577528e-03  -3.8873917e-03  -2.3056517e-03
   5.0429219e-02   1.8194767e-01   5.6591439e-03  -1.7867331e-03  -3.6783175e-03  -2.5677091e-03
   7.4624236e-02   1.4244441e-01  -1.0332024e-02  -1.6875833e-03  -4.1319466e-03  -2.4252193e-03
   9.7411500e-02   1.7195290e-01  -7.2586718e-02  -1.7557787e-03  -4.6223974e-03  -2.5664453e-03
   8.1795444e-02   1.9130880e-01  -5.3049499e-02  -1.8477309e-03  -4.4589473e-03  -2.5889920e-03
   8.1543750e-02   1.9614173e-01  -7.8439025e-02  -1.8385872e-03  -4.2975088e-03  -2.6452742e-03
   7.4749538e-02   1.6363935e-01  -7.4149254e-02  -2.0200866e-03  -4.7904580e-03  -2.6167461e-03
   4.8170457e-02   1.5754869e-01  -7.2651897e-02  -1.8959003e-03  -4.2708038e-03  -2.5481545e-03
   7.1093994e-02   2.1681103e-01  -8.5251199e-02  -1.9708899e-03  -4.7789475e-03  -2.5336132e-03
   6.2177425e-02   1.8522634e-01  -4.1258309e-02  -2.4092854e-03  -4.6023806e-03  -2.2176766e-03
   6.6073176e-02   2.2870402e-01  -5.4010208e-02  -1.9286320e-03  -4.3357238e-03  -2.4457170e-03
   6.7113978e-02   2.2525283e-01  -8.9404883e-02  -2.1364480e-03  -4.2701842e-03  -2.6959829e-03
   6.0193904e-02   1.6766266e-01  -7.6355584e-02  -2.1214489e-03  -4.4443033e-03  -2.5707010e-03
   4.4808304e-02   1.4416002e-01  -3.7530635e-02  -1.8720104e-03  -4.1769601e-03  -2.4528370e-03
   6.0434085e-02   1.6271553e-01  -2.9414717e-02  -2.0021790e-03  -4.4871470e-03  -2.7165102e-03
   5.2128754e-02   1.7411558e-01  -6.6003913e-02  -1.9495061e-03  -4.5259389e-03  -2.7137144e-03
   3.9105061e-02   1.9139090e-01  -4.1114883e-02  -1.9360629e-03  -4.3399458e-03  -2.9726746e-03
   4.6223249e-02   1.4656896e-01  -2.8302242e-03  -2.1282955e-03  -4.6189003e-03  -2.9404041e-03
   4.8466243e-02   1.3502551e-01  -1.8464610e-02  -1.7386729e-03  -4.6314922e-03  -2.7696740e-03
   5.8251086e-02   1.8278434e-01  -2.8920336e-02  -2.0682484e-03  -4.6617942e-03  -3.0513085e-03
   5.7576382e-02   2.1017188e-01  -5.8246545e-02  -2.0255452e-03  -4.7573786e-03  -2.9424395e-03
   3.5788729e-02   1.8700378e-01  -3.1989266e-02  -1.9010337e-03  -4.2320732e-03  -2.9365900e-03
   5.1125902e-02   2.0402290e-01  -3.1470415e-02  -1.9825699e-03  -4.6724015e-03  -3.0967229e-03
   4.1591909e-02   1.7654926e-01  -2.4296479e-02  -2.0603397e-03  -4.4959116e-03  -3.0704893e-03
   4.9840831e-02   2.2923885e-01  -7.7594666e-02  -2.2778930e-03  -4.5068449e-03  -2.9660809e-03
   3.5443098e-02   1.8371078e-01  -6.8514519e-02  -1.9783553e-03  -4.5273957e-03  -3.1669121e-03
   3.4768241e-02   1.8765805e-01  -9.3198646e-02  -1.8523852e-03  -4.8027197e-03  -3.1188599e-03
   4.6999188e-02   2.4498619e-01  -1.1489206e-02  -1.5529986e-03  -4.9438161e-03  -3.0813894e-03
   3.5198715e-02   1.5987894e-01  -2.0244431e-02  -1.6283994e-03  -4.8427166e-03  -3.1859269e-03
   5.5968177e-02   1.8150951e-01  -2.2635837e-02  -1.6876549e-03  -5.1015228e-03  -3.3972663e-03
   4.1989503e-02   1.5871436e-01  -2.1611321e-02  -1.6555007e-03  -5.1313188e-03  -3.3731250e-03
   3.8851455e-02   2.1619130e-01  -2.5169457e-02  -2.8570438e-03  -5.0787493e-03  -3.2373843e-03
   3.3844597e-02   2.3975151e-01  -5.5282572e-02  -2.7653697e-03  -5.1294938e-03  -3.4728606e-03
   2.2232655e-02   2.3991550e-01  -3.6790268e-02  -2.5367180e-03  -4.7845071e-03  -3.6527833e-03
   3.3746092e-02   2.2926284e-01  -7.9904639e-02  -3.0521126e-03  -5.0275957e-03  -3.7560554e-03
   2.3726240e-02   2.8371579e-01  -8.9134764e-02  -2.5313902e-03  -4.8016279e-03  -3.7796112e-03
   1.2412954e-02   2.1011821e-01  -7.5061881e-02  -2.6918235e-03  -4.4054689e-03  -3.7436024e-03
   3.9824491e-02   2.2412746e-01  -1.0569888e-01  -2.7823283e-03  -5.3880567e-03  -4.0773622e-03
   1.9042148e-02   2.5958215e-01  -1.2018738e-01  -2.4187689e-03  -5.1676310e-03  -4.0069467e-03
   4.5042659e-03   2.5210157e-01  -1.0500306e-01  -2.8793609e-03  -4.8976888e-03  -4.1829474e-03
   2.2362551e-02   2.9558606e-01  -1.1585644e-01  -2.2852900e-03  -4.6438809e-03  -4.3299247e-03
   2.3785126e-03   2.1129729e-01  -9.1157646e-02  -2.7397627e-03  -4.2995098e-03  -4.3472825e-03
   1.3212437e-02   2.5383715e-01  -1.0635645e-01  -2.8339106e-03  -4.8210542e-03  -4.5299776e-03
   1.9707808e-02   2.4227140e-01  -6.7634022e-02  -2.1275782e-03  -4.7710686e-03  -4.3484578e-03
   3.8926350e-02   2.7167708e-01  -7.0670120e-02  -3.4152948e-03  -5.0591351e-03  -4.3582176e-03
   3.5240921e-02   2.8580252e-01  -6.3389459e-02  -2.9165447e-03  -5.2474466e-03  -4.4962152e-03
   1.2151114e-02   2.7649835e-01  -5.0913536e-02  -3.5385771e-03  -4.9987175e-03  -4.3556247e-03
   2.4320670e-02   3.1303735e-01  -7.7172181e-02  -3.8819458e-03  -5.5084486e-03  -4.4025523e-03
   1.4905820e-02   2.5478829e-01  -8.4427714e-02  -3.9666287e-03  -5.4276828e-03  -4.2812010e-03
   1.7251487e-02   2.7302251e-01  -3.7745828e-02  -3.8086878e-03  -5.4551142e-03  -4.3912617e-03
   3.6709918e-02   2.9813791e-01  -5.5106467e-02  -4.3140026e-03  -5.8772154e-03  -4.4208240e-03
   3.9534065e-02   3.1220044e-01  -3.2493433e-02  -3.9860118e-03  -5.9002891e-03  -4.3262779e-03
   4.2922537e-02   3.1227540e-01  -4.9530189e-02  -4.1591315e-03  -5.9832393e-03  -4.4087431e-03
   6.6027903e-02   3.5005752e-01  -3.5448061e-02  -4.2482537e-03  -6.5782295e-03  -4.4263119e-03
   4.6391281e-02   3.4088509e-01  -1.3517677e-02  -4.0485550e-03  -6.0795269e-03  -4.2517909e-03
   4.9882857e-02   3.5640631e-01  -6.9744785e-02  -4.3471316e-03  -6.4714986e-03  -4.1527333e-03
   6.0371309e-02   3.6054376e-01  -3.4712805e-02  -3.9318212e-03  -6.6232895e-03  -4.0486944e-03
   6.0884647e-02   3.0293547e-01  -3.4580523e-02  -3.5510817e-03  -6.8009860e-03  -3.7590965e-03
   6.6472466e-02   3.4039664e-01  -8.9666949e-02  -3.4410624e-03  -6.5014522e-03  -4.0700066e-03
   6.8020802e-02   3.3844065e-01  -1.0450099e-01  -3.3866882e-03  -6.6368070e-03  -4.1566479e-03
   6.8513021e-02   2.8268746e-01  -1.1924987e-01  -3.0584405e-03  -6.8825483e-03  -4.0121467e-03
   5.1035877e-02   2.6805349e-01  -7.1779914e-02  -3.3271925e-03  -6.4631335e-03  -4.0028058e-03
   5.7856289e-02   3.3129704e-01  -1.2101507e-01  -4.0207670e-03  -6.6152530e-03  -3.9336236e-03
   5.0813335e-02   3.2150356e-01  -7.5583762e-02  -3.4782236e-03  -6.4299952e-03  -3.7530746e-03
   7.1414806e-02   2.8837784e-01  -9.8518439e-02  -3.9723496e-03  -7.3012905e-03  -4.0184060e-03
   7.4064133e-02   3.4864845e-01  -1.0639111e-01  -3.7766061e-03  -7.1602125e-03  -4.0334279e-03
   5.9774211e-02   3.0135532e-01  -8.7290773e-02  -3.7998566e-03  -6.9231217e-03  -3.9557487e-03
   7.2623757e-02   3.3748272e-01  -7.0664582e-02  -3.8665111e-03  -7.0958568e-03  -4.1262017e-03
   6.0779506e-02   3.2609392e-01  -1.1147279e-01  -4.2872007e-03  -6.7725490e-03  -3.9017011e-03
   7.3099576e-02   3.6775129e-01  -1.3403515e-01  -4.0448954e-03  -7.0075142e-03  -4.0545494e-03
   6.6536235e-02   3.1993178e-01  -6.5006995e-02  -4.0893072e-03  -6.9167220e-03  -4.1842923e-03
   6.2724260e-02   3.1473419e-01  -7.7024145e-02  -4.0524728e-03  -6.6101133e-03  -3.9648654e-03
   7.1823694e-02   3.7726191e-01  -1.2268923e-01  -3.8595596e-03  -6.7911082e-03  -4.1415055e-03
   5.4306142e-02   3.2878592e-01  -8.2361816e-02  -3.5903434e-03  -6.6313393e-03  -4.0889939e-03
   6.9126084e-02   2.9449900e-01  -5.5217299e-02  -4.1409556e-03  -7.0603616e-03  -4.1762947e-03
   7.2454912e-02   3.1690126e-01  -6.1035182e-02  -4.1276428e-03  -7.2095661e-03  -4.3730674e-03
   7.4059967e-02   3.0569408e-01  -6.8388941e-02  -4.2188578e-03  -7.1517311e-03  -4.3638065e-03
   7.1879631e-02   3.3966816e-01  -7.0195542e-02  -4.2582757e-03  -7.2588375e-03  -4.3401786e-03
   6.6413375e-02   3.5135851e-01  -3.8453678e-02  -4.3182699e-03  -7.2289342e-03  -4.2646551e-03
   7.4150033e-02   3.2513723e-01  -9.9456657e-03  -4.5385692e-03  -7.0571962e-03  -4.4255559e-03
   7.5396935e-02   3.2468844e-01  -2.9767973e-02  -4.6599284e-03  -7.3385918e-03  -4.3620432e-03
   7.6427125e-02   3.4188780e-01  -3.6204241e-02  -4.6260382e-03  -7.5041479e-03  -4.3178242e-03
   8.7828049e-02   3.8271209e-01  -5.8766311e-02  -4.6637873e-03  -7.7099042e-03  -4.2783532e-03
   7.0448654e-02   4.5554944e-01  -6.3067358e-02  -4.4317890e-03  -7.0471331e-03  -4.0903318e-03
   7.8339908e-02   3.6618935e-01  -4.5300330e-02  -4.3833584e-03  -7.5609044e-03  -4.1551514e-03
   9.7559279e-02   4.2329007e-01  -9.3086984e-02  -5.1491515e-03  -7.7458231e-03  -4.2164513e-03
   9.0058166e-02   2.7831649e-01  -2.3145726e-02  -3.8567185e-03  -7.8236186e-03  -4.3723995e-03
   9.9824210e-02   3.1752584e-01  -6.2536619e-02  -3.6699892e-03  -7.9690911e-03  -4.3411854e-03
   9.5173799e-02   3.7903703e-01  -3.8494923e-02  -3.5734273e-03  -7.9384673e-03  -4.2603042e-03
   9.6067565e-02   3.1430241e-01  -1.2531470e-02  -3.1821575e-03  -7.8260419e-03  -4.3357232e-03
   9.6255482e-02   3.3729006e-01  -1.4738706e-02  -3.8460593e-03  -7.9725249e-03  -4.2549715e-03
   1.0452780e-01   3.2435515e-01  -1.8018428e-02  -3.8770139e-03  -8.2122664e-03  -4.1848789e-03
   9.1269813e-02   3.1852432e-01  -1.4996205e-03  -3.7454960e-03  -7.7669493e-03  -4.1221926e-03
   1.2062443e-01   3.7214697e-01  -6.1827855e-02  -3.6676481e-03  -8.1954874e-03  -3.9625372e-03
   1.2765497e-01   3.9339720e-01  -2.0115363e-02  -3.0365711e-03  -8.2526735e-03  -4.0826672e-03
   1.1231183e-01   3.5317533e-01  -4.8959448e-02  -3.3312114e-03  -7.9833385e-03  -4.1640430e-03
   1.2524574e-01   3.9793443e-01  -4.5586378e-02  -3.1259265e-03  -8.5749252e-03  -4.1340230e-03
   1.0768023e-01   3.3758171e-01   1.5488877e-02  -2.6292014e-03  -8.1700089e-03  -4.0715731e-03
   1.3712894e-01   3.7113726e-01  -8.6563631e-03  -3.2307836e-03  -8.5151252e-03  -4.1302361e-03
   1.4288690e-01   3.6108432e-01  -2.9470590e-02  -2.5677911e-03  -8.3686893e-03  -4.2380728e-03
   1.2262704e-01   2.9643822e-01  -1.4453021e-02  -2.3730865e-03  -7.9099658e-03  -4.4593220e-03
   1.3475485e-01   2.7966510e-01   2.3369025e-02  -2.7896993e-03  -8.4152126e-03  -4.4612641e-03
   1.3617176e-01   3.0940204e-01  -3.1000829e-02  -2.8533918e-03  -8.6937688e-03  -4.2488260e-03
   1.2228474e-01   3.2098767e-01   1.2698583e-02  -3.2683450e-03  -8.4042637e-03  -4.1554111e-03
   1.6175830e-01   3.5445894e-01  -4.5838373e-03  -3.5575055e-03  -9.5738688e-03  -4.1200287e-03
   1.7587276e-01   3.8436612e-01  -2.2134391e-02  -2.9248895e-03  -9.9513514e-03  -4.3330451e-03
   1.4148478e-01   3.1841770e-01   1.4641479e-02  -2.2579583e-03  -9.0773497e-03  -4.5327206e-03
   1.5367403e-01   3.3818074e-01  -2.8626932e-03  -3.0756610e-03  -9.6557873e-03  -4.4518629e-03
   1.5493244e-01   3.4623270e-01   8.0999767e-03  -3.2551294e-03  -9.6742293e-03  -4.3584024e-03
   1.3665424e-01   3.2203011e-01   1.1731578e-02  -2.7384056e-03  -9.1337300e-03  -4.4120405e-03
   1.5074089e-01   3.3969008e-01   1.9660498e-02  -3.3508316e-03  -9.4997772e-03  -4.4598788e-03
   1.4980972e-01   3.2875831e-01  -2.1851606e-03  -3.1352742e-03  -9.2553754e-03  -4.4063861e-03
   1.4422938e-01   3.0263609e-01   4.2533361e-02  -2.2237795e-03  -8.8095312e-03  -4.5473473e-03
   1.2950269e-01   3.8619803e-01  -8.2856441e-03  -3.6908230e-03  -8.0858543e-03  -4.7004650e-03
   1.4421481e-01   4.2746490e-01  -2.7892884e-02  -3.6587510e-03  -7.9650262e-03  -4.2421069e-03
