   0.0000000e+00   0.0000000e+00   0.0000000e+00   0.0000000e+00   0.0000000e+00   0.0000000e+00
  -1.0825169e-02  -7.0645361e-02   7.4437312e-03   2.6742760e-04   1.7168862e-04  -1.7800990e-04
  -1.4109011e-02  -6.5045066e-02  -1.9170564e-02  -5.6181786e-04   1.8462785e-04  -2.6427660e-04
  -1.2314731e-03   1.1043691e-02  -2.1648267e-02  -9.8040804e-04   2.3973041e-04  -2.4525039e-04
   5.2912547e-03  -7.0241479e-02  -1.4222602e-03  -7.1419399e-04   1.1395308e-04  -4.2621525e-04
   8.6813301e-03   1.4368580e-02  -3.0950197e-02  -7.4631331e-04   1.5988356e-04  -2.5867683e-04
   3.0104549e-03  -2.3963527e-02  -3.8050084e-03  -2.5636895e-04   1.0150529e-04  -6.1252254e-05
  -9.5799120e-03  -7.7679147e-02   1.4780649e-02  -4.1962685e-04   9.9770389e-05  -1.5475276e-04
   1.7771528e-02   1.2322009e-02  -1.5953464e-02  -1.0323678e-03  -1.7074357e-04  -1.9327564e-04
   4.9791917e-03  -6.3858841e-02   3.7037904e-03  -7.7947036e-04  -4.9728157e-05  -5.7332728e-05
  -2.1364944e-03  -4.9282916e-02   5.8816575e-04  -7.9198367e-04  -7.0860058e-05  -4.0559524e-04
   3.5660882e-03   4.8367190e-03  -2.0803208e-02  -2.0449773e-03  -3.6813336e-04  -5.3091420e-04
   7.2463817e-03   2.0831323e-02  -1.0266544e-02  -1.9502890e-03  -2.0778918e-04  -5.0876257e-04
   9.9286612e-03   2.5102715e-02  -1.1843237e-02  -1.4458113e-03  -3.3545103e-04  -4.0725648e-04
   1.2244406e-02  -1.5991252e-02  -2.8317824e-02  -2.1669160e-03  -3.9305171e-04  -6.0026692e-04
  -8.9223272e-04  -2.7273298e-02  -1.3484616e-02  -1.6880570e-03  -2.8102498e-04  -2.8626964e-04
  -5.0895465e-03  -3.0501304e-02  -1.2559279e-02  -1.8870079e-03  -1.3864862e-04  -3.9015651e-04
   1.8298781e-04   2.0255863e-02  -2.6343867e-02  -2.2695181e-03  -2.5366633e-04  -4.0236808e-04
   1.5461700e-03   5.7603073e-03  -2.6203003e-02  -2.4087313e-03  -3.6835390e-04  -5.9855726e-04
  -1.0298384e-02  -2.7858369e-02  -1.8732029e-02  -2.8211382e-03   1.7193073e-04  -9.9479606e-04
  -1.2217304e-02   3.0990210e-02  -4.1505666e-02  -3.1945307e-03   2.1172294e-04  -8.2487560e-04
  -4.8226816e-03   3.2779765e-02  -4.0335532e-02  -2.5591264e-03   1.9228315e-04  -7.1014909e-04
   5.8213323e-03  -3.0096101e-02  -2.6946023e-02  -2.5167438e-03  -2.9370372e-04  -7.4674385e-04
  -5.7288922e-04  -2.8949730e-03  -3.1240439e-02  -3.0752244e-03  -3.2656709e-05  -8.1582229e-04
  -2.5587558e-03  -5.2075298e-04  -3.2995901e-02  -2.5000238e-03   5.9442011e-05  -8.1717048e-04
  -8.8092364e-03   3.7407152e-03  -2.7057127e-02  -3.2892758e-03  -7.0677436e-05  -9.1532586e-04
  -1.0750667e-02   4.0767157e-02  -3.5806887e-02  -3.1930972e-03  -2.4284013e-04  -9.1259822e-04
  -1.8499128e-02  -2.8395072e-02  -2.4149404e-02  -3.0676506e-03   4.0665958e-05  -9.5639256e-04
  -1.8900420e-03   5.5348566e-02  -4.7161933e-02  -3.6191449e-03  -2.4951454e-04  -1.1114713e-03
  -4.8487542e-04   7.2581455e-02  -4.0205115e-02  -3.2991478e-03  -2.4464902e-04  -1.2998517e-03
  -1.5358533e-02  -3.0021164e-02  -2.6070599e-02  -3.1516731e-03  -1.4591558e-04  -1.1731133e-03
  -1.4446830e-02   4.5130479e-02  -5.8572169e-02  -4.1026882e-03  -9.1837088e-05  -1.1275132e-03
  -1.0201015e-02   6.1099324e-02  -4.7912619e-02  -3.4774810e-03  -2.1893515e-04  -1.2760590e-03
  -2.8884831e-03  -7.7890976e-02  -1.6001408e-03  -3.7298919e-03  -4.1079358e-04  -1.4372847e-03
  -3.2874241e-03   9.2060399e-02  -5.1183672e-02  -4.1581061e-03  -4.2095271e-04  -1.5088263e-03
  -1.5694123e-02   3.9653876e-02  -4.8904750e-02  -3.5449278e-03  -2.0572818e-04  -1.5630135e-03
  -2.2804574e-02   1.8596469e-02  -7.3593970e-02  -4.2231807e-03   2.7564364e-04  -1.1242131e-03
  -1.6153899e-02   6.7886419e-02  -5.3179529e-02  -4.3728147e-03  -2.2546121e-05  -1.4097627e-03
  -1.2872110e-02   9.3966349e-03  -2.1144415e-02  -3.9288192e-03   5.4818565e-05  -1.2837420e-03
  -5.0291697e-03   5.5616612e-02  -3.7812918e-02  -4.5908087e-03  -2.4797395e-04  -1.3252751e-03
  -1.2622303e-02   4.6624391e-02  -3.3252025e-02  -4.4366841e-03   7.7487542e-05  -1.5267582e-03
  -1.9061700e-02   2.2541559e-02  -7.0725317e-02  -4.5152609e-03   1.0810162e-04  -1.3685491e-03
  -1.4560115e-02   1.1538919e-01  -9.6606776e-02  -5.8210361e-03   2.6446765e-04  -1.4552603e-03
  -1.1205077e-02   1.0462205e-01  -6.6030158e-02  -5.4782331e-03   2.4154506e-04  -1.5670519e-03
  -1.0354051e-02   6.7834764e-02  -7.1454254e-02  -5.6924952e-03   2.9971574e-04  -1.4333520e-03
  -1.6042404e-02   7.0637198e-02  -6.5753961e-02  -5.6791959e-03   2.3941124e-04  -1.4393831e-03
  -2.1995149e-02   8.1714875e-03  -4.5220477e-02  -5.6725481e-03   2.9739080e-04  -1.6097592e-03
  -2.9820715e-02   6.9101042e-02  -6.3559862e-02  -5.9539229e-03   4.0725200e-04  -1.6134103e-03
  -2.2614652e-02   1.0592057e-01  -5.4246605e-02  -6.1284064e-03   2.7424149e-04  -1.5071640e-03
  -1.4925063e-02   7.2594080e-02  -3.7956080e-02  -5.8299484e-03   3.0050606e-04  -1.5718569e-03
  -1.0262246e-02   1.1270694e-01  -5.7368411e-02  -6.0715651e-03   1.6649003e-04  -1.4973086e-03
  -5.6020788e-03   1.3121129e-01  -5.2814127e-02  -5.7494504e-03   2.4294063e-04  -1.4067803e-03
  -7.8481123e-03   6.7066808e-02  -3.9873490e-02  -6.0377110e-03   4.6826030e-04  -1.5696330e-03
  -1.1085423e-02   1.6219248e-01  -6.6074095e-02  -6.6532242e-03   3.6931261e-04  -1.4888495e-03
  -1.6117841e-02   1.1880824e-01  -2.5653239e-02  -6.0084967e-03   2.7079257e-05  -1.5509731e-03
  -2.1096910e-02   3.9446925e-02  -2.2428767e-02  -6.2291994e-03  -4.9298413e-05  -1.7800459e-03
  -1.0627957e-02   1.2790869e-01  -5.6336591e-02  -6.2176292e-03   4.1157232e-05  -1.6583650e-03
  -1.4867820e-02   8.9523828e-02  -4.3027278e-02  -5.9993622e-03   3.0101567e-06  -1.6203557e-03
  -1.8048008e-02   1.0315444e-01  -4.4039021e-02  -5.8361370e-03   3.1168566e-04  -1.5569530e-03
  -7.1153787e-03   1.0681581e-01  -4.9220912e-02  -6.1206385e-03   1.8957271e-04  -1.6639003e-03
  -1.1274051e-02   7.2159467e-02  -3.5533590e-02  -6.0173171e-03   2.4279608e-04  -1.7010692e-03
  -1.1895617e-02   1.1754709e-01  -4.6078443e-02  -6.5439492e-03  -3.5299054e-05  -1.6316728e-03
  -1.6033358e-02   1.3712815e-01  -6.7179151e-02  -6.3621920e-03   1.7438851e-04  -1.4546524e-03
  -1.3608207e-02   1.0178516e-01  -4.4592227e-02  -6.4288379e-03   3.1412808e-04  -1.4845960e-03
  -1.3227636e-02   1.4348684e-01  -6.6780510e-02  -6.7050103e-03   2.5317877e-05  -1.7557348e-03
  -1.6641600e-02   1.2728062e-01  -6.3139748e-02  -6.3917350e-03   3.3380550e-04  -1.8219998e-03
  -9.1549767e-03   1.4116132e-01  -7.7568341e-02  -6.9714233e-03   2.2950871e-04  -1.4769831e-03
  -6.0461443e-03   1.5762100e-01  -7.5078291e-02  -6.6600329e-03   3.9677980e-04  -1.3989272e-03
  -1.0462074e-02   1.1191760e-01  -6.9959786e-02  -6.8519759e-03   5.6482527e-04  -1.6335595e-03
  -1.2694337e-02   1.7670875e-01  -9.5231458e-02  -7.4433653e-03   8.6316098e-04  -1.5903892e-03
  -7.7605500e-03   1.5413558e-01  -8.5791221e-02  -7.1217620e-03   8.4234868e-04  -1.8013595e-03
  -1.4630296e-02   1.3555918e-01  -1.0188104e-01  -7.2055433e-03   8.1675643e-04  -1.9284600e-03
  -7.7278821e-03   1.7612076e-01  -1.1321055e-01  -8.1041821e-03   6.7094184e-04  -1.8180720e-03
  -6.1470715e-03   1.8433194e-01  -1.0379192e-01  -7.9459157e-03   6.9185600e-04  -1.9198425e-03
  -1.1635328e-02   1.1309432e-01  -9.0088858e-02  -8.1317062e-03   7.3083882e-04  -2.0480131e-03
  -6.1571398e-03   1.6913310e-01  -9.6652473e-02  -8.8477560e-03   7.6970372e-04  -1.9889536e-03
  -2.0718977e-02   1.4685860e-01  -9.7040552e-02  -8.4570842e-03   9.6852000e-04  -1.8688693e-03
  -1.8328586e-02   1.8726205e-01  -1.1405170e-01  -8.7532703e-03   9.9359982e-04  -2.1262157e-03
  -1.5505480e-02   1.9661594e-01  -1.1534992e-01  -8.6674823e-03   1.1191756e-03  -2.0051577e-03
  -1.0853904e-02   1.7480599e-01  -1.0969683e-01  -8.8994937e-03   1.0355681e-03  -2.0425842e-03
  -4.9822887e-03   2.5009420e-01  -1.4249857e-01  -9.3024374e-03   8.3928037e-04  -2.3269786e-03
  -4.2072143e-03   1.4892926e-01  -1.0456233e-01  -8.6285877e-03   9.1494526e-04  -2.2473858e-03
  -4.0672340e-03   1.6461336e-01  -1.0989438e-01  -8.6883901e-03   7.4020288e-04  -2.1518199e-03
  -1.1049744e-02   2.1562543e-01  -1.3381212e-01  -9.1703369e-03   9.2241408e-04  -2.3235382e-03
  -1.6850592e-02   1.5171260e-01  -1.1619974e-01  -8.5517810e-03   1.0089328e-03  -1.9627921e-03
  -1.0729515e-02   2.3637602e-01  -1.1977466e-01  -9.1584581e-03   8.1258478e-04  -2.2124590e-03
  -6.9197544e-03   1.9140157e-01  -1.1499852e-01  -9.3862586e-03   6.8995253e-04  -2.4358557e-03
  -1.1281096e-02   1.5707365e-01  -1.0407107e-01  -9.0806587e-03   7.3306783e-04  -2.5844361e-03
  -1.5788681e-02   1.5947507e-01  -1.2681813e-01  -9.9785189e-03   7.2675283e-04  -2.8102557e-03
  -9.3313582e-03   1.8458488e-01  -1.1567967e-01  -9.5314152e-03   8.8878178e-04  -2.5593673e-03
  -1.4811867e-02   1.6227355e-01  -9.2942370e-02  -9.4453518e-03   6.9310104e-04  -2.6750371e-03
  -1.3200544e-02   2.1430709e-01  -1.2145199e-01  -1.0493248e-02   8.0445543e-04  -2.6299607e-03
  -4.2752718e-03   2.0883120e-01  -1.1773268e-01  -1.0518541e-02   6.8233518e-04  -2.8043048e-03
  -8.1514333e-03   2.3334072e-01  -1.3139652e-01  -1.0203427e-02   5.4173202e-04  -3.1687139e-03
   2.6314894e-03   2.7719680e-01  -1.3294427e-01  -1.0604625e-02   2.7948410e-04  -3.2707448e-03
   3.4869491e-03   2.2659785e-01  -1.2483576e-01  -1.0129270e-02   9.6297060e-05  -3.3711530e-03
  -1.1681540e-02   2.3264107e-01  -1.1770898e-01  -9.9049926e-03   4.0280518e-04  -3.2390978e-03
  -1.1508619e-02   3.0803054e-01  -1.2317507e-01  -1.0217180e-02   3.2871303e-04  -3.1461243e-03
  -1.2395684e-02   2.2787976e-01  -1.0008389e-01  -9.8789933e-03   4.7856405e-04  -3.2552294e-03
  -1.0389399e-02   2.1777131e-01  -1.2387648e-01  -1.0739673e-02   3.7248970e-04  -3.4166211e-03
  -1.4156165e-02   2.7243930e-01  -1.3774139e-01  -1.0476195e-02   4.0268036e-04  -3.3825049e-03
  -1.2352469e-02   2.0550429e-01  -1.1766889e-01  -9.9653562e-03   5.2200084e-04  -3.6174621e-03
  -1.2854273e-02   2.5631891e-01  -1.3051275e-01  -1.0949838e-02   6.2168437e-04  -3.5030898e-03
  -1.1963381e-02   2.6481545e-01  -1.4188247e-01  -1.0868140e-02   5.6466257e-04  -3.3978037e-03
  -1.7579669e-02   2.3804817e-01  -1.5164021e-01  -1.0600361e-02   5.4437944e-04  -3.4673017e-03
  -2.4160598e-02   2.5733300e-01  -1.4613485e-01  -1.1003561e-02   6.4719022e-04  -3.5191877e-03
  -1.0874143e-02   2.3418823e-01  -1.4226838e-01  -1.1035723e-02   5.4401887e-04  -3.3917783e-03
  -1.4058112e-02   2.6446730e-01  -1.3635184e-01  -1.0556209e-02   5.7095818e-04  -3.4897081e-03
  -1.6129439e-02   2.6990026e-01  -1.3382419e-01  -1.0821045e-02   5.1605554e-04  -3.3800629e-03
  -2.0760258e-02   2.9438545e-01  -1.5150077e-01  -1.0995323e-02   4.9161273e-04  -3.4521627e-03
  -1.1234580e-02   3.1400937e-01  -1.4258189e-01  -1.1099554e-02   2.9863617e-04  -3.4871007e-03
  -1.2333365e-02   3.0907016e-01  -1.4673778e-01  -1.1569566e-02   4.1666248e-04  -3.5795129e-03
  -9.0104582e-03   3.4108705e-01  -1.4458727e-01  -1.1812785e-02   4.2079956e-04  -3.6475419e-03
  -7.5083686e-03   2.8045706e-01  -1.2110382e-01  -1.1540268e-02   4.2494570e-04  -3.8112597e-03
  -1.1938942e-02   2.8469384e-01  -1.2890290e-01  -1.2135219e-02   5.4021795e-04  -3.7393377e-03
   5.3674744e-04   3.3485571e-01  -1.1583955e-01  -1.2358246e-02   3.9035005e-04  -3.8916289e-03
  -5.1646064e-03   2.6160149e-01  -1.1571045e-01  -1.2273103e-02   4.7630063e-04  -3.9437383e-03
  -1.1619515e-02   2.9532514e-01  -1.1707974e-01  -1.2478203e-02   5.8077268e-04  -3.9955566e-03
  -2.8515639e-03   2.7491931e-01  -1.1272217e-01  -1.2332801e-02   4.1310810e-04  -3.9437010e-03
   4.1647399e-03   2.9875697e-01  -1.1917433e-01  -1.2327721e-02   5.4934388e-04  -4.1045169e-03
  -1.2253205e-03   3.1370279e-01  -1.1798117e-01  -1.2469274e-02   6.1978839e-04  -4.1888063e-03
  -5.7827947e-03   3.3818495e-01  -1.1633264e-01  -1.2810131e-02   5.0591701e-04  -4.1533376e-03
  -5.1243397e-03   3.2938838e-01  -1.0964299e-01  -1.2506625e-02   7.0073834e-04  -4.2326102e-03
  -2.3283826e-03   2.9156177e-01  -1.2485194e-01  -1.3205322e-02   9.0537833e-04  -4.0954744e-03
   2.3426320e-03   3.4888916e-01  -1.5183413e-01  -1.3412134e-02   7.0542307e-04  -4.1940229e-03
   6.5464572e-04   2.9751237e-01  -1.5222720e-01  -1.3216043e-02   7.9287527e-04  -4.2419495e-03
  -2.2356741e-03   3.1601058e-01  -1.5161404e-01  -1.3455591e-02   6.4561701e-04  -4.1209839e-03
   4.8741793e-03   3.1776594e-01  -1.4251797e-01  -1.3386079e-02   5.9965556e-04  -4.1281305e-03
  -1.6942384e-04   2.8733573e-01  -1.2914383e-01  -1.3385007e-02   4.3148854e-04  -4.4977932e-03
  -2.9321957e-03   3.4375164e-01  -1.4719362e-01  -1.3904278e-02   3.2192794e-04  -4.8624668e-03
  -2.5359865e-03   3.4630933e-01  -1.3366732e-01  -1.3938522e-02   3.8754634e-04  -4.8033780e-03
  -8.3821993e-03   3.7074148e-01  -1.3956309e-01  -1.4044164e-02   4.8719132e-04  -5.0487245e-03
  -1.3493119e-02   3.7062381e-01  -1.5661715e-01  -1.4152938e-02   5.1469052e-04  -4.9609961e-03
  -7.0198120e-03   4.0020704e-01  -1.4202593e-01  -1.4276880e-02   3.9324833e-04  -5.0140828e-03
  -9.9902528e-03   3.4403318e-01  -1.3626037e-01  -1.4422130e-02   5.8264715e-04  -5.0403470e-03
  -1.5012689e-02   4.1446942e-01  -1.5839112e-01  -1.4716203e-02   6.8733591e-04  -5.1009591e-03
  -7.9687328e-03   4.3021224e-01  -1.5806773e-01  -1.4566758e-02   6.4036393e-04  -5.0100589e-03
  -1.1056091e-02   3.8023051e-01  -1.4792224e-01  -1.4522420e-02   5.6310308e-04  -5.0031600e-03
  -1.1698170e-02   3.7495014e-01  -1.2715090e-01  -1.4925129e-02   7.1956241e-04  -5.1094750e-03
  -2.3218055e-03   3.6666992e-01  -1.6087787e-01  -1.5413960e-02   7.3945586e-04  -4.9321152e-03
   1.1510161e-02   4.0215524e-01  -1.5849025e-01  -1.4996523e-02   5.6370423e-04  -5.0435023e-03
   7.2323917e-03   3.7710427e-01  -1.5107197e-01  -1.4728532e-02   8.0477999e-04  -5.0496285e-03
  -7.4054876e-03   3.5635726e-01  -1.4995980e-01  -1.5231658e-02   7.5157183e-04  -5.1238730e-03
  -8.3383656e-03   3.4141298e-01  -1.3844344e-01  -1.4507304e-02   7.1442288e-04  -5.1675711e-03
  -1.4033223e-03   3.5499044e-01  -1.5080406e-01  -1.5054549e-02   7.6758816e-04  -5.4506107e-03
  -2.9402161e-03   4.2930320e-01  -1.5497416e-01  -1.5597117e-02   8.5590177e-04  -5.0999769e-03
  -5.8278557e-03   3.8171618e-01  -1.5093079e-01  -1.4779233e-02   4.4469545e-04  -4.8413947e-03
  -7.5255973e-03   3.6923445e-01  -1.6924383e-01  -1.5012991e-02   6.4942051e-04  -5.2249672e-03
  -4.4816991e-03   3.8524375e-01  -1.5582795e-01  -1.5493430e-02   4.7253412e-04  -5.0412498e-03
  -6.0334707e-03   3.9351617e-01  -1.6087194e-01  -1.5542329e-02   5.2396531e-04  -4.9416162e-03
  -1.8646415e-02   4.0023720e-01  -1.5794060e-01  -1.5727679e-02   1.0640257e-03  -5.0889085e-03
  -2.4989293e-03   4.5295265e-01  -1.7426505e-01  -1.6402701e-02   8.8156480e-04  -5.2321507e-03
   5.1177039e-03   4.0129944e-01  -1.4967113e-01  -1.6139020e-02   1.2441785e-03  -5.2592248e-03
   7.8573011e-03   3.3406675e-01  -1.3532202e-01  -1.6127968e-02   1.2749562e-03  -5.2204293e-03
   9.4600331e-03   3.8617678e-01  -1.5206113e-01  -1.6398391e-02   1.0665801e-03  -5.2405853e-03
   9.6922274e-03   3.9287932e-01  -1.4642776e-01  -1.6298799e-02   1.3108757e-03  -5.0613011e-03
   1.0364806e-02   4.2931176e-01  -1.6301213e-01  -1.6595527e-02   1.1004927e-03  -5.4085816e-03
   1.6054064e-02   4.0916376e-01  -1.5551404e-01  -1.6964770e-02   1.0823125e-03  -5.2316126e-03
   1.0944617e-02   4.1412450e-01  -1.6563233e-01  -1.6925703e-02   1.4557078e-03  -5.1335412e-03
   2.0526414e-02   4.1176572e-01  -1.9965191e-01  -1.7272670e-02   1.5832297e-03  -5.1874308e-03
   2.2203632e-02   4.1792279e-01  -1.5819251e-01  -1.7326898e-02   1.3704811e-03  -5.2592884e-03
   1.5782193e-02   4.4525715e-01  -1.5761846e-01  -1.7072116e-02   1.2638647e-03  -5.4305927e-03
   1.1754392e-02   4.7552650e-01  -1.7516019e-01  -1.6853715e-02   1.0266742e-03  -5.1076545e-03
   1.4535407e-02   4.7151564e-01  -1.8449229e-01  -1.6862163e-02   9.0603953e-04  -5.2760165e-03
   1.1750279e-02   4.2229226e-01  -1.6404605e-01  -1.6612106e-02   9.1266264e-04  -5.2396258e-03
   3.0440315e-03   4.2107386e-01  -1.7655198e-01  -1.6987096e-02   6.5646201e-04  -4.9023961e-03
   8.6612169e-03   4.5442535e-01  -1.7188421e-01  -1.6988002e-02   4.9034942e-04  -4.8622309e-03
   5.7486076e-03   4.1734484e-01  -1.5233976e-01  -1.6638604e-02   4.0041749e-04  -5.0918431e-03
  -3.9446015e-04   4.3942777e-01  -1.3048040e-01  -1.7655633e-02   6.4917238e-04  -4.8838805e-03
   3.4053217e-03   5.0698061e-01  -1.6898932e-01  -1.8489735e-02   5.6525008e-04  -4.7439863e-03
  -7.1195233e-03   4.6000311e-01  -1.5668171e-01  -1.8283168e-02   2.6817756e-04  -4.9310890e-03
  -8.0668132e-03   4.5193222e-01  -1.3903130e-01  -1.8828331e-02  -7.9852685e-06  -5.3270027e-03
  -1.2903478e-02   4.9476488e-01  -1.5139002e-01  -1.8710823e-02   1.7234089e-05  -5.2252971e-03
  -6.1971584e-03   4.7193684e-01  -1.4952895e-01  -1.8734971e-02   2.8661284e-04  -5.1968087e-03
   3.0246923e-03   5.0176619e-01  -1.3139537e-01  -1.9077872e-02   1.1451358e-04  -5.0576258e-03
  -6.3977262e-03   4.7215279e-01  -1.4084787e-01  -1.8937614e-02   1.3779576e-04  -5.4122669e-03
  -1.2969596e-02   4.9613502e-01  -1.4032925e-01  -1.9086036e-02   3.0705574e-04  -5.5750906e-03
  -2.3178186e-02   5.0837253e-01  -1.3585008e-01  -1.9425319e-02   4.7727598e-04  -5.5977967e-03
  -1.8440239e-02   4.9720834e-01  -1.3681062e-01  -1.9209449e-02   2.2615648e-05  -5.6965591e-03
  -2.4992836e-02   4.4565782e-01  -1.2676421e-01  -1.8744373e-02   1.4622555e-04  -5.5496411e-03
  -3.1020503e-02   4.8083067e-01  -1.4040071e-01  -1.9092970e-02   1.3593604e-04  -5.4405934e-03
  -2.6545900e-02   5.1701604e-01  -1.3892699e-01  -1.8960633e-02   1.7767074e-05  -5.3452510e-03
  -2.2504671e-02   5.0620623e-01  -1.3250805e-01  -1.8982734e-02  -1.0131683e-05  -5.4603207e-03
  -2.5675110e-02   5.4964097e-01  -1.4648369e-01  -1.9315768e-02  -9.2526617e-05  -5.4479626e-03
  -3.3678902e-02   4.7193287e-01  -1.3272605e-01  -1.9404853e-02  -1.2168363e-04  -5.4500526e-03
  -2.6991194e-02   5.0962205e-01  -1.2837441e-01  -1.9044244e-02  -1.8397793e-04  -5.5329952e-03
  -2.7998750e-02   5.1871539e-01  -1.2031644e-01  -1.9811428e-02  -4.8953932e-04  -5.6171028e-03
  -2.5283425e-02   4.9114406e-01  -1.0177473e-01  -1.9575242e-02  -7.7288765e-04  -5.7211839e-03
  -3.1325488e-02   5.4731236e-01  -1.1796030e-01  -1.9160802e-02  -4.8442784e-04  -5.6848697e-03
  -4.2899250e-02   5.8456460e-01  -1.1622318e-01  -1.9579869e-02  -4.8375458e-04  -5.7845798e-03
  -4.0234007e-02   5.3963164e-01  -9.6806130e-02  -1.9375212e-02  -7.1509642e-04  -5.8691306e-03
  -3.2881542e-02   5.5783447e-01  -1.0146062e-01  -2.0245804e-02  -1.1005207e-03  -5.9345403e-03
  -3.6639701e-02   5.4051879e-01  -1.1138883e-01  -2.0565608e-02  -8.6804977e-04  -5.9028657e-03
  -3.5386019e-02   5.3145141e-01  -1.3957832e-01  -2.1893533e-02  -1.1891958e-03  -6.4968869e-03
  -1.7821717e-02   6.0425428e-01  -1.4205406e-01  -2.1875559e-02  -1.7756323e-03  -6.9975166e-03
  -2.3748470e-02   6.6030951e-01  -1.5182232e-01  -2.1458866e-02  -1.5976384e-03  -6.8283485e-03
  -8.9149132e-03   6.3999547e-01  -1.0875966e-01  -2.1211000e-02  -2.0902627e-03  -7.3205002e-03
  -2.1127827e-02   6.4154150e-01  -9.2410045e-02  -2.1569350e-02  -1.7633136e-03  -6.9578376e-03
  -1.1888570e-02   6.7853831e-01  -1.3167357e-01  -2.2096234e-02  -2.2241760e-03  -7.0120416e-03
  -9.9543844e-03   6.2112012e-01  -1.1740506e-01  -2.1499952e-02  -2.0880447e-03  -6.8614416e-03
  -1.0155182e-02   6.8913620e-01  -1.4680061e-01  -2.2480717e-02  -1.9534886e-03  -6.8292716e-03
   1.0694352e-03   7.6916862e-01  -1.5675276e-01  -2.2531797e-02  -2.1723889e-03  -6.8850230e-03
  -5.9943632e-03   6.7462658e-01  -1.3052456e-01  -2.2120249e-02  -2.0522854e-03  -7.1372628e-03
  -1.2280717e-02   7.3060210e-01  -1.5403191e-01  -2.2992019e-02  -2.1193450e-03  -6.9900449e-03
  -5.1128079e-03   7.0954268e-01  -1.2681248e-01  -2.2451900e-02  -2.1523551e-03  -7.1073856e-03
  -8.4743028e-03   6.6794553e-01  -1.2622044e-01  -2.2877438e-02  -2.3317665e-03  -7.2425453e-03
  -1.3697088e-02   8.0307250e-01  -1.6996154e-01  -2.3130521e-02  -2.4970087e-03  -7.0040409e-03
  -2.2802681e-02   7.6932204e-01  -1.5620050e-01  -2.3269393e-02  -2.4649327e-03  -7.1745341e-03
  -2.0744731e-02   7.4862955e-01  -1.2979121e-01  -2.3891072e-02  -2.3131204e-03  -7.5387639e-03
