   0.0000000e+00   0.0000000e+00  -3.5527137e-15   0.0000000e+00   0.0000000e+00   0.0000000e+00
   8.3005341e-03   6.1755082e-02  -3.0978592e-02   6.0131525e-04  -4.5885761e-04   1.2699543e-04
   6.1429419e-03   3.5247984e-02   2.4430813e-04   1.0973920e-03  -3.7456350e-04   1.3205340e-04
   4.2280057e-03   7.8058608e-02  -1.8810162e-02   3.7713747e-04  -3.2918124e-04   2.5160367e-04
   9.1873605e-03   9.0586507e-02  -1.3260084e-02   7.2951804e-04  -3.3974259e-04   1.5907367e-04
  -7.3586031e-04   8.1126199e-02  -1.3440072e-02  -2.5994864e-04  -7.6973907e-05   3.0109023e-04
   1.3936657e-03   4.2819651e-02  -3.6418095e-02   5.0303423e-04   3.4721129e-05   4.2143516e-04
   1.7184554e-02   1.2262706e-02  -3.3168745e-02   4.2742589e-04  -4.6761853e-05   4.6126009e-04
   8.8891885e-03   6.5350812e-02  -3.8442570e-02   2.7974075e-04  -2.4018137e-04   3.1114133e-04
   6.6903096e-03   4.9347578e-02  -2.4609346e-02   5.4008441e-06  -8.3326571e-05   3.8351664e-04
  -1.3221893e-03   6.4100494e-02  -2.9865297e-02   4.3626922e-04   4.2332436e-05   2.6882142e-04
   7.7051067e-03   2.5312598e-02  -1.2982978e-02   4.7001951e-04   1.0261638e-05   2.6188123e-04
  -7.2378929e-03   1.1391642e-01  -8.2177280e-03  -1.3073963e-03   3.5704841e-04   3.6730971e-04
   3.6476534e-03   5.0441548e-02  -3.2086488e-02   3.1197470e-04   1.7709678e-04   3.9756490e-04
   3.3126956e-04   3.8635905e-02  -1.1342710e-02  -3.2203809e-05   1.2530988e-04   6.8848410e-04
  -7.5158753e-03   1.2218204e-01  -5.4582051e-02   8.7743313e-04  -5.2407157e-07   4.0605114e-04
   6.0991191e-04   4.9669320e-02  -9.6728961e-03   2.9024835e-04   5.7207384e-05   2.0071363e-04
   4.9053695e-03   7.3027413e-02  -6.9011498e-02   1.3112622e-03  -3.9846500e-04   3.4904740e-04
  -3.1978530e-03   5.9633541e-02   1.8247234e-02  -2.2072304e-04   3.6228315e-04   1.1385825e-04
  -2.0927947e-03   6.4801335e-02  -3.3502949e-02  -1.1919191e-04   6.6547098e-05   3.4520081e-04
  -7.1203782e-03   9.7519606e-02  -3.0873680e-03  -3.1756312e-04   5.3717944e-04   2.0176308e-04
  -9.4426610e-03   3.7863398e-02  -2.5981110e-02  -9.1547590e-05   7.3087578e-04   3.9853978e-04
  -4.3253705e-04   1.3209432e-01  -3.5737370e-02   1.2440452e-03  -5.7665977e-05   3.7132380e-04
   3.2365650e-03   4.0066838e-02  -2.9747204e-02  -2.4830516e-04   1.6344539e-04   4.6902166e-04
  -6.3811271e-03   6.8290880e-02  -3.3689645e-02   6.3107811e-04   2.1017494e-04   3.8017546e-04
  -1.5770912e-02   4.8684986e-02   2.7185094e-03  -1.4685500e-03   7.9985469e-04   5.6474381e-04
  -1.7276506e-02   7.6924979e-02   5.5568178e-03  -7.6868782e-04   8.4445953e-04   8.6283434e-04
  -5.6846982e-03   8.0745617e-03  -1.1367640e-02   3.0628408e-04   3.9049454e-04   5.7018453e-04
  -6.5490804e-03   7.7366831e-02  -5.3607804e-02   6.5370298e-04   2.6843866e-04   5.1280811e-04
  -6.4274384e-03   6.4148058e-03  -7.9108840e-03  -2.5041483e-04   5.1736296e-04   6.2801465e-04
  -1.0418312e-02   7.0356372e-02  -2.9801861e-02  -2.2707994e-04   5.8203199e-04   7.7544034e-04
   9.3969423e-04   4.8403708e-02  -2.9063181e-02   4.6721599e-04   4.0177616e-04   6.4471554e-04
  -1.7255942e-03   7.6333456e-02  -4.9017039e-02   8.6632168e-04   1.2487883e-04   4.3023188e-04
  -9.3815267e-03   4.7311220e-02  -1.8449250e-02  -9.3290594e-04   6.8305243e-04   4.6711154e-04
  -5.3615126e-03   7.9264890e-02  -7.3025160e-02   5.2076113e-04   4.2371489e-04   3.8216503e-04
   3.0352865e-02   7.6636663e-02  -5.9599551e-02   8.5897976e-04  -2.7517776e-04   5.7963397e-04
   1.2499504e-03   9.1822039e-02  -3.0938588e-02  -6.4229461e-05   3.8936278e-04   4.8416854e-04
   1.6381185e-02  -1.8099223e-02   1.5577016e-03   1.8185457e-03  -2.6001376e-04   2.1796653e-04
   1.8542510e-03   3.1875653e-03   1.9594892e-02  -1.1243986e-03   4.3962733e-04   4.8734333e-04
   8.7727113e-03   5.8024255e-03  -3.6823689e-03   1.4558909e-03  -3.1211983e-04   2.6177050e-04
   1.3841215e-02   2.1071377e-02  -3.2881184e-02   1.5283063e-03  -4.8509516e-04   4.4304314e-04
   9.9646359e-03  -2.5489779e-02   3.2716524e-04   1.1837261e-03  -1.3710210e-04   4.7412040e-04
  -1.3758577e-03   5.0663390e-02  -2.1394322e-02   1.6875893e-03  -2.3453404e-04   3.7480999e-04
  -4.5979448e-03   5.8558033e-02  -1.1660188e-02   1.2058406e-03   3.0506821e-06   3.5150872e-04
  -1.3210992e-03   5.5532722e-02  -2.7103977e-02   1.2105689e-03  -2.2782267e-05   4.7300826e-04
  -1.3352548e-02   2.6685837e-02   7.7940564e-03   3.6494308e-04   5.4090740e-04   6.3700987e-04
  -8.7460149e-03   5.5050063e-03  -6.1367872e-03   6.4602509e-04   5.7149342e-04   6.9122961e-04
  -1.0888028e-02   9.0764325e-02  -9.7213211e-03   7.0745416e-04   3.0725014e-04   8.4727495e-04
  -1.3399040e-02   8.5135614e-02  -3.1498859e-02   1.1751644e-03   4.4731444e-04   6.8582614e-04
  -1.6668370e-02   3.5488716e-02   1.4131827e-02  -1.3903650e-03   1.0779169e-03   6.4495775e-04
  -2.7068122e-02   4.2268512e-02  -1.8190305e-02   3.3506421e-04   1.1641960e-03   7.0901483e-04
  -2.0885824e-02   8.6858316e-02  -2.3805752e-02   7.7660347e-04   5.8864899e-04   7.1592309e-04
  -2.1326587e-02   5.6760810e-02  -2.7170128e-02   1.4626656e-03   7.3196310e-04   7.2074842e-04
  -1.3329081e-02   6.0724166e-02   6.8730699e-03   4.1703880e-04   5.8854437e-04   7.7038415e-04
  -3.6334211e-02   9.9178593e-02   1.8700061e-03  -7.3458819e-04   1.4812940e-03   7.9041822e-04
  -2.9551797e-02   7.5505028e-02   3.7713921e-02  -7.3810369e-04   1.5070928e-03   1.3509541e-03
  -3.4170246e-02   1.9332213e-02   1.8720601e-02  -1.0889603e-03   1.6945403e-03   7.5057525e-04
  -3.5793018e-02   5.0762207e-02   2.2603084e-02  -1.6580878e-03   1.5883067e-03   8.2654107e-04
  -2.0431575e-02   1.0092306e-01  -9.3994906e-03  -3.3713646e-04   7.8820865e-04   8.2818630e-04
  -1.0306096e-02   9.7333679e-02  -3.4591755e-02   5.4558655e-04   6.2780177e-04   9.1449627e-04
  -3.9643855e-02   6.6065831e-02  -3.5831764e-03  -5.9415538e-04   1.6086321e-03   7.5788380e-04
  -2.0298977e-02   1.6092921e-02   1.1439416e-02   4.0864905e-04   9.1847736e-04   7.2486365e-04
  -2.5529465e-02   6.5619823e-02  -1.0137287e-02   6.8382125e-04   8.5008766e-04   7.8774109e-04
  -2.5947944e-02   3.5555558e-02   1.7943444e-02   1.8847432e-04   1.2806838e-03   9.2420103e-04
  -3.1090324e-02   3.0346123e-02   4.1147601e-03  -5.3167464e-04   1.7074805e-03   7.3362320e-04
  -2.8479227e-02   8.5883426e-02  -2.7746014e-04   8.4693093e-04   1.0512777e-03   7.6567742e-04
  -1.3689624e-02  -8.9708102e-03  -9.3395007e-03   2.2419989e-04   7.4251682e-04   8.0739626e-04
  -3.3806719e-02   4.6923760e-02  -8.0159961e-03  -5.2370661e-04   1.5908610e-03   7.1711880e-04
  -2.5973436e-02   8.1443904e-02  -1.5550848e-02   1.8626613e-04   9.5285491e-04   9.1836451e-04
  -3.7687124e-02   6.9634907e-02  -3.9431367e-02   7.2050838e-04   1.5374406e-03   7.1286308e-04
  -4.0194628e-02   3.5954623e-02   1.5557317e-02   3.6964540e-04   1.3210991e-03   9.3587725e-04
  -4.6923291e-02   7.7370034e-02  -3.9504282e-03   3.7845620e-04   1.8050128e-03   9.2106440e-04
  -2.8492904e-02   7.0963338e-02   2.6647947e-02   4.6728703e-05   1.0355838e-03   9.2907181e-04
  -2.5640845e-02   6.0117610e-02  -2.7707217e-02   1.3780332e-03   6.4600861e-04   8.3888890e-04
  -2.8352558e-02   6.0297358e-02  -2.0969361e-03   9.3719150e-04   8.0142912e-04   1.0285916e-03
  -1.7292009e-02   6.9950325e-03  -3.2011956e-02   1.3026970e-03   8.3876502e-04   8.5648293e-04
  -1.7857831e-02   6.6025897e-02  -1.8176382e-03   1.3817062e-03   6.8285375e-04   9.5805761e-04
  -2.6972816e-02  -2.6231739e-03   7.3020799e-03   8.3843369e-04   1.1245849e-03   9.3980539e-04
  -2.9575290e-02   1.9201819e-04   4.3419768e-02  -1.5820867e-05   1.6157914e-03   1.1498727e-03
  -3.2115464e-02   1.5914190e-02   9.8837746e-03   5.5967069e-04   1.3745590e-03   1.2143665e-03
  -1.5760405e-02   1.3113646e-02   1.1324543e-02   6.5518110e-04   1.1645161e-03   1.0543704e-03
  -3.1803212e-02  -1.4011187e-03   2.7058947e-03   7.1833599e-04   1.1717317e-03   9.8734470e-04
  -3.3008924e-02   7.1052966e-02  -3.0997983e-02   1.1741381e-03   8.7314186e-04   9.0271118e-04
  -3.9116369e-02   4.2035194e-02   5.4818056e-02   7.5425385e-04   1.2181414e-03   4.7284934e-04
  -5.7390368e-02   8.1619072e-02  -2.9467606e-02   1.9721055e-03   1.3755152e-03   3.3511571e-04
  -4.2772352e-02   4.5847779e-02  -1.9133371e-02   1.2466751e-03   1.2024378e-03   7.0379516e-04
  -4.7643896e-02   6.4758098e-02   4.9318558e-03   1.0344887e-03   1.1270066e-03   8.6319093e-04
  -5.2222300e-02   3.1242724e-02   5.1932277e-02  -4.3655777e-04   1.6098226e-03   8.1401790e-04
  -4.1382108e-02   9.1749543e-02  -7.3153774e-03   1.2445475e-03   1.1755680e-03   8.3490215e-04
  -4.1524760e-02   5.2010087e-02   1.4291521e-03   1.5668673e-03   1.1705559e-03   8.0957799e-04
  -3.0608704e-02   3.7653755e-02  -7.7695157e-03   1.8235800e-03   9.5041512e-04   8.9690816e-04
  -3.3026789e-02   1.8796805e-02   3.1305013e-02   1.3522352e-03   1.1122864e-03   7.0484077e-04
  -1.1047779e-02   8.4654112e-02  -4.1557325e-02   1.7172524e-03   5.9893400e-04   9.4294088e-04
  -2.9628852e-02   4.8767372e-02   3.6732502e-02  -1.6140574e-04   1.4870490e-03   8.1414985e-04
  -7.0957297e-03   6.8187613e-02  -2.8545218e-02   9.7408948e-04   8.1821082e-04   8.3220962e-04
  -2.0208587e-03   2.5517993e-02   3.2973235e-03   1.6214966e-03   7.5472837e-04   1.0727522e-03
  -2.2089101e-02   4.9033600e-02  -2.4835919e-03   1.1178781e-03   1.0093398e-03   8.9968618e-04
  -3.1042079e-02   4.6454950e-02   2.4981158e-02  -1.8149270e-04   1.4620190e-03   7.4737959e-04
  -4.5657290e-02   5.7936736e-02   1.4393113e-02   5.4033507e-04   2.0061368e-03   5.8808769e-04
  -4.4212674e-02   4.2243906e-02   3.9748677e-02  -6.4659563e-04   1.7484189e-03   9.5390324e-04
  -4.1253079e-02   1.1577676e-01  -2.3272678e-02   9.3157437e-04   1.3099462e-03   9.9004846e-04
  -3.8794581e-02   9.5754614e-02  -4.2856692e-02   1.7120510e-03   1.0881703e-03   8.0453517e-04
  -4.9927316e-02   9.7311006e-02  -5.0944110e-02  -6.6243684e-05   1.9886551e-03   8.5890614e-04
  -5.4437518e-02   6.5602343e-02  -1.1888154e-02  -6.0941529e-04   2.1671651e-03   6.1953004e-04
  -3.6799836e-02   7.8271093e-02  -5.1169913e-02   8.8791911e-04   1.6602648e-03   5.6934735e-04
  -4.1851188e-02   3.2855924e-02   9.2559862e-04   5.4813755e-04   1.9387688e-03   8.8183553e-04
  -2.2125950e-02  -3.3101536e-03  -2.6713441e-04  -2.0535108e-04   1.4684233e-03   1.4985575e-03
  -4.0384881e-02   3.5790282e-02   8.7215009e-03  -2.6686030e-04   2.0217342e-03   1.0103001e-03
  -2.3013111e-02   5.6342415e-02  -2.2677242e-02  -6.2621819e-04   1.7304912e-03   1.2172543e-03
  -2.8983418e-02   8.0912145e-02  -3.1994606e-02   1.2319264e-03   1.2403914e-03   8.9979209e-04
  -3.2960176e-02   9.6935864e-02  -8.1595738e-02   1.6811347e-03   1.0991234e-03   7.9273894e-04
  -4.5590929e-02   7.6723927e-02  -1.0287052e-02  -3.8543261e-04   1.8611106e-03   7.6051800e-04
  -5.0016138e-02   4.3968510e-02  -5.2217677e-02   2.2556721e-03   1.3878078e-03   7.3693030e-04
  -3.7836388e-02   6.9243002e-02  -4.0384746e-02   2.5867305e-03   1.0464185e-03   9.0495107e-04
  -3.6581409e-02  -2.1201474e-02  -2.4905456e-02   1.5882989e-03   1.4321785e-03   9.4938689e-04
  -4.1455224e-02   8.5775638e-02  -3.3608158e-02   2.2189109e-03   1.2853795e-03   9.7329206e-04
  -3.5029509e-02   5.2308252e-03   5.4500979e-04   1.7222471e-03   1.3113089e-03   9.1417883e-04
  -4.3183359e-02   6.3627235e-02  -2.9979687e-02   1.7082252e-03   1.2619083e-03   9.6314265e-04
  -6.2575349e-02   6.1101065e-02   1.4495510e-02   3.3363052e-04   2.1978008e-03   1.0204789e-03
  -5.7924655e-02   3.5101358e-02  -4.9000367e-03   2.0398972e-03   1.9960790e-03   8.8541668e-04
  -6.6973095e-02   5.1303827e-02   2.8614598e-03   1.1026609e-03   2.3010753e-03   1.0970567e-03
  -7.1018109e-02   6.4972137e-02   1.9335827e-02   4.9945410e-04   2.3557153e-03   1.2451033e-03
  -4.8827908e-02   3.5270421e-02   2.7373081e-02   5.8279018e-05   2.1055462e-03   1.3798861e-03
  -5.6066026e-02   1.8052289e-02  -1.5104407e-02   2.0870743e-03   1.9589078e-03   9.6117552e-04
  -5.1647475e-02   3.1282541e-02  -2.1623519e-02   1.7887493e-03   1.6470254e-03   8.4424519e-04
  -7.1640547e-02   4.5265335e-02  -2.7328717e-03   1.0177480e-03   2.3119932e-03   1.0041822e-03
  -6.4434615e-02   7.1502695e-02  -2.6904932e-02   2.0022460e-03   1.8774249e-03   7.8859960e-04
  -6.9722330e-02   6.5243409e-02  -2.3739519e-02   1.3308375e-03   2.2992927e-03   9.5811912e-04
  -6.2585537e-02   6.1331093e-02  -2.5444979e-02   2.1523329e-03   1.9031304e-03   8.8674418e-04
  -7.1719605e-02   5.0342765e-02  -3.4456635e-02   2.5052020e-03   2.2362286e-03   8.6852365e-04
  -6.2613058e-02   2.2259962e-02  -5.2136214e-02   2.2208802e-03   1.9252171e-03   9.0324921e-04
  -6.3572364e-02  -5.4550439e-03  -3.1822019e-04   4.4726768e-04   2.5730903e-03   1.1629570e-03
  -7.1025041e-02   3.4609949e-02  -1.4357034e-02   1.8238900e-03   2.2065226e-03   1.0720699e-03
  -6.4480841e-02   4.8027569e-02  -1.1954783e-02   1.7117840e-03   1.8327434e-03   9.8643276e-04
  -6.7049902e-02   5.5298002e-02  -4.7972949e-02   1.4346812e-03   2.0143655e-03   9.4243661e-04
  -7.7813538e-02   4.9900208e-02  -2.1726389e-03   1.8393482e-03   2.2360030e-03   1.0382022e-03
  -7.9614397e-02   1.0156625e-02   2.1688520e-02   6.2779531e-04   2.4544922e-03   1.2891157e-03
  -5.1318416e-02   4.2568250e-02   9.2028509e-03   1.4562346e-03   1.8926863e-03   1.4231561e-03
  -6.1053445e-02   2.3350550e-02   1.0513174e-02   1.5399243e-03   1.9486729e-03   1.1534340e-03
  -7.0473513e-02   3.7613716e-02  -7.6301872e-03   1.8693691e-03   2.1082596e-03   9.1943213e-04
  -7.2003702e-02   6.0818971e-02  -3.5946623e-03   1.2107748e-03   2.2095834e-03   9.7841295e-04
  -7.2730006e-02   1.0977668e-01  -6.1898054e-02   2.5588324e-03   1.8426340e-03   8.8190046e-04
  -7.2585229e-02   6.4184581e-02  -1.8799495e-02   1.9773948e-03   2.0567911e-03   9.7879531e-04
  -6.4407778e-02   9.3294273e-02  -3.7434609e-02   2.6552653e-03   1.6713460e-03   8.4617495e-04
  -7.2297928e-02  -2.5928289e-02   3.8559018e-02   1.3825640e-03   2.5083710e-03   7.1724421e-04
  -6.0794732e-02   1.9804744e-02  -1.0437325e-02   2.6688384e-03   1.6197345e-03   5.9474287e-04
  -8.2391206e-02   4.3456291e-02   2.7893102e-02   2.7203632e-03   1.7933165e-03   6.3945709e-04
  -1.0615287e-01   3.9045117e-02   5.5869244e-02   1.4733602e-03   2.7681937e-03   7.9955191e-04
  -8.0747282e-02  -3.3268513e-04   5.2619427e-02   1.7052508e-03   2.5739533e-03   7.1637729e-04
  -7.4442471e-02   5.6052321e-02   1.8362986e-02   2.4397214e-04   2.8401152e-03   9.6983730e-04
  -8.9148503e-02   1.2851840e-01   1.9717683e-02   1.9075639e-03   2.1254520e-03   7.7785394e-04
  -9.8280919e-02   8.2798435e-02   1.3232379e-02   1.2014789e-03   2.5727942e-03   9.2317687e-04
  -1.1179031e-01   1.3166841e-01  -4.3679201e-03   2.2262073e-03   2.5650808e-03   1.2530224e-03
  -1.1399079e-01   5.2414182e-02   4.9553593e-02   9.9628869e-04   3.0490961e-03   1.0704826e-03
  -1.1026182e-01   7.7293716e-02   3.6970200e-02   6.2276639e-04   3.0063684e-03   1.3452021e-03
  -8.5043829e-02   5.3994836e-02   7.8824388e-03   8.9009294e-04   2.6903048e-03   1.8644382e-03
  -9.5153753e-02   4.2801956e-02   3.4789064e-02  -9.0684335e-04   2.7699131e-03   2.1563945e-03
  -1.0039208e-01   9.8993335e-02  -1.6691076e-03   3.0570030e-03   2.4107272e-03   9.1383929e-04
  -1.0739689e-01   9.9723203e-02   4.2124738e-03   1.8983543e-03   2.5656156e-03   8.6947931e-04
  -9.7889980e-02   6.1083300e-02   4.3191242e-02   2.0094145e-03   2.5219211e-03   7.5490877e-04
  -9.6380579e-02   1.0423132e-01  -3.2684937e-02   2.3758031e-03   2.2800451e-03   5.9039230e-04
  -9.9572878e-02   9.1327866e-02   1.3394146e-02   2.8705641e-03   2.2138892e-03   7.9904021e-04
  -9.0020893e-02   4.9123150e-02  -6.6637121e-03   2.1128316e-03   2.4633596e-03   7.9674453e-04
  -8.9165911e-02   6.3027523e-02   2.9020155e-02   2.1928319e-03   2.5501573e-03   9.5621401e-04
  -1.0304185e-01   5.4267725e-02   3.3886026e-02   1.7684951e-03   2.9633566e-03   1.0455760e-03
  -1.0139307e-01   1.0111072e-01   2.9065819e-02   2.3084661e-03   2.5604394e-03   8.9323726e-04
  -9.6362277e-02   1.5293655e-02   2.5352029e-02   2.1315118e-03   2.7587062e-03   8.8789995e-04
  -9.6781868e-02  -8.2092850e-03   5.4054181e-02   1.9546793e-03   2.9812597e-03   9.5656344e-04
  -8.7858088e-02   5.9714511e-02   1.8781555e-02   1.7884957e-03   2.6039481e-03   1.0951700e-03
  -9.3214325e-02   5.2692547e-02   4.6896099e-02   1.7396424e-03   2.6254173e-03   1.1524856e-03
  -7.7127432e-02   7.2747910e-02   3.1652439e-02   1.8881093e-04   2.8024837e-03   1.6159916e-03
  -6.3365736e-02   5.8351486e-02   3.0597655e-02   2.0527542e-03   2.2156610e-03   1.2776044e-03
  -9.7190581e-02  -9.0385972e-03   2.0420846e-02   1.9596815e-03   2.7409303e-03   7.3226590e-04
  -5.7740600e-02   7.5836576e-02  -9.6451487e-03   2.0453354e-04   2.9463424e-03   1.4926958e-03
  -6.3081653e-02   4.4053023e-02  -8.3563379e-03   2.1122892e-03   2.5480369e-03   1.4545536e-03
  -7.9115420e-02   1.2890755e-01  -3.1344080e-02   2.7249901e-03   2.2951097e-03   1.1152917e-03
  -8.8778682e-02   3.4795160e-02   1.6099355e-02   1.8610974e-03   2.7169640e-03   9.4864987e-04
  -6.0554382e-02   1.0532611e-01  -4.7736907e-02   1.7510563e-03   2.5674812e-03   1.1015538e-03
  -8.1078330e-02   4.4620034e-02   6.7066453e-02   9.8542000e-04   3.0493321e-03   1.3083879e-03
  -5.5247990e-02   3.7449046e-02   9.9623553e-03   1.4641138e-03   2.5149937e-03   2.0266355e-03
  -4.3773060e-02   3.2381067e-02   4.2231441e-02  -3.5375597e-04   2.7965836e-03   1.9989901e-03
  -8.2502055e-02   3.7351788e-02   1.1553585e-02   2.4386184e-03   2.7018913e-03   1.3329882e-03
  -9.2893452e-02   8.5078262e-02   5.3057397e-02   1.1291022e-03   2.9993077e-03   1.3530385e-03
  -8.6181921e-02   8.4261143e-02   2.7052459e-02   1.6855975e-03   2.6532468e-03   1.1655462e-03
  -5.9904842e-02   1.2151526e-01  -1.4443410e-02   2.2633542e-03   2.0090426e-03   1.3407689e-03
  -8.5614826e-02   6.9465570e-02   3.2628429e-02   2.3390358e-03   2.4017875e-03   1.2573478e-03
  -6.6183582e-02   1.1004213e-02   1.8729175e-02   2.6281818e-03   2.3502048e-03   1.3458085e-03
  -8.2598132e-02   1.1887816e-02   4.8208816e-02   8.6980837e-04   2.6897317e-03   1.3402589e-03
  -8.1772594e-02   4.7424250e-02   3.9579263e-02   1.8685537e-03   2.6142789e-03   1.3665478e-03
  -8.5257286e-02   5.7203214e-02   2.7994924e-02   1.3115911e-03   2.8036220e-03   1.4154486e-03
  -7.5928782e-02   7.1250243e-02   3.1483115e-02   2.7977870e-03   2.5733638e-03   1.4807575e-03
  -6.5003213e-02  -1.5366249e-02   9.4907603e-02   4.8541582e-04   2.8128033e-03   2.0601509e-03
  -9.4925377e-02   8.5243146e-02   2.2906526e-02   2.9525835e-03   2.7357028e-03   1.4202244e-03
  -8.8762393e-02   5.9345567e-02   4.4642592e-02   1.7871273e-03   2.5862232e-03   1.2732937e-03
  -8.3010032e-02   9.5223836e-02  -2.9196329e-02   2.2964903e-03   2.4903481e-03   1.3265010e-03
  -9.2321652e-02   9.1406672e-02   1.4166130e-02   2.1548644e-03   2.6098304e-03   1.4406443e-03
  -9.8488534e-02   7.2158526e-02   1.8127383e-02   2.1640308e-03   2.9415814e-03   1.3842933e-03
  -9.0346208e-02   4.4775466e-02   7.4845012e-02   1.9013912e-03   2.9142599e-03   1.6404972e-03
  -8.9763401e-02   6.5871225e-02   4.4445934e-02   1.6503323e-03   3.2077529e-03   1.5386064e-03
  -9.1919185e-02   1.7785797e-02   6.3264558e-02   1.0693488e-03   3.7513189e-03   1.0406594e-03
  -7.6357905e-02   4.6562075e-02   8.3739617e-02   8.7488287e-04   3.0741265e-03   1.5880918e-03
  -8.8642699e-02   8.9228208e-02   5.1067239e-02   5.5369220e-04   3.1819513e-03   1.7894154e-03
  -7.4632759e-02   6.0468975e-02   3.8328210e-02   3.0303961e-04   2.9840274e-03   1.7888881e-03
  -7.9074438e-02   7.3441071e-02   5.0047568e-02   6.5578977e-05   3.0227410e-03   1.5287150e-03
  -8.6315841e-02   7.3069295e-02   2.2688217e-02   4.7517249e-04   3.5964657e-03   8.6325790e-04
  -8.0073681e-02   9.4388260e-02   6.7761676e-02  -1.4813620e-04   3.3525860e-03   8.6380738e-04
  -7.3474665e-02   1.5535629e-02   4.8120781e-02  -2.7621691e-05   3.2305228e-03   1.6611257e-03
  -6.1380081e-02   1.2072893e-01  -2.1340415e-02   1.3850625e-03   2.3087623e-03   1.4363925e-03
  -1.0401670e-01   8.7773999e-02   5.2856346e-02   2.6955347e-03   2.9703637e-03   1.0472007e-03
