   0.0000000e+00   0.0000000e+00   0.0000000e+00   0.0000000e+00   0.0000000e+00   0.0000000e+00
  -4.6454129e-03  -1.9081490e-02  -3.8389466e-03  -8.9134998e-05   1.4560015e-04  -9.5374994e-05
  -4.8669077e-03  -1.5950512e-02   3.5101086e-03  -5.0963364e-06   8.5635324e-05  -2.3923649e-04
  -7.3164076e-03   5.4107034e-03   1.3272873e-02  -1.0493161e-04  -7.5213893e-05  -2.3072338e-04
  -1.3214179e-02   2.2646845e-02  -1.9979164e-03  -9.4078732e-04   2.2259122e-05  -8.5893741e-05
  -1.8539926e-02   3.3048339e-04  -1.9784931e-02  -7.2512551e-04  -2.2956128e-04  -1.0359311e-04
  -1.9478597e-02  -1.9086481e-02  -4.0864985e-03  -9.9607783e-04  -8.9125694e-05   9.2486165e-05
  -1.6962794e-02   4.1541123e-02  -2.3803501e-02  -1.1954795e-03  -1.2511113e-04   1.1931206e-04
  -1.8582289e-02  -1.4619369e-02  -3.0734201e-02  -1.1120696e-03  -6.2469091e-05   1.3664079e-04
  -1.7159770e-02  -5.5402996e-02  -3.4214401e-02  -1.2168738e-03  -1.9361678e-05   6.7153182e-05
  -1.7608801e-02  -4.2041685e-02  -1.8079573e-02  -9.2198220e-04  -2.8470617e-04  -6.1335855e-05
  -1.8675473e-02  -1.4233069e-02  -5.8845770e-03  -1.0048994e-03  -8.7910641e-05   1.0724905e-04
  -1.2704165e-02   8.0331822e-03  -9.2668926e-03  -1.8774983e-03  -1.4773574e-04   4.5435840e-04
  -8.9600783e-03   3.0552043e-03   8.7564937e-03  -1.2323776e-03  -1.3963086e-04   2.8740001e-04
  -1.1282411e-02  -4.0063630e-02   1.3530482e-02  -1.2991257e-03  -1.2722176e-04   3.7371985e-04
  -8.8588966e-03  -2.0321007e-02   9.2978269e-03  -1.8485750e-03  -2.0954464e-04   4.1408361e-04
  -8.3504835e-03  -1.6943820e-02   1.2222789e-02  -1.9332594e-03  -1.7625596e-04   4.0971574e-04
  -6.7456371e-03  -4.7769128e-03  -1.0630159e-02  -1.5982235e-03  -1.8027063e-04   2.5975129e-04
  -1.4152868e-02  -1.1548310e-02  -2.1433584e-02  -1.6540387e-03  -1.1227720e-04   1.2326519e-04
  -1.5125030e-02  -1.2210220e-02  -3.6806420e-02  -2.2809137e-03  -2.8720065e-04   3.4903503e-04
  -1.3048361e-02  -2.7161346e-02  -2.5567354e-02  -2.3806051e-03  -3.4530390e-04   3.0115462e-04
  -1.7210036e-02  -9.7290447e-03  -2.1116357e-02  -2.3828661e-03  -3.4922445e-04   4.0001006e-04
  -2.2571741e-02  -3.9196259e-04  -1.3101226e-02  -2.6729878e-03  -5.1760518e-04   3.6657798e-04
  -2.6852350e-02   1.8681473e-03  -2.7098192e-02  -2.4193635e-03  -2.9313714e-04   3.3387134e-04
  -2.9889303e-02  -7.0987221e-02  -2.9523689e-02  -2.3416121e-03  -2.3997459e-04   5.0457664e-04
  -2.3931195e-02  -8.7939285e-02  -2.2888955e-02  -2.4871298e-03  -5.5538336e-04   4.1293523e-04
  -2.8524279e-02  -8.2719647e-03  -3.2081170e-02  -3.0641879e-03  -3.9487890e-04   3.7478086e-04
  -2.9988881e-02  -1.8782249e-02  -4.8740361e-02  -2.9458429e-03  -4.7424445e-04   2.6278230e-04
  -2.8569015e-02  -3.3516086e-02  -5.4048725e-02  -2.7629037e-03  -3.4274051e-04   3.5495045e-04
  -2.5173146e-02   3.6009646e-03  -5.6874518e-02  -3.1160629e-03  -6.0978684e-04   3.0070869e-04
  -2.1680329e-02   2.3756380e-03  -4.8750589e-02  -3.1294606e-03  -3.8888943e-04   4.4010679e-04
  -2.1757599e-02  -4.2206050e-02  -4.3425226e-02  -2.8050206e-03  -2.3479693e-04   3.2558565e-04
  -2.3777485e-02  -1.8868957e-02  -3.4284385e-02  -2.8878404e-03  -4.1547576e-04   3.1035410e-04
  -2.7112227e-02  -8.1896288e-03  -4.1853290e-02  -2.7955821e-03  -3.1657254e-04   3.0480820e-04
  -2.9131637e-02  -3.4665662e-03  -3.5008990e-02  -2.9928566e-03  -1.4222958e-04   3.5612355e-04
  -3.1267375e-02   1.7175827e-03  -5.1494376e-02  -2.5831324e-03  -4.6912026e-04   1.3855324e-04
  -2.6718820e-02  -1.6925307e-04  -5.6281079e-02  -3.9436268e-03  -4.5042785e-04   4.2498642e-04
  -4.1709166e-02  -3.1627479e-02  -7.2575044e-02  -2.8804671e-03  -5.9482753e-04  -1.2436577e-05
  -3.9510907e-02   6.1428855e-03  -8.6822660e-02  -3.4308583e-03  -5.1933111e-04   1.3836435e-04
  -2.7274135e-02  -4.5430273e-02  -6.8886581e-02  -4.1282317e-03  -5.7064980e-04   5.7187859e-04
  -3.0467468e-02  -4.1873022e-02  -6.0766606e-02  -3.5784679e-03  -7.4601364e-04   2.5405340e-04
  -2.9116806e-02   1.5337938e-02  -4.7470600e-02  -4.1753974e-03  -5.6612682e-04   5.5183575e-04
  -2.9785294e-02  -2.0403786e-02  -6.5399032e-02  -4.6521887e-03  -6.2720624e-04   3.9114855e-04
  -2.9586279e-02  -3.8200689e-03  -6.7714808e-02  -4.5248644e-03  -3.9452642e-04   3.4167052e-04
  -2.9550585e-02   1.9788726e-02  -8.2639297e-02  -3.8256869e-03  -5.0226627e-04   3.0863870e-04
  -3.1867875e-02   6.2026840e-03  -8.6552495e-02  -4.6054388e-03  -5.1731630e-04   4.2116378e-04
  -3.3758683e-02   2.0246347e-02  -8.1650751e-02  -3.8647966e-03  -4.9746374e-04   2.7882997e-04
  -3.3623133e-02  -4.5270344e-02  -7.0160194e-02  -4.2300723e-03  -4.7124343e-04   4.2819339e-04
  -3.3007120e-02   3.4644775e-03  -7.8589770e-02  -4.8552979e-03  -6.6427775e-04   4.1219965e-04
  -3.3565378e-02  -2.3819672e-02  -9.3148417e-02  -4.9782505e-03  -4.7309021e-04   5.1671314e-04
  -3.1925530e-02  -2.9395377e-02  -9.6770661e-02  -4.6144542e-03  -6.4348137e-04   2.5365121e-04
  -2.4603461e-02  -9.4097929e-03  -9.0637227e-02  -5.5113714e-03  -7.5680668e-04   4.5006771e-04
  -3.0088178e-02  -1.5225107e-02  -1.1332915e-01  -3.7556533e-03  -5.5636814e-04   2.5561876e-04
  -2.9165734e-02  -6.8004299e-02  -1.3664493e-01  -3.1590363e-03  -3.6260596e-04   1.9812367e-04
  -3.3514379e-02  -5.6670849e-02  -1.0938675e-01  -4.3257204e-03  -4.6702499e-04   3.1623242e-04
  -3.5222390e-02  -4.2110035e-02  -1.1335644e-01  -3.6818468e-03  -5.2947229e-04   1.4303355e-04
  -2.6107678e-02  -2.8524653e-02  -1.2007939e-01  -4.8011435e-03  -6.0372914e-04   3.4607741e-04
  -2.8980702e-02  -1.8323203e-02  -9.4589204e-02  -4.7201559e-03  -5.8969613e-04   3.1431780e-04
  -3.2022334e-02  -7.3855498e-02  -7.6730768e-02  -4.5755081e-03  -4.3917644e-04   3.0913871e-04
  -4.2597534e-02  -2.6162618e-02  -1.0819147e-01  -4.1538884e-03  -4.2479864e-04   1.7163634e-04
  -4.0410802e-02  -3.4815975e-02  -1.0698920e-01  -4.8002086e-03  -5.8057422e-04   1.8333322e-04
  -3.7504666e-02   1.2200912e-02  -1.1654234e-01  -4.0409794e-03  -1.9834448e-04   1.6706944e-04
  -3.8989465e-02  -2.1817351e-02  -9.3860724e-02  -4.6539700e-03  -3.7320034e-04   1.4241106e-04
  -3.5947715e-02   4.6575989e-02  -1.1597505e-01  -4.5901559e-03  -2.6895470e-04   1.4686757e-04
  -3.3221295e-02  -1.4170212e-02  -1.0636956e-01  -4.4554991e-03  -3.8729905e-04   1.1908923e-04
  -3.5015081e-02  -2.6112622e-02  -9.6643064e-02  -4.9943348e-03  -4.1029220e-04   2.3377731e-04
  -3.6280739e-02  -7.8100046e-03  -1.1209692e-01  -5.3632970e-03  -4.8998453e-04   2.5589722e-04
  -3.9827828e-02   1.8783242e-03  -1.3613836e-01  -4.8256187e-03  -3.2613847e-04   1.5665317e-04
  -3.5878989e-02   1.0806246e-02  -9.7392538e-02  -4.9157616e-03  -6.4055292e-04   1.5522276e-04
  -3.9891126e-02   3.2166067e-02  -1.2300837e-01  -4.9961116e-03  -2.0968709e-04   2.3645718e-04
  -1.5931629e-02  -3.0237149e-02  -1.1311190e-01  -6.0740957e-03  -1.2050101e-03   2.4860726e-04
  -1.0996815e-02  -1.6948235e-01  -1.2251321e-02  -6.1221463e-03  -1.7320382e-03   2.3010720e-04
  -1.4903734e-02   7.6533511e-03  -3.2221301e-02  -5.3983943e-03  -8.4242637e-04   2.3474747e-04
  -2.2929829e-02   1.2111125e-01   1.2120449e-02  -4.7114508e-03  -3.3909310e-04   2.8504553e-04
  -2.1919576e-02  -3.8336069e-02   3.7931440e-02  -4.8184498e-03  -3.1051399e-04   6.6350492e-04
  -3.1982502e-02  -5.9189739e-02  -1.5346487e-02  -4.6508797e-03  -1.9408760e-04   3.0675227e-04
  -5.1038138e-02  -2.8075270e-02  -2.5823365e-03  -5.0323790e-03   3.3236576e-04   5.3813963e-04
  -4.4792855e-02  -6.6170792e-02  -3.5289492e-03  -5.6284698e-03   9.5308978e-06   4.1975164e-04
  -4.0964475e-02  -2.3345282e-02  -1.9028676e-02  -5.3652780e-03  -1.2845160e-04   4.2229378e-04
  -3.9765149e-02  -8.0340658e-02   6.6739730e-03  -6.2028500e-03  -1.7537818e-04   6.2253556e-04
  -3.9268081e-02  -3.4238420e-02  -3.5933731e-03  -6.5552756e-03  -1.9556988e-04   5.5403921e-04
  -4.2669321e-02   6.4603408e-03  -4.3421210e-03  -6.6101456e-03   5.4316361e-05   5.6757963e-04
  -4.0347852e-02  -3.5319119e-02  -1.8297586e-02  -6.1217238e-03  -7.2855375e-05   5.2283405e-04
  -3.7845422e-02  -1.8937728e-02  -3.8602211e-02  -7.0286329e-03  -1.8103355e-04   5.6013835e-04
  -5.3550843e-02   1.9818801e-02  -4.1051971e-02  -6.6488457e-03   5.6193791e-05  -1.5289194e-04
  -3.7687956e-02  -9.5664599e-04  -4.3787667e-02  -6.5271126e-03  -1.0363983e-04   3.1665193e-04
  -3.0697862e-02  -1.5651692e-02  -5.3700008e-02  -7.0437002e-03  -1.1470919e-04   6.6014871e-04
  -3.3205961e-02   3.4455117e-03  -4.4633796e-02  -6.8521357e-03  -3.8735973e-06   5.0240401e-04
  -2.9420504e-02   4.4505149e-02  -6.7818701e-02  -7.6584785e-03  -3.5214066e-04   5.2989966e-04
  -3.3907970e-02   5.2430735e-02  -5.4410655e-02  -7.3601154e-03  -6.7984984e-05   4.8198235e-04
  -3.7178141e-02   4.2132305e-02  -6.9721175e-02  -6.9699039e-03  -1.6769806e-04   4.9611978e-04
  -4.3561942e-02   2.2903540e-02  -7.1850150e-02  -7.5204722e-03  -1.7012239e-04   5.6410214e-04
  -4.2911116e-02   1.4918314e-02  -7.6913149e-02  -6.9772205e-03  -1.6917619e-04   5.2188763e-04
  -4.1791845e-02   7.2780980e-02  -9.6676752e-02  -7.7367374e-03  -1.7630277e-04   5.7371606e-04
  -4.0760397e-02   4.6105175e-02  -1.0743155e-01  -7.2429592e-03  -3.5686977e-04   4.5192339e-04
  -4.2396981e-02   6.1691175e-03  -1.0094215e-01  -7.4229716e-03  -2.0568412e-04   4.1558514e-04
  -4.0590277e-02   2.3176760e-02  -1.2184517e-01  -7.4467736e-03  -2.9946149e-04   4.1302094e-04
  -3.5004544e-02  -2.5651542e-02  -9.8674174e-02  -7.6186224e-03  -2.1117176e-04   5.4651218e-04
  -3.1218487e-02   1.0591397e-02  -8.0965840e-02  -7.2905720e-03  -2.3409937e-04   5.1109898e-04
  -3.2930706e-02  -4.2128674e-03  -8.1195334e-02  -7.9914818e-03  -3.0243159e-04   6.1063614e-04
  -3.7417920e-02   1.9446923e-02  -9.1792454e-02  -7.3732318e-03  -4.6163591e-04   4.7905867e-04
  -4.5328054e-02   9.1545770e-03  -4.5623605e-02  -7.7572231e-03  -1.7379599e-04   6.3606507e-04
  -3.7984714e-02   4.6916057e-02  -1.0701095e-01  -6.3340182e-03  -4.6437548e-04   4.8862083e-04
  -3.0473843e-02   6.1014190e-02  -1.3548865e-01  -5.6228353e-03  -4.6170355e-04   5.0910989e-04
  -2.9844155e-02   2.6924891e-02  -1.1161994e-01  -6.9224280e-03  -4.8203068e-04   5.4418340e-04
  -2.9527905e-02   5.5366509e-02  -1.0069425e-01  -6.5622736e-03  -6.5138246e-04   4.2096121e-04
  -3.5090733e-02   9.3460588e-03  -8.6819689e-02  -7.3378412e-03  -5.2754024e-04   5.9434518e-04
  -3.5844927e-02   3.8070540e-02  -1.0325781e-01  -7.3139644e-03  -7.4792602e-04   5.5298373e-04
  -3.7637202e-02   1.3966885e-02  -8.4330820e-02  -7.7432925e-03  -7.6473144e-04   5.0388746e-04
  -3.9177936e-02   4.4789014e-02  -9.5283681e-02  -7.4763098e-03  -5.7113340e-04   5.9132041e-04
  -3.9917918e-02   2.1875048e-02  -1.0752819e-01  -7.5207484e-03  -6.7176491e-04   5.7306293e-04
  -4.0053140e-02   5.2082992e-02  -1.2402553e-01  -7.8415785e-03  -5.9872447e-04   5.9920827e-04
  -3.9630920e-02   8.9139430e-03  -1.1950550e-01  -7.4412502e-03  -5.5490713e-04   6.7162762e-04
  -4.0379230e-02   8.8341478e-03  -9.4058623e-02  -7.8231264e-03  -8.3144883e-04   4.7704298e-04
  -5.0330833e-02   7.3077426e-02  -9.7505286e-02  -7.5995095e-03  -4.7244286e-04   4.6258666e-04
  -4.9745181e-02   1.4397388e-02  -8.8105431e-02  -7.5584350e-03  -5.6274614e-04   5.5667461e-04
  -4.6427949e-02   2.5825725e-02  -7.2171000e-02  -7.5575179e-03  -6.4348219e-04   6.1934124e-04
  -4.3516824e-02   5.6480980e-03  -8.9040936e-02  -8.1606051e-03  -5.8258543e-04   7.0571874e-04
  -4.0151317e-02   3.3632753e-02  -1.0806119e-01  -7.8253829e-03  -6.3906074e-04   7.0772682e-04
  -4.3151820e-02   6.5839406e-02  -9.9377669e-02  -7.7671905e-03  -7.1043509e-04   6.0934180e-04
  -4.7032683e-02   1.0444209e-01  -1.1949126e-01  -8.0612181e-03  -3.9321700e-04   5.9711180e-04
  -4.2887411e-02   7.1894660e-03  -1.1823395e-01  -7.5524058e-03  -5.7521770e-04   6.7123622e-04
  -4.2664446e-02  -3.8678363e-02  -1.0811137e-01  -7.6894139e-03  -5.2076650e-04   7.2674559e-04
  -4.1679858e-02   6.1255230e-02  -1.1580435e-01  -8.0158059e-03  -5.4848806e-04   7.1402801e-04
  -4.5219245e-02   8.7111476e-04  -1.0454436e-01  -7.5238350e-03  -5.8720272e-04   7.6676351e-04
  -4.4018988e-02   2.3926702e-03  -8.8870202e-02  -7.7888129e-03  -7.7947945e-04   6.4943185e-04
  -5.4119222e-02   3.7901636e-02  -1.0275116e-01  -8.0071410e-03  -4.6391060e-04   7.3102217e-04
  -5.5993419e-02  -1.6314202e-02  -1.2062987e-01  -7.7217209e-03  -4.8614136e-04   6.8617874e-04
  -5.3011675e-02   1.5203750e-02  -9.7745277e-02  -7.6794867e-03  -6.2707533e-04   6.3088148e-04
  -4.1591619e-02   4.9074038e-02  -1.0286168e-01  -7.9543937e-03  -7.7382395e-04   6.5264874e-04
  -4.4954200e-02  -3.7452983e-03  -9.3119215e-02  -7.7066623e-03  -5.4670149e-04   7.1443267e-04
  -4.3448248e-02   1.3138416e-02  -1.1677060e-01  -7.5702919e-03  -6.6784749e-04   5.1164602e-04
  -4.6891468e-02   2.1538963e-02  -1.2024279e-01  -8.5007199e-03  -7.2443698e-04   7.0533510e-04
  -4.6489095e-02  -7.3915978e-03  -1.3370644e-01  -7.6645528e-03  -6.4352885e-04   6.6522527e-04
  -4.4737906e-02   1.5222853e-02  -1.2722937e-01  -7.7138997e-03  -5.9867616e-04   6.5638819e-04
  -4.3644912e-02   5.3074973e-02  -1.1704568e-01  -7.9144573e-03  -6.4260880e-04   7.4912526e-04
  -5.2306198e-02   2.6217810e-02  -1.2046395e-01  -7.6339948e-03  -6.0235125e-04   7.3250746e-04
  -5.5227970e-02   2.9890464e-02  -1.1752670e-01  -7.6503586e-03  -6.8843726e-04   6.5406787e-04
  -5.1006718e-02   8.4185438e-02  -1.1214235e-01  -8.5384421e-03  -5.0378056e-04   7.5562840e-04
  -4.1508835e-02   8.4817053e-02  -1.4507975e-01  -7.3386631e-03  -7.7140555e-04   4.7825152e-04
  -4.6233168e-02   5.7972996e-02  -1.6971146e-01  -7.6239300e-03  -4.4015299e-04   5.6245589e-04
  -4.8761273e-02   4.2943383e-02  -1.3469736e-01  -8.0855768e-03  -7.2208038e-04   5.7959041e-04
  -5.5237653e-02   1.4000995e-02  -1.4053169e-01  -6.9963868e-03  -5.3378731e-04   4.9904075e-04
  -5.2668864e-02   3.1739928e-02  -1.2858479e-01  -8.1430676e-03  -6.1781266e-04   7.4534812e-04
  -5.8123955e-02   9.0226381e-03  -1.1961213e-01  -7.6020591e-03  -4.7935565e-04   7.1032852e-04
  -5.9833903e-02   2.7431696e-02  -1.1541888e-01  -8.1558120e-03  -3.5083127e-04   8.0897450e-04
  -5.7714665e-02   7.5532436e-02  -1.2546987e-01  -8.1160451e-03  -3.2611381e-04   7.1015017e-04
  -4.9622323e-02   1.6209666e-02  -1.4433238e-01  -8.5883624e-03  -5.5128932e-04   1.0031866e-03
  -5.6261327e-02   1.2531347e-02  -1.4953078e-01  -7.8931135e-03  -5.4617364e-04   7.8685142e-04
  -4.9305628e-02   7.5858067e-02  -1.4448443e-01  -8.5353291e-03  -6.0062295e-04   8.8775587e-04
  -5.2427445e-02   3.2423423e-02  -1.4215595e-01  -8.4142549e-03  -5.7782280e-04   8.6567984e-04
  -5.2596968e-02   3.6618988e-02  -1.3879159e-01  -8.2283512e-03  -5.9299165e-04   8.3920399e-04
  -5.7874308e-02   3.0305676e-02  -1.4917614e-01  -8.3017288e-03  -3.8237722e-04   7.7779642e-04
  -5.8685583e-02  -4.0372445e-03  -1.4693076e-01  -7.8645487e-03  -4.4301416e-04   8.0508571e-04
  -5.5049941e-02   6.6269640e-02  -1.3452127e-01  -8.3568255e-03  -5.2320948e-04   8.0151763e-04
  -5.6575643e-02   4.0245294e-02  -1.3744292e-01  -8.6831512e-03  -3.1903014e-04   8.8301476e-04
  -5.9962303e-02   4.2696633e-02  -1.5260048e-01  -7.8615777e-03  -3.6177700e-04   7.1310902e-04
  -6.0468828e-02   2.4089995e-02  -1.5872968e-01  -7.9918880e-03  -4.9608985e-04   8.7668311e-04
  -5.6277472e-02   4.6390788e-02  -1.6153913e-01  -8.1189340e-03  -5.2181962e-04   8.7591659e-04
  -6.6157202e-02  -4.2972156e-03  -1.5896691e-01  -7.6731054e-03  -3.7373741e-04   8.7146497e-04
  -7.1127372e-02   2.8618362e-02  -1.5223764e-01  -8.0321329e-03  -5.6683816e-04   8.7782960e-04
  -5.5937005e-02   4.8761484e-02  -1.5162553e-01  -8.3710479e-03  -6.8606244e-04   8.9015347e-04
  -6.1506331e-02  -8.0910314e-03  -1.6362303e-01  -8.1895148e-03  -6.3968119e-04   7.3618667e-04
  -6.1207438e-02   2.0941555e-02  -1.6619659e-01  -7.9821322e-03  -6.3996868e-04   6.7882055e-04
  -7.4474369e-02   4.7872538e-02  -1.6282253e-01  -8.4041756e-03  -5.4552113e-04   7.7712648e-04
  -7.0019864e-02  -3.0493455e-02  -1.3552584e-01  -8.2463409e-03  -4.4930422e-04   8.8831252e-04
  -6.3855190e-02  -2.2174114e-02  -1.4939667e-01  -8.3527106e-03  -4.7287459e-04   9.1226183e-04
  -5.3553219e-02   1.4419989e-02  -1.4076593e-01  -8.9892236e-03  -7.7742051e-04   1.2827615e-03
  -4.4315539e-02   2.4347747e-02  -1.8983314e-01  -7.2721694e-03  -9.5052085e-04   1.3173855e-03
  -4.6021589e-02   5.3472707e-02  -2.2033197e-01  -6.4161749e-03  -7.7018636e-04   1.5638468e-03
  -4.9970290e-02  -2.0134150e-03  -1.8655364e-01  -6.7610971e-03  -8.7533730e-04   1.5298897e-03
  -4.8378026e-02   3.2414404e-02  -1.9958534e-01  -5.7094243e-03  -1.0427713e-03   1.3164683e-03
  -4.8667413e-02  -5.2531844e-03  -1.8548552e-01  -6.7291487e-03  -8.8676004e-04   1.4463300e-03
  -3.9783720e-02   8.5123813e-04  -1.8774245e-01  -6.1936675e-03  -8.1020543e-04   1.4472804e-03
  -4.4051117e-02   1.8537692e-02  -1.5786404e-01  -6.8867577e-03  -9.6305164e-04   1.3731616e-03
  -4.7464317e-02  -2.4140207e-02  -1.9559779e-01  -6.2673902e-03  -8.8355060e-04   1.4117091e-03
  -4.1284655e-02   8.2276008e-03  -1.7159782e-01  -6.6720540e-03  -9.4401505e-04   1.3404469e-03
  -4.4543941e-02  -6.4726924e-02  -2.3229841e-01  -8.0101021e-03  -1.2011466e-03   1.3175465e-03
  -5.6297228e-02   7.8028084e-02  -2.2115520e-01  -6.6979545e-03  -9.5975280e-04   1.1736149e-03
  -4.3750896e-02   9.5195618e-02  -1.9818329e-01  -6.4453162e-03  -9.7586712e-04   1.3639732e-03
  -4.0093241e-02   4.9566741e-02  -2.1787033e-01  -6.9115184e-03  -9.0577935e-04   1.6710598e-03
  -4.4601429e-02   6.8453453e-02  -2.1810109e-01  -6.2146866e-03  -7.5701815e-04   1.5276490e-03
  -4.0687004e-02   3.7763287e-03  -1.8793381e-01  -6.4364213e-03  -8.3064762e-04   1.6995519e-03
  -4.1297324e-02   3.0952063e-02  -1.8632075e-01  -6.7596293e-03  -8.7146718e-04   1.6556048e-03
  -3.9443159e-02   1.8845121e-02  -1.6994941e-01  -6.4383782e-03  -7.5104123e-04   1.7352339e-03
  -4.0896821e-02  -6.3747163e-03  -1.6595515e-01  -6.4618172e-03  -9.7740242e-04   1.8252127e-03
  -4.3035169e-02  -7.4717069e-03  -1.7066487e-01  -6.9558914e-03  -9.7473720e-04   1.8788631e-03
  -4.7485456e-02   1.9642018e-02  -1.8440680e-01  -6.0960859e-03  -9.4139369e-04   1.6324249e-03
  -5.3284431e-02  -1.8158088e-02  -1.7238791e-01  -7.0918176e-03  -6.9391890e-04   1.9806105e-03
  -4.0834680e-02   3.7179293e-02  -1.9996685e-01  -6.2021765e-03  -1.6160476e-03   1.5681203e-03
  -3.6440940e-02   2.1862763e-02  -2.0860420e-01  -6.2319533e-03  -1.1530143e-03   1.8665995e-03
  -3.4572373e-02   3.2530690e-02  -2.0922493e-01  -6.4967865e-03  -1.2576493e-03   1.9109557e-03
  -3.2049342e-02   4.1121514e-02  -2.1320181e-01  -6.0454585e-03  -1.3568834e-03   1.8909035e-03
  -3.0735858e-02   9.3093649e-03  -2.0177298e-01  -6.2829856e-03  -1.3846158e-03   1.9273073e-03
  -2.7472899e-02   4.2286133e-02  -2.1608082e-01  -7.1362879e-03  -1.2680603e-03   1.9278599e-03
  -3.2308467e-02   6.0568670e-02  -2.1994364e-01  -6.4057616e-03  -1.1617212e-03   1.9723323e-03
  -3.7891240e-02  -5.2020030e-02  -2.0304018e-01  -6.2368232e-03  -1.2382925e-03   1.9699995e-03
  -4.0626077e-02   3.2008161e-02  -2.0583763e-01  -6.4166864e-03  -1.3831515e-03   1.9554255e-03
  -4.1063445e-02   4.0002723e-02  -1.9113246e-01  -5.9158392e-03  -1.4074429e-03   1.7721143e-03
  -4.4639336e-02   2.7789637e-02  -1.6728761e-01  -6.8022765e-03  -1.4011925e-03   1.8723501e-03
  -3.6815320e-02   4.8099126e-02  -1.8841529e-01  -6.4307325e-03  -1.3021528e-03   1.8684922e-03
  -4.3045985e-02   4.4660138e-02  -1.9087552e-01  -6.5903783e-03  -1.1272122e-03   1.8186376e-03
  -4.5963297e-02   4.6489678e-02  -2.0525322e-01  -6.3143604e-03  -1.2447053e-03   1.7732909e-03
  -4.1393091e-02   9.5823083e-02  -1.9860478e-01  -6.2760250e-03  -1.3637304e-03   1.7066146e-03
  -3.6485022e-02   7.1229513e-02  -2.0263835e-01  -6.4191771e-03  -1.2918897e-03   1.7033907e-03
  -4.0690555e-02   3.3511410e-02  -1.9115068e-01  -6.7030722e-03  -1.1817250e-03   1.9820501e-03
  -2.6522763e-02   3.9677899e-02  -2.0948220e-01  -5.7779576e-03  -1.3677369e-03   1.6010349e-03
  -3.1372493e-02   5.0141529e-02  -2.1091256e-01  -5.4787265e-03  -8.2708405e-04   1.8006628e-03
  -3.0416785e-02   4.3961728e-02  -2.1303160e-01  -5.3688842e-03  -1.1394016e-03   1.9436218e-03
