   0.0000000e+00   0.0000000e+00   0.0000000e+00   0.0000000e+00   0.0000000e+00   0.0000000e+00
   1.5186396e-02   5.4752755e-02   1.2421728e-02   2.7692035e-04   1.6188093e-05  -7.7789816e-05
   2.1753456e-02   1.0572857e-01  -1.5181898e-02  -1.9087455e-03  -1.9292405e-04  -1.3594893e-04
  -1.6735760e-02  -1.2158557e-01   2.3861066e-02  -1.0148620e-03   3.6778132e-04  -2.0313536e-04
   1.6935273e-02  -1.3729806e-02   1.0126743e-02  -1.6145455e-04   8.6955242e-05  -2.6886820e-04
   2.0827568e-02   8.0849836e-02  -1.2808941e-02  -9.1939407e-04   1.1971584e-04  -1.1570941e-04
  -1.8826790e-03  -9.6150672e-02  -3.1392996e-03  -7.4366113e-04  -3.9027770e-05  -2.0260925e-04
   2.1926350e-02   4.4834151e-02  -4.2334697e-02  -1.4819357e-03  -4.2952737e-04  -1.3976337e-04
   2.4587676e-02   3.9933772e-02  -2.5133611e-03  -6.8561089e-04  -3.5175340e-04  -2.8179624e-04
   1.6773973e-02  -6.4715900e-02  -6.3950829e-02  -3.7221523e-03  -9.1496749e-04  -4.3436992e-04
   1.1540236e-02  -4.4097636e-02  -7.4858860e-02  -2.8662631e-03  -8.2433037e-04  -3.7878721e-04
   3.1199236e-02   5.2762025e-02  -5.3785946e-02  -1.1359179e-03  -5.6738563e-04  -3.3104357e-04
   1.7625055e-02   3.4265609e-03  -5.0174206e-02  -3.5340160e-03  -8.4259608e-04  -4.0965485e-04
   1.3967576e-02  -8.5613241e-02  -3.0609078e-02  -2.6773598e-03  -8.4576420e-04  -4.8481247e-04
   1.6123441e-02  -7.9077772e-02  -4.7406443e-02  -1.7391660e-03  -7.5700233e-04  -4.7837465e-04
   2.5983208e-02   5.2998927e-02  -8.8115681e-02  -4.3566590e-03  -1.3183855e-03  -2.4831689e-04
   1.6595064e-02  -3.5069849e-02  -6.7835881e-02  -2.8077939e-03  -5.5085122e-04  -6.0482006e-04
   3.8099230e-02  -2.7631319e-02  -7.9207941e-02  -3.1445095e-03  -1.2231797e-03  -6.5368738e-04
   5.4499318e-02  -1.6568832e-02  -7.5518952e-02  -4.0848135e-03  -1.0712394e-03  -1.5898497e-03
   5.8010969e-02   6.6600888e-03  -7.6352472e-02  -3.9983120e-03  -1.3777719e-03  -1.0549853e-03
   4.2317582e-02  -8.3546088e-02  -1.0610424e-01  -3.1245659e-03  -1.5667054e-03  -7.2583214e-04
   5.8658511e-02   2.7088363e-02  -1.1232785e-01  -1.9989711e-03  -1.5426579e-03  -5.9546586e-04
   7.4381926e-02   1.0155104e-01  -1.2175519e-01  -2.7613513e-03  -1.6970081e-03  -7.9145856e-04
   4.1141841e-02  -6.3128817e-02  -9.5158273e-02  -2.4351112e-03  -1.4323366e-03  -9.1837195e-04
   6.2306120e-02   1.4904096e-02  -8.4932401e-02  -3.9847493e-03  -1.6363701e-03  -1.1689855e-03
   6.1453166e-02   7.9231699e-03  -8.6867441e-02  -4.5941628e-03  -2.1939193e-03  -8.5790274e-04
   7.1521977e-02   3.1730687e-04  -9.5180601e-02  -4.2909342e-03  -2.5123781e-03  -9.2825532e-04
   6.5150103e-02   2.4457665e-02  -1.2510536e-01  -3.8574302e-03  -2.0610071e-03  -1.2177719e-03
   6.1829041e-02  -3.6745259e-02  -9.3990454e-02  -3.0063286e-03  -2.1241064e-03  -1.0877086e-03
   5.8209759e-02   3.2284475e-02  -1.2510237e-01  -3.9754932e-03  -2.3144214e-03  -1.0814887e-03
   4.5460465e-02  -3.2601052e-02  -3.6304802e-02  -8.0989450e-04  -1.4089401e-03  -1.0761268e-03
   7.6744410e-02   6.6347733e-02  -1.1492948e-01  -3.4633434e-03  -2.2510806e-03  -1.2692133e-03
   7.5390299e-02   7.3431094e-02  -7.5931992e-02  -2.6958945e-03  -2.0380274e-03  -1.2598475e-03
   6.3310938e-02  -1.9213517e-02  -8.4647728e-02  -2.7781659e-03  -2.2167247e-03  -1.1387852e-03
   7.4496528e-02   4.5997752e-02  -6.1372531e-02  -3.3585586e-03  -2.2630905e-03  -1.3472437e-03
   4.7145492e-02  -1.1488607e-01  -6.6102894e-02  -3.0613932e-03  -2.4417656e-03  -1.0409474e-03
   8.7606649e-02   6.8428171e-02  -1.5899557e-01  -5.0438941e-03  -2.9288032e-03  -1.4160054e-03
   8.4348355e-02   4.5143361e-02  -8.9382004e-02  -4.0853175e-03  -2.8006214e-03  -1.3405468e-03
   7.5527165e-02   3.7476018e-02  -7.7048567e-02  -3.4370669e-03  -2.5844628e-03  -1.2718753e-03
   6.7504862e-02  -3.7442116e-02  -8.1737428e-02  -3.3280268e-03  -2.5311022e-03  -1.3386807e-03
   8.1451607e-02   1.8086084e-02  -9.7913345e-02  -4.5214640e-03  -2.8338482e-03  -1.5039503e-03
   8.4075355e-02   4.4258547e-02  -1.2217042e-01  -4.7960529e-03  -2.7908319e-03  -1.5945556e-03
   9.2007429e-02   3.4278816e-02  -1.1107344e-01  -3.6821867e-03  -2.8397583e-03  -1.6277126e-03
   7.9239590e-02  -2.1577996e-02  -1.4410725e-01  -5.6303717e-03  -3.0931318e-03  -1.6391286e-03
   8.8934704e-02   5.6747592e-02  -1.5478762e-01  -5.5836359e-03  -3.0539828e-03  -1.7680278e-03
   8.3210908e-02   3.3480682e-03  -9.6826395e-02  -3.8324709e-03  -2.8722386e-03  -1.7919397e-03
   8.1165655e-02   5.6987030e-03  -9.8460585e-02  -3.6322983e-03  -3.0810911e-03  -1.7543058e-03
   8.0450033e-02  -3.5960436e-02  -1.2047143e-01  -3.9043659e-03  -3.0833435e-03  -1.8823728e-03
   8.5961127e-02   1.8282435e-02  -1.2716730e-01  -4.6048906e-03  -3.3179333e-03  -2.0910438e-03
   8.1568501e-02   6.7710219e-03  -1.4336323e-01  -4.0175804e-03  -3.4012987e-03  -1.8071761e-03
   9.2500051e-02   1.1714652e-02  -1.4445821e-01  -5.1332621e-03  -3.4567588e-03  -2.3876352e-03
   1.0388156e-01   6.1931910e-02  -1.6093063e-01  -5.3061088e-03  -3.8599156e-03  -1.9579615e-03
   1.0335084e-01   6.8407720e-02  -1.2068626e-01  -5.0436416e-03  -4.2977768e-03  -1.6876276e-03
   1.0486152e-01   4.6512892e-02  -1.3430915e-01  -3.9810557e-03  -3.9214561e-03  -2.0994298e-03
   1.2163189e-01  -1.1534045e-02  -1.6943988e-01  -4.8663847e-03  -4.2516511e-03  -2.5116333e-03
   1.2409316e-01   1.2979339e-01  -2.1355334e-01  -6.7319183e-03  -3.7351215e-03  -2.3693941e-03
   1.3802048e-01   1.2313336e-01  -2.7009664e-01  -8.5881192e-03  -3.9720448e-03  -2.4821403e-03
   1.2225111e-01   5.7188569e-02  -2.6605323e-01  -6.9250718e-03  -3.6081038e-03  -2.8922581e-03
   1.4345331e-01   1.1814088e-01  -2.7800731e-01  -8.0478868e-03  -4.2892048e-03  -2.7070862e-03
   1.3613535e-01   1.1331142e-01  -3.2096450e-01  -9.6462235e-03  -4.2325319e-03  -2.4351699e-03
   1.2967032e-01   1.3195421e-01  -3.3560674e-01  -1.0707219e-02  -4.2974951e-03  -2.1543688e-03
   1.3892273e-01   9.0880378e-02  -3.4840693e-01  -9.2908293e-03  -3.9797985e-03  -2.9061245e-03
   1.4254085e-01   1.5190884e-01  -3.5548986e-01  -1.0350577e-02  -3.8685877e-03  -3.2048039e-03
   1.4366814e-01   1.4897470e-01  -3.4289944e-01  -9.3015765e-03  -3.6271356e-03  -3.0866949e-03
   1.1619848e-01   4.5448966e-02  -2.6693863e-01  -6.8898258e-03  -3.5926429e-03  -2.6898456e-03
   1.3270547e-01   1.1948928e-01  -3.0967940e-01  -1.0396711e-02  -4.1002903e-03  -2.9285432e-03
   1.4435128e-01   1.7278863e-01  -3.1284616e-01  -9.8812005e-03  -4.1591082e-03  -3.1628032e-03
   1.2941309e-01   1.5485196e-01  -3.1878178e-01  -1.0471853e-02  -4.3509086e-03  -2.7476534e-03
   1.3668745e-01   1.9070233e-01  -4.3612881e-01  -1.1701095e-02  -4.3796078e-03  -2.7309818e-03
   1.1731301e-01   1.8680977e-01  -4.1903373e-01  -1.2905587e-02  -3.6612208e-03  -3.0280047e-03
   9.7765150e-02   1.0292259e-01  -3.8065517e-01  -9.8128409e-03  -3.6135316e-03  -2.7389465e-03
   1.1721706e-01   1.8101082e-01  -3.8726165e-01  -8.5136031e-03  -3.6461126e-03  -2.8377087e-03
   1.1916977e-01   2.1258511e-01  -3.6413198e-01  -8.2279945e-03  -3.3456026e-03  -3.1383832e-03
   1.1881560e-01   2.5224648e-01  -3.5078928e-01  -7.8674441e-03  -3.6454856e-03  -2.9461261e-03
   1.0291819e-01   1.4952162e-01  -3.3132225e-01  -8.1409604e-03  -3.5468366e-03  -2.9928466e-03
   8.5538094e-02   1.1209799e-01  -3.1980191e-01  -8.8528167e-03  -3.3922569e-03  -2.9215366e-03
   9.8173218e-02   1.3174387e-01  -3.3425830e-01  -9.2012416e-03  -3.3982898e-03  -3.1531669e-03
   8.4497730e-02   5.1806729e-02  -3.0718302e-01  -9.0223030e-03  -3.4240417e-03  -2.9792182e-03
   8.7679496e-02   6.3147947e-02  -3.3720236e-01  -1.1142096e-02  -3.4752864e-03  -3.2776801e-03
   8.7735632e-02   8.9543282e-02  -3.3254876e-01  -9.4545668e-03  -3.6787866e-03  -2.7417790e-03
   9.4399559e-02   1.3089246e-01  -3.4226349e-01  -9.5228733e-03  -3.5520119e-03  -3.1627155e-03
   1.0112311e-01   9.4257923e-02  -3.6042495e-01  -9.5021290e-03  -3.9416131e-03  -3.0369334e-03
   1.1490997e-01   1.9264901e-01  -3.9674886e-01  -1.1433856e-02  -4.3343330e-03  -2.9487731e-03
   1.1214519e-01   1.7881984e-01  -3.8457083e-01  -9.4694567e-03  -4.0551691e-03  -2.6163841e-03
   1.1162239e-01   1.7095727e-01  -4.5483580e-01  -1.3662768e-02  -3.9496731e-03  -3.6212722e-03
   1.0543781e-01   1.3772566e-01  -4.5006560e-01  -1.3916734e-02  -4.0394902e-03  -3.3065122e-03
   1.0657494e-01   1.2310251e-01  -4.0436324e-01  -9.7655184e-03  -3.6715321e-03  -3.2001718e-03
   1.2388997e-01   2.2621791e-01  -4.3581865e-01  -1.2456656e-02  -4.3019967e-03  -2.9420842e-03
   1.1648253e-01   1.9704372e-01  -4.2437167e-01  -1.0983238e-02  -3.8710605e-03  -3.1348873e-03
   9.5645988e-02   1.7499140e-01  -4.1664267e-01  -1.1228689e-02  -4.3341512e-03  -1.6134232e-03
   1.1630586e-01   1.3871759e-01  -4.8568908e-01  -1.4348953e-02  -3.7652946e-03  -4.2452728e-03
   1.1610227e-01   1.5950462e-01  -4.7927447e-01  -1.4761518e-02  -4.2442560e-03  -3.0171054e-03
   1.1863494e-01   1.6924354e-01  -4.4155615e-01  -1.2274607e-02  -4.4684700e-03  -2.5565127e-03
   1.3516475e-01   1.9002201e-01  -4.6655510e-01  -1.3179607e-02  -4.3535233e-03  -3.4806862e-03
   1.0533683e-01   9.6249606e-02  -4.3652306e-01  -1.2241826e-02  -4.2769041e-03  -3.0134504e-03
   1.2554021e-01   1.6656353e-01  -4.4174428e-01  -1.3410355e-02  -4.7441895e-03  -2.8403848e-03
   1.3908005e-01   1.5400447e-01  -3.9846200e-01  -1.1785612e-02  -4.4639085e-03  -2.8747417e-03
   1.3947176e-01   1.2383573e-01  -4.3885215e-01  -1.2986153e-02  -4.3688003e-03  -3.7711907e-03
   1.4654865e-01   1.5910760e-01  -4.3694253e-01  -1.3869103e-02  -5.0843417e-03  -3.1562410e-03
   1.5095468e-01   2.1464674e-01  -4.3861991e-01  -1.2922540e-02  -4.9194785e-03  -2.9043430e-03
   1.4692687e-01   1.4965628e-01  -4.1014677e-01  -1.3100381e-02  -5.2687366e-03  -3.0344321e-03
   1.3310282e-01   1.2782593e-01  -4.6684462e-01  -1.3172183e-02  -4.5933284e-03  -3.4522677e-03
   1.4132604e-01   1.9592050e-01  -4.6026945e-01  -1.2897508e-02  -4.5032917e-03  -3.2077933e-03
   1.5121957e-01   2.0544098e-01  -4.3386128e-01  -1.2489322e-02  -4.8557153e-03  -3.5779495e-03
   1.5173202e-01   2.2194473e-01  -4.4019649e-01  -1.2959810e-02  -5.1507720e-03  -3.1556714e-03
   1.5192890e-01   1.8219672e-01  -4.3819395e-01  -1.3057328e-02  -4.7635304e-03  -3.6076020e-03
   1.4903385e-01   1.8181575e-01  -4.4394437e-01  -1.3193704e-02  -5.0871277e-03  -3.2962925e-03
   1.5725637e-01   2.1278704e-01  -4.7682976e-01  -1.3463396e-02  -5.5809047e-03  -2.9669345e-03
   1.4886351e-01   2.3666120e-01  -4.9196757e-01  -1.4234667e-02  -5.5773765e-03  -2.4875883e-03
   1.6289909e-01   2.3654332e-01  -5.0053852e-01  -1.4266978e-02  -5.4701261e-03  -3.2280498e-03
   1.5232243e-01   1.8305532e-01  -4.5991992e-01  -1.3079886e-02  -5.5409603e-03  -2.6357319e-03
   1.3964253e-01   2.3862704e-01  -5.3418807e-01  -1.4584533e-02  -5.4346094e-03  -2.4558684e-03
   1.2125308e-01   1.2974712e-01  -5.1636902e-01  -1.3661282e-02  -4.6085851e-03  -3.2271225e-03
   1.4622336e-01   2.1021920e-01  -5.1695947e-01  -1.4507545e-02  -5.3096396e-03  -3.1729788e-03
   1.2442064e-01   2.5542396e-01  -5.5845091e-01  -1.4324906e-02  -5.4297966e-03  -2.4173959e-03
   1.1472237e-01   2.4567994e-01  -5.4420740e-01  -1.4235082e-02  -5.0271156e-03  -2.7276746e-03
   1.0161530e-01   2.1021155e-01  -5.2708937e-01  -1.4519246e-02  -5.1240564e-03  -2.3179758e-03
   1.3197482e-01   2.5811764e-01  -5.6883535e-01  -1.5841559e-02  -4.4413051e-03  -3.7750031e-03
   1.0838556e-01   1.0907380e-01  -5.3804871e-01  -1.3621802e-02  -4.1765530e-03  -3.5125942e-03
   1.2063157e-01   2.3465645e-01  -5.6699030e-01  -1.2677890e-02  -4.3669380e-03  -3.0492437e-03
   1.2572242e-01   2.2724264e-01  -5.3667221e-01  -1.1868979e-02  -4.5605670e-03  -2.9552927e-03
   1.2649744e-01   2.9056286e-01  -5.4938863e-01  -1.2551458e-02  -4.4876505e-03  -3.0463110e-03
   1.2192459e-01   2.8660401e-01  -4.9332385e-01  -1.1491493e-02  -4.8201554e-03  -2.8943964e-03
   9.4246228e-02   2.1160567e-01  -4.6420396e-01  -1.2764261e-02  -4.2808105e-03  -3.1538614e-03
   1.0478465e-01   1.8618977e-01  -4.4038481e-01  -1.1029769e-02  -4.4811998e-03  -3.2565206e-03
   1.1252519e-01   2.8306272e-01  -4.7674473e-01  -1.1854273e-02  -4.7167543e-03  -3.0841831e-03
   1.0501167e-01   2.6227951e-01  -4.7059921e-01  -1.2137014e-02  -4.4720187e-03  -2.9768486e-03
   9.9008491e-02   2.2055979e-01  -4.4967262e-01  -1.1916983e-02  -4.5040390e-03  -3.1391608e-03
   9.7753940e-02   2.3297027e-01  -4.7099594e-01  -1.2212415e-02  -4.4648311e-03  -2.9304341e-03
   9.8335823e-02   2.2893423e-01  -4.7327714e-01  -1.2189916e-02  -4.4532229e-03  -3.1316088e-03
   1.1574806e-01   2.9773592e-01  -5.1196904e-01  -1.2777683e-02  -4.5955241e-03  -3.0608161e-03
   1.1463518e-01   2.2767481e-01  -5.0198826e-01  -1.1347597e-02  -4.4166621e-03  -3.2537042e-03
   1.1037641e-01   2.3269892e-01  -4.6822284e-01  -1.0034994e-02  -4.1541162e-03  -3.3031791e-03
   1.2463655e-01   2.5100541e-01  -5.0890811e-01  -1.1834265e-02  -4.6923312e-03  -3.4450307e-03
   1.1000923e-01   2.5994618e-01  -5.1398734e-01  -1.2134018e-02  -4.5933410e-03  -3.0240227e-03
   1.1030701e-01   2.1034278e-01  -5.2166722e-01  -1.2269937e-02  -4.8691434e-03  -2.9277815e-03
   1.2671964e-01   3.1807679e-01  -5.4122440e-01  -1.2417477e-02  -4.7292878e-03  -3.0752138e-03
   1.3287260e-01   2.5559931e-01  -5.0979710e-01  -1.1403381e-02  -4.3275762e-03  -3.6011198e-03
   1.2682356e-01   2.3947528e-01  -5.3344568e-01  -1.3451804e-02  -4.8232119e-03  -3.2857157e-03
   1.3513712e-01   2.1973184e-01  -5.8667615e-01  -1.5435643e-02  -5.0548364e-03  -3.6394028e-03
   1.4371487e-01   2.6986532e-01  -5.8645676e-01  -1.2941944e-02  -4.8601135e-03  -3.3393315e-03
   1.4387417e-01   2.7461976e-01  -6.1194431e-01  -1.4527599e-02  -4.8417165e-03  -3.4215574e-03
   1.2481597e-01   2.1415517e-01  -5.5388961e-01  -1.2604795e-02  -4.6482134e-03  -3.3093329e-03
   1.2940068e-01   2.4533997e-01  -5.6361386e-01  -1.4027013e-02  -5.1961371e-03  -3.2308265e-03
   1.0924419e-01   2.2905328e-01  -5.9952001e-01  -1.7140858e-02  -5.8049079e-03  -2.5029991e-03
   1.2075123e-01   2.1983109e-01  -5.5098783e-01  -1.3068102e-02  -5.2048278e-03  -3.0995302e-03
   1.2768287e-01   2.3303701e-01  -5.7589833e-01  -1.3115285e-02  -5.0546945e-03  -3.1514399e-03
   1.2889240e-01   2.3152629e-01  -5.5265452e-01  -1.2710992e-02  -5.0241730e-03  -3.2728032e-03
   1.1362868e-01   2.5227982e-01  -5.2607539e-01  -1.3080381e-02  -5.1145774e-03  -2.9996213e-03
   1.2488601e-01   2.4134449e-01  -5.1986022e-01  -1.2640593e-02  -5.0231840e-03  -3.4641627e-03
   1.1456639e-01   2.2403256e-01  -5.3062630e-01  -1.4742452e-02  -5.2273759e-03  -3.3438287e-03
   1.1836347e-01   1.8936134e-01  -5.2818080e-01  -1.5793759e-02  -5.6626251e-03  -3.2641318e-03
   1.2380341e-01   2.4890647e-01  -5.6852910e-01  -1.5617918e-02  -5.5320879e-03  -3.1297556e-03
   1.4304730e-01   2.7673417e-01  -6.1384086e-01  -1.6248242e-02  -5.8045453e-03  -3.0647995e-03
   1.5159355e-01   2.7011170e-01  -5.9279290e-01  -1.5491732e-02  -5.9011310e-03  -3.0342662e-03
   1.7177909e-01   3.0088997e-01  -6.0148533e-01  -1.6635567e-02  -5.2661088e-03  -4.5669857e-03
   1.3357340e-01   2.4160599e-01  -5.8900958e-01  -1.4709646e-02  -4.9983198e-03  -3.6432939e-03
   1.4343241e-01   2.4919775e-01  -5.7244264e-01  -1.5652641e-02  -5.1718360e-03  -3.7530990e-03
   1.5718194e-01   3.6510544e-01  -6.1172877e-01  -1.6208809e-02  -5.8052947e-03  -3.0899372e-03
   1.5140092e-01   2.6462481e-01  -6.5894718e-01  -1.6490501e-02  -5.5372553e-03  -3.9308428e-03
   1.4258417e-01   2.7916177e-01  -6.4915817e-01  -1.6716506e-02  -5.8185699e-03  -3.4924857e-03
   1.0677674e-01   2.4668021e-01  -6.1607310e-01  -1.4764205e-02  -4.9211582e-03  -3.1385585e-03
   9.0095307e-02   1.6369617e-01  -6.8980808e-01  -1.4638328e-02  -5.1225528e-03  -3.1815368e-03
   1.2313220e-01   4.1595080e-01  -6.6352819e-01  -1.4428528e-02  -5.3621650e-03  -3.1271385e-03
   1.0102034e-01   3.0160175e-01  -6.0757145e-01  -1.3891829e-02  -4.5268286e-03  -3.6185977e-03
   9.2031372e-02   2.9623092e-01  -6.3641702e-01  -1.6153758e-02  -5.0337118e-03  -3.3086776e-03
   9.6553439e-02   2.6239706e-01  -5.7412143e-01  -1.5747743e-02  -5.4476608e-03  -2.7309502e-03
   1.1317275e-01   3.1262937e-01  -6.7016394e-01  -1.7081576e-02  -5.7930086e-03  -3.0149348e-03
   1.3475523e-01   3.3946008e-01  -7.1024638e-01  -1.7373692e-02  -5.2908078e-03  -3.9609523e-03
   1.5772139e-01   2.7583201e-01  -6.8534933e-01  -1.6433032e-02  -6.3622771e-03  -3.9701116e-03
   1.0068101e-01   2.3516566e-01  -6.8780732e-01  -1.5616505e-02  -5.1127535e-03  -3.6127939e-03
   1.1408079e-01   3.3396460e-01  -7.1744676e-01  -1.7106092e-02  -5.5144275e-03  -3.1542111e-03
   1.2239626e-01   2.7745325e-01  -7.5192275e-01  -1.7982215e-02  -5.5939730e-03  -3.7043390e-03
   1.0993529e-01   2.4579342e-01  -6.7241128e-01  -1.6190892e-02  -5.7894989e-03  -3.0488073e-03
   1.0702969e-01   2.8454956e-01  -6.6250832e-01  -1.7506123e-02  -5.6096835e-03  -2.9141653e-03
   9.5765090e-02   2.3059485e-01  -6.9426868e-01  -1.8882457e-02  -5.3464596e-03  -3.2747300e-03
   1.1381635e-01   2.0273320e-01  -7.2730973e-01  -2.0304358e-02  -5.5544659e-03  -3.8289165e-03
   1.1846407e-01   2.6464256e-01  -7.3466514e-01  -1.9135388e-02  -6.1539268e-03  -2.9035349e-03
   1.1972176e-01   2.9678318e-01  -7.5443665e-01  -1.8684271e-02  -6.4972749e-03  -2.2856317e-03
   1.3370531e-01   3.4173319e-01  -7.6158419e-01  -1.8253153e-02  -6.1778247e-03  -2.7358531e-03
   1.2789131e-01   2.8924062e-01  -7.5871707e-01  -1.8349442e-02  -6.0521763e-03  -3.2693364e-03
   1.1663484e-01   3.0952575e-01  -7.6773132e-01  -1.8087119e-02  -5.4259670e-03  -3.7742814e-03
   1.2487115e-01   3.1553146e-01  -7.6073673e-01  -1.7963984e-02  -5.4162271e-03  -4.0588518e-03
   1.3309476e-01   3.2980447e-01  -7.6561035e-01  -1.8123555e-02  -5.5338412e-03  -3.8086431e-03
   1.5521144e-01   3.4288484e-01  -7.5394083e-01  -1.9003198e-02  -6.0122382e-03  -4.3270849e-03
   1.3815178e-01   2.9756743e-01  -7.8592984e-01  -1.9989973e-02  -5.7530833e-03  -4.0592770e-03
   1.3564929e-01   3.0018836e-01  -7.8869781e-01  -2.0345004e-02  -5.6404569e-03  -4.2055911e-03
   1.6179538e-01   3.1056346e-01  -8.2266075e-01  -2.1283992e-02  -5.8526864e-03  -4.7031433e-03
   1.4730341e-01   2.9292732e-01  -7.8637972e-01  -2.0827946e-02  -5.7237050e-03  -4.4566191e-03
   1.4436891e-01   3.3478005e-01  -8.1108588e-01  -2.1762721e-02  -5.5554166e-03  -4.8029299e-03
   1.5686030e-01   3.2642452e-01  -8.0515459e-01  -2.1597038e-02  -5.8437857e-03  -4.8836416e-03
   1.5862322e-01   2.8435856e-01  -8.0306320e-01  -2.1451580e-02  -5.8341616e-03  -4.9715942e-03
   1.3557720e-01   2.8368559e-01  -7.4874382e-01  -1.9511493e-02  -5.7282440e-03  -4.1822662e-03
   1.4515381e-01   3.3858322e-01  -7.4434148e-01  -1.8986608e-02  -5.7760240e-03  -3.6844058e-03
   1.5832468e-01   3.7051980e-01  -7.3176569e-01  -1.7709074e-02  -6.5147024e-03  -3.4920315e-03
   1.6001234e-01   3.2689456e-01  -7.8277652e-01  -1.8258708e-02  -6.9737771e-03  -3.1347833e-03
   1.6376063e-01   3.5461534e-01  -7.6226445e-01  -1.7888938e-02  -7.0291731e-03  -3.5224939e-03
   1.4936247e-01   3.6566525e-01  -7.8855098e-01  -2.0200826e-02  -6.6213696e-03  -3.7165407e-03
   1.4920419e-01   3.0684013e-01  -8.0161670e-01  -2.1674157e-02  -6.1201065e-03  -4.8152308e-03
   1.4126299e-01   3.2712138e-01  -7.5785560e-01  -1.9851915e-02  -6.5507725e-03  -3.2511176e-03
   1.6215151e-01   3.3576865e-01  -7.9051566e-01  -2.0449096e-02  -6.7438909e-03  -3.5491899e-03
   1.4532572e-01   2.7960932e-01  -7.7762754e-01  -1.8854559e-02  -6.7238444e-03  -3.1944581e-03
   1.7974549e-01   3.2933249e-01  -8.0358421e-01  -1.8308270e-02  -6.4348963e-03  -4.4649001e-03
   1.5648371e-01   3.4007624e-01  -7.6244320e-01  -1.7875190e-02  -6.4697646e-03  -3.6389563e-03
   1.4723828e-01   3.2788698e-01  -7.5634946e-01  -1.8221351e-02  -6.5199583e-03  -3.4190182e-03
   1.5113070e-01   3.3567444e-01  -7.5120816e-01  -1.7932916e-02  -6.5967330e-03  -3.2429902e-03
   1.7184894e-01   3.3528268e-01  -8.1620000e-01  -1.8206978e-02  -7.1249077e-03  -3.3434691e-03
   1.6326334e-01   2.6711504e-01  -7.9596644e-01  -1.7996647e-02  -6.9553026e-03  -3.7058060e-03
   1.5601077e-01   2.2984257e-01  -8.2194073e-01  -1.9533855e-02  -6.7888640e-03  -3.8454797e-03
