   0.0000000e+00  -1.3542995e-14  -7.1054274e-15   1.3877788e-17  -2.1280983e-18  -3.4694470e-18
   3.1595631e-03   1.5780254e-02   5.8153139e-05  -2.5341310e-04  -1.6343691e-05   1.4437415e-04
   4.0548667e-03   8.5146970e-03  -7.9990048e-03   1.3412952e-05   4.6286199e-05   3.1943552e-04
   9.2062851e-03  -2.8240104e-02  -1.7923420e-02  -5.7719016e-05  -1.9317218e-05   2.1794248e-04
   9.5369352e-03  -6.9467412e-02  -7.8752387e-03  -5.1222486e-05  -3.9196384e-04   2.5061528e-04
   8.2979685e-03  -8.8140701e-02  -3.8825089e-03  -1.5673941e-04   5.2728652e-05   6.6537296e-05
   7.2104589e-03  -4.4466645e-02   1.4283320e-02  -1.2624175e-05  -3.8162851e-05  -1.3235398e-04
   1.1092377e-02  -3.7918085e-02  -3.6364125e-02  -7.4074201e-04  -9.2420638e-05  -1.5101340e-04
   9.4276495e-03  -4.7796781e-02  -4.8419918e-02  -1.1210628e-03  -2.8187251e-05  -1.5993010e-05
   1.9351075e-02  -9.3397933e-02  -9.1019597e-03  -7.0024769e-04  -1.9297352e-04   1.5156565e-04
   2.0892773e-02  -7.3328451e-02  -2.6832980e-02  -1.4748543e-03  -4.4114685e-04   1.9828749e-04
   1.1384422e-02   1.6273148e-02  -6.8875216e-02  -1.4663248e-03   1.3903871e-04   2.6330945e-04
   7.7003909e-03  -2.5340387e-02  -4.8502382e-02  -1.1433012e-03   1.6807477e-04   7.6703555e-05
   1.5638146e-02  -4.4234101e-02  -4.8025626e-02  -1.5392487e-03  -1.0865509e-04   8.1206386e-05
   1.5392638e-02  -8.3253022e-02  -3.1062450e-02  -7.5252881e-04  -8.2717991e-05   1.3623072e-04
   7.1595500e-03  -9.9415797e-02  -1.4562484e-02  -4.6116622e-04   1.6596388e-05   1.4548449e-04
   1.2816443e-02  -1.4280013e-02  -2.5714960e-02  -4.6259885e-04   7.5533546e-07   2.1548268e-04
   7.2281840e-03   1.3700297e-02  -2.5316092e-02  -7.8269045e-04  -5.9605018e-05   2.5594066e-04
   5.4490123e-03  -2.7573723e-02  -1.8883719e-02  -4.4735280e-04   1.2215194e-04   3.2445689e-04
   1.4830788e-02  -8.5993929e-02  -2.7419862e-02  -1.0393427e-03   4.3227543e-05   3.0081569e-04
   2.3558975e-02  -4.1786569e-02  -3.6677039e-02  -1.2927827e-03   1.2921736e-04   2.6761403e-04
   2.5892922e-02  -6.1935199e-02  -2.0059648e-02  -1.0859939e-03   2.0383645e-04   3.3496821e-04
   2.7464218e-02  -6.7309110e-02  -3.0091588e-02  -9.0792493e-04   4.0410916e-04   3.0325138e-04
   3.2814651e-02  -6.1261658e-02  -3.9256357e-02  -1.2312736e-03   2.0996418e-04   2.6485577e-04
   3.0944648e-02  -9.8783771e-02  -4.1835626e-02  -2.8928585e-04   1.3647846e-04   1.5725882e-04
   2.9939393e-02  -7.3265623e-02  -1.4967952e-02  -7.2238712e-04   2.0708307e-04   2.5386917e-04
   2.3710339e-02  -3.8317468e-02  -4.2897030e-02  -1.0029120e-03   2.1840505e-04   4.8413994e-05
   2.5264458e-02  -2.7452857e-02  -4.5704301e-02  -1.0732726e-03  -2.4388254e-04   3.9299411e-04
   1.9747060e-02  -6.7444999e-02  -3.3698090e-02  -1.1096793e-03  -1.7676712e-04   1.2132893e-04
   8.8482248e-03  -8.9179528e-02  -3.0372237e-02  -8.0378668e-04   1.3519731e-04   2.3519014e-05
   1.6610609e-02  -1.5226008e-02  -3.9584516e-02  -1.1296596e-03   1.3776232e-05   3.1723595e-05
   1.0410530e-02   4.4900682e-03  -4.8733721e-02  -1.2633761e-03   1.3079215e-04   1.6346044e-04
   8.7622462e-03  -4.7851552e-02  -9.8856977e-03  -1.4297372e-03   1.1446515e-04   2.5895146e-04
   4.4517138e-03   1.7801543e-02  -9.6892029e-02  -1.3509794e-03   3.7395943e-04  -4.3939788e-04
   6.8857401e-03  -4.8250714e-02  -7.9618392e-02  -7.1920267e-04   4.1911829e-04  -6.5871808e-04
   1.1932710e-02  -4.8462352e-02  -4.7174652e-02  -5.8860565e-04   6.5683843e-04  -3.7772757e-04
   1.4981025e-02  -2.6547735e-02  -5.7072504e-02   3.4834253e-05   9.3612288e-04  -5.7305282e-04
   1.7467826e-02  -4.0821823e-02  -4.7031329e-02  -1.1979090e-04   1.2799896e-03  -4.7984367e-04
   1.3195850e-02  -2.6079978e-02  -6.0381677e-02   1.7263101e-04   1.5547365e-03  -5.7285487e-04
   9.2506715e-03  -5.8786751e-02  -4.1927525e-02   1.2830525e-04   1.6693027e-03  -4.0941816e-04
   3.8851060e-03  -4.4275860e-02  -6.3802285e-02   1.5045422e-04   1.6787258e-03  -6.2569532e-04
   4.6435796e-03  -2.2763070e-02  -4.9361910e-02  -3.4528630e-04   1.3169601e-03  -6.6094674e-04
   5.6871083e-03  -5.7039183e-02  -4.2117631e-02  -1.2894953e-04   1.6627314e-03  -6.2248399e-04
   1.5739549e-02  -7.5576338e-03  -5.3714230e-02  -1.0051506e-03   1.5378886e-03  -6.4327610e-04
   1.3574347e-03  -2.9411489e-02  -7.2708733e-02   3.1057701e-04   1.8815305e-03  -9.7250154e-04
  -9.9290722e-03  -9.7265682e-02  -9.2714823e-02   3.9761902e-04   2.1950779e-03  -1.4647452e-03
  -1.2315338e-02  -7.8226457e-02  -6.9080027e-02   2.9550320e-05   2.2091835e-03  -1.4343644e-03
  -1.3326871e-02  -9.2240790e-02  -5.3197186e-02  -1.0852683e-04   2.4396296e-03  -1.3641782e-03
  -4.3702547e-03  -3.7669502e-02  -4.9444915e-02  -1.0357179e-04   2.4603023e-03  -1.2333784e-03
  -1.6569445e-04  -4.8533275e-02  -6.5369860e-02   4.5598150e-04   2.5105185e-03  -1.3195861e-03
  -3.0683658e-03  -2.5094298e-03  -5.9088385e-02   2.0172678e-04   2.6422063e-03  -1.2498685e-03
  -1.0398348e-02  -4.2413883e-02  -3.6600181e-02   9.8074935e-04   2.7939443e-03  -1.1775044e-03
   2.5156439e-03  -3.9359560e-02  -3.9214512e-02   4.5913890e-04   2.7247208e-03  -1.3518350e-03
   3.2400785e-03   3.6377118e-03  -3.8989978e-02   6.1368252e-05   2.5855231e-03  -1.3966441e-03
   4.5703447e-03  -3.0745154e-02  -4.0179550e-02  -2.8728864e-04   2.8590806e-03  -1.6102632e-03
   7.0207890e-03  -6.5145768e-02  -4.0461882e-02   1.1879419e-04   3.1418791e-03  -1.5718345e-03
   1.4986417e-02  -5.1914134e-02  -4.8133043e-02   4.8987252e-04   3.1361966e-03  -1.7312827e-03
   1.8016521e-02  -8.5317899e-02  -4.8067414e-02   3.2367659e-04   2.9828600e-03  -1.6677169e-03
   1.2959178e-02  -8.0561318e-02  -3.2993268e-02   6.6221751e-04   3.2514533e-03  -1.5929720e-03
   1.4604564e-02  -6.0480853e-02  -4.4222560e-02   3.8000148e-04   2.9049568e-03  -1.4795000e-03
   5.7949559e-03   2.4824644e-03  -4.8905265e-02  -2.1692095e-04   2.8593038e-03  -1.6052861e-03
   6.1877634e-04  -3.7841836e-02  -4.0068013e-02   6.0413032e-05   3.0257259e-03  -1.5441035e-03
   3.4729401e-03  -1.0948617e-01  -4.6617399e-02   8.6798742e-05   3.2156035e-03  -1.5142960e-03
   8.3902488e-03  -5.2770158e-02  -5.9568243e-02   1.3017656e-04   3.1103837e-03  -1.6245325e-03
  -1.9645533e-04  -3.7367609e-02  -7.2560043e-02   3.0710140e-04   2.9715206e-03  -1.8287913e-03
  -3.3404567e-03  -1.1711784e-02  -9.7360590e-02   1.9702975e-04   2.9787428e-03  -1.9613512e-03
  -1.5575552e-02  -3.1876606e-02  -7.5029338e-02   1.1044517e-03   3.1846019e-03  -1.9465386e-03
  -1.6088707e-02  -1.0975363e-01  -3.2899231e-02   2.1541496e-03   3.2014078e-03  -1.5376678e-03
  -1.1573833e-02  -5.2970766e-02  -3.5967753e-02   1.9638448e-03   3.4747694e-03  -1.6238761e-03
  -4.5786759e-03  -3.1061101e-02  -6.6082066e-02   1.2499921e-03   3.4598473e-03  -1.9482533e-03
   4.1706365e-03  -7.9601718e-02  -6.8333657e-02   1.3348875e-03   3.7785942e-03  -1.9512375e-03
   9.3562450e-04  -7.6750567e-02  -5.8981890e-02   1.8613249e-03   3.6843680e-03  -1.7512364e-03
  -4.4708051e-03  -7.4192436e-02  -4.0154183e-02   2.0990790e-03   3.9718298e-03  -1.5659542e-03
   4.4638579e-03  -3.0254992e-02  -2.4997038e-02   1.8754665e-03   4.0571539e-03  -1.7048455e-03
   3.1591756e-03  -1.4307816e-02  -2.4645393e-02   1.7994155e-03   3.6780606e-03  -1.6301534e-03
  -3.3135536e-04  -3.1120565e-02  -2.1035667e-02   1.6954132e-03   3.7286762e-03  -1.5130104e-03
  -1.2045597e-02  -2.8155748e-02  -2.9085307e-02   1.7774471e-03   3.7882806e-03  -1.5189147e-03
  -1.5239847e-02  -5.4744675e-02  -2.5230914e-02   1.6162004e-03   3.8346355e-03  -1.5607154e-03
  -7.1140270e-03  -7.4728361e-02  -3.9867799e-02   7.9039453e-04   3.7734565e-03  -1.4008755e-03
  -7.4955415e-03  -8.2560706e-02  -2.0634990e-02   7.5247922e-04   3.7207056e-03  -1.4888228e-03
  -1.5880017e-02  -5.7065921e-02  -3.9878564e-02   1.1679205e-03   4.0266448e-03  -1.6553787e-03
  -1.2483973e-02  -5.2400918e-02  -7.4118512e-02   9.6401767e-04   4.5222735e-03  -2.0345910e-03
  -8.7818662e-03  -6.7994340e-02  -2.1674542e-02   8.5391604e-04   4.6340085e-03  -1.8737511e-03
  -1.9406550e-03  -3.7184487e-02  -4.1210157e-02   1.3647085e-03   4.2783614e-03  -1.8350925e-03
   6.3114916e-03  -7.5162813e-03  -2.4682750e-02   1.2573184e-03   4.0236359e-03  -1.7560466e-03
   9.6523788e-03  -1.2635038e-02  -2.5288631e-02   1.2493098e-03   4.1560361e-03  -1.6453358e-03
   5.9336835e-04   6.1364968e-03  -3.4404922e-02   1.0003836e-03   3.9096646e-03  -1.7819217e-03
  -2.9840167e-03  -9.2319706e-02  -3.3225031e-02   1.1341786e-03   4.0252134e-03  -1.9213405e-03
  -7.4679133e-03  -7.2467478e-02  -3.3098318e-02   8.6418677e-04   4.3140549e-03  -1.8930598e-03
  -7.1739487e-03  -6.3795977e-02  -3.0955444e-02   8.3815565e-04   4.1396480e-03  -2.0599725e-03
  -3.3495169e-03  -9.0510988e-02  -9.2618606e-03   8.6152759e-04   4.0326851e-03  -1.8584752e-03
  -1.2895285e-02  -3.3194223e-02  -8.2913381e-03   1.3253180e-03   4.0692713e-03  -2.0134039e-03
  -5.7597692e-03  -9.1308596e-02   4.3647036e-03   1.2396533e-03   4.0350651e-03  -2.1624501e-03
  -2.9969667e-03  -8.1085299e-02   3.9758033e-03   1.0690801e-03   4.1016371e-03  -2.2570729e-03
   3.2119542e-03  -2.7179166e-02   1.1881174e-02   1.2966013e-03   4.3530498e-03  -2.1819963e-03
   5.0656913e-03  -8.7813161e-02   1.8803632e-02   9.8685173e-04   4.5092229e-03  -2.3708489e-03
   6.8161242e-03  -4.9267566e-02   6.0923998e-03   7.0156291e-04   4.3577406e-03  -2.4468821e-03
  -1.8826499e-03  -9.6901483e-02  -5.1824634e-03   5.3521304e-04   4.1771319e-03  -2.5124639e-03
  -3.3680217e-03  -7.7047228e-02  -5.9640230e-03   6.9006851e-04   4.2068313e-03  -2.5140950e-03
  -4.9629683e-03  -5.4621924e-03  -1.4044013e-02   1.0639752e-03   4.5820088e-03  -2.6439719e-03
   3.6063405e-03  -4.3623511e-02   2.4149745e-02   6.0465541e-04   4.4293501e-03  -2.6310075e-03
  -1.6006818e-02  -6.0334115e-02  -1.0137662e-01   9.4975181e-04   4.7659752e-03  -2.9504547e-03
  -2.9238550e-02   8.2147031e-02  -2.1697227e-01   9.8813090e-05   5.1200151e-03  -3.5418076e-03
  -4.9279703e-02  -7.7514935e-02   9.1586172e-02   1.0041012e-03   6.1014499e-03  -3.8513426e-03
  -5.7358703e-02  -1.8965085e-02   9.6602846e-02   5.0816927e-04   6.1855269e-03  -3.9500779e-03
  -4.8051711e-02   2.1830378e-02   1.1302612e-01   5.4720327e-04   5.9251419e-03  -3.7541875e-03
  -4.3843143e-02  -7.8472488e-02   1.2723076e-01   3.4414175e-05   6.1928785e-03  -3.7601306e-03
  -4.0096872e-02  -3.8375409e-02   1.1439450e-01  -2.4121543e-04   6.1542403e-03  -3.6946292e-03
  -4.6694519e-02  -4.2732655e-02   9.7609330e-02   4.0304072e-04   6.3062297e-03  -3.7548058e-03
  -3.8859005e-02  -5.6105562e-03   1.0581012e-01   5.4720899e-04   6.6546307e-03  -3.9418552e-03
  -2.9935756e-02  -3.5550859e-02   1.1970688e-01   3.2986550e-04   6.8058429e-03  -3.8432900e-03
  -2.2196131e-02  -1.3636431e-02   1.2253013e-01   3.1874061e-04   6.6474185e-03  -3.5926213e-03
  -3.7834319e-02   8.7877963e-03   9.8973731e-02  -1.2657661e-04   6.3713934e-03  -3.6776454e-03
  -4.5567244e-02  -3.3134882e-02   1.2146302e-01  -2.0910647e-04   6.5496206e-03  -3.6183929e-03
  -4.6525179e-02  -2.1022980e-02   1.2478499e-01  -5.3407967e-04   6.4785514e-03  -3.6645994e-03
  -4.2844395e-02  -3.5391635e-02   1.2708275e-01  -7.9194530e-04   6.0466095e-03  -3.6298089e-03
  -4.6647749e-02  -4.1519527e-02   1.2910196e-01  -5.1422647e-04   6.4037438e-03  -3.8973202e-03
  -4.3453427e-02  -5.0615331e-02   1.3970505e-01   7.5253470e-05   6.6657393e-03  -3.7920259e-03
  -3.8728352e-02  -6.9528085e-02   1.4926259e-01  -2.3943851e-04   6.5733341e-03  -3.8948266e-03
  -3.9508123e-02   7.4349302e-03   1.5349111e-01   9.8287825e-05   6.2707953e-03  -3.8054209e-03
  -3.5319830e-02  -4.4335528e-02   1.6383240e-01   6.2051356e-05   6.5914749e-03  -3.9145778e-03
  -3.8150090e-02  -6.6073119e-03   1.5085245e-01   8.3309805e-05   6.5891678e-03  -3.8258559e-03
  -3.1030503e-02   1.4997043e-02   1.4646868e-01  -1.3037290e-04   6.6162906e-03  -3.9358935e-03
  -3.1930362e-02   4.8085174e-02   1.4560276e-01  -2.0152234e-04   6.4538044e-03  -3.9547626e-03
  -3.2032775e-02   5.8933733e-02   1.4688656e-01  -1.0790632e-04   6.7507588e-03  -3.9804732e-03
  -2.5377589e-02  -1.4114738e-02   1.7709967e-01  -2.7624790e-04   6.8904579e-03  -3.9489395e-03
  -3.1832260e-02   3.2127238e-02   1.5557100e-01  -2.6449810e-04   6.9025212e-03  -4.2083909e-03
  -3.5777525e-02  -5.2587427e-02   1.8503281e-01  -8.7755447e-04   6.7792739e-03  -3.9016341e-03
  -4.9866778e-02  -4.7242452e-02   1.2354653e-01   4.1022210e-04   6.8836343e-03  -4.0278105e-03
  -5.5557415e-02   2.9051816e-02   1.1807412e-01  -1.1132039e-04   6.8006982e-03  -4.0604720e-03
  -3.7702531e-02  -1.6920483e-02   1.3941817e-01  -6.1471064e-04   6.4547966e-03  -3.7674252e-03
  -3.5732755e-02  -1.5402948e-02   1.1795004e-01  -4.1208218e-04   6.2796943e-03  -3.6985671e-03
  -4.7728641e-02  -4.0004205e-03   1.3661435e-01  -5.4702459e-04   6.1299586e-03  -3.8557731e-03
  -4.9532705e-02  -7.7271510e-02   1.4769812e-01   1.6045184e-04   6.2843853e-03  -3.9370223e-03
  -4.9185902e-02   6.4412110e-04   1.4713861e-01  -2.3465079e-04   6.3653315e-03  -3.9788756e-03
  -4.7291072e-02  -1.7162382e-02   1.4763017e-01   1.8288383e-04   5.9083803e-03  -3.8544609e-03
  -4.9340367e-02  -1.9359911e-02   1.4912480e-01  -3.1570717e-04   6.1657386e-03  -3.9103915e-03
  -5.0116635e-02   3.3271960e-02   1.3785027e-01   1.4767857e-04   5.7902313e-03  -3.7981947e-03
  -5.3436403e-02   1.6925228e-02   1.5589779e-01   1.2387199e-05   6.1728058e-03  -3.7814537e-03
  -4.7062478e-02  -3.6204044e-02   1.5098486e-01  -5.7777562e-04   6.2477447e-03  -3.9575887e-03
  -4.1256911e-02   1.6564653e-02   1.5720768e-01  -5.4237491e-04   5.9961797e-03  -3.7479086e-03
  -5.3210803e-02  -2.4292711e-02   1.6770244e-01  -6.8058902e-04   6.3433790e-03  -3.8598280e-03
  -4.4507418e-02  -6.8097368e-03   1.5878233e-01  -3.4089424e-05   6.2855286e-03  -3.7161769e-03
  -4.0596348e-02  -1.6776987e-02   1.6095895e-01  -2.4285508e-04   6.5501608e-03  -3.9746374e-03
  -3.6207425e-02  -6.8277849e-02   1.6360110e-01   9.0671774e-05   6.3237420e-03  -3.8178287e-03
  -4.8065404e-02  -3.0915767e-02   1.6968146e-01  -5.4927789e-05   6.7190892e-03  -3.8981819e-03
  -5.6156857e-02   9.3466842e-03   1.1925391e-01   7.3435756e-04   7.1738022e-03  -4.2551779e-03
  -5.2326367e-02  -3.9686320e-03   1.5560165e-01   1.0810421e-03   7.2918175e-03  -3.9182816e-03
  -4.9204684e-02  -2.3995776e-02   1.5804761e-01  -5.4614072e-05   7.0559516e-03  -3.9633079e-03
  -5.1071119e-02   2.8108152e-02   1.4963395e-01  -1.7137235e-04   6.9767324e-03  -4.0177197e-03
  -4.6720925e-02  -2.7217880e-02   1.4849396e-01  -2.4400344e-04   7.2214675e-03  -4.1254075e-03
  -4.0663274e-02  -1.6168968e-02   1.3509349e-01   3.1631035e-04   7.3389052e-03  -4.0746814e-03
  -3.8417201e-02  -3.1549217e-02   1.4428658e-01   3.7378328e-04   7.7371737e-03  -3.8727447e-03
  -3.2585950e-02  -1.0091499e-02   1.4663165e-01   8.8810675e-04   7.8909802e-03  -3.8408277e-03
  -2.2709405e-02   2.4585882e-03   1.5948103e-01   7.6894378e-04   7.4507330e-03  -3.9108747e-03
  -2.8647574e-02   2.1817831e-03   1.6380364e-01   6.3740089e-04   7.6212151e-03  -4.0559178e-03
  -3.2317743e-02  -2.6915835e-03   1.6960681e-01   3.3057599e-04   7.6468661e-03  -3.9565637e-03
  -3.8760981e-02  -3.3164404e-02   1.7030744e-01   6.4701639e-04   7.5769973e-03  -3.8657343e-03
  -3.9977441e-02   1.6478972e-02   1.6612351e-01   3.1902377e-04   7.5814358e-03  -3.9082344e-03
  -3.5905018e-02   2.3788836e-03   1.6373775e-01   5.7442770e-04   7.2824379e-03  -3.7651294e-03
  -3.8266573e-02  -4.7168753e-02   1.7146746e-01  -2.6481862e-05   7.3812129e-03  -3.7431713e-03
  -4.3148786e-02  -4.5447736e-02   1.7288701e-01  -4.4822193e-04   7.4328234e-03  -3.7405560e-03
  -4.2620477e-02  -2.3356444e-02   1.6379990e-01  -1.9376843e-04   7.4813060e-03  -3.7345890e-03
  -3.9786949e-02  -2.4065604e-02   1.6285657e-01  -4.8011974e-04   7.5128614e-03  -3.8901799e-03
  -3.5501167e-02  -2.3372027e-02   1.4401781e-01  -2.4992551e-04   7.6128300e-03  -3.8964002e-03
  -4.1843240e-02  -3.3347067e-02   1.5207055e-01  -4.2573192e-04   7.8871144e-03  -3.9589722e-03
  -4.6272953e-02   7.2408999e-02   8.0454219e-02  -4.8947857e-04   7.6691033e-03  -3.9629547e-03
  -3.7251723e-02  -2.5090078e-02   1.5360694e-01   7.7749226e-04   7.6024471e-03  -3.7685777e-03
  -3.1166053e-02  -2.1637313e-02   1.4704657e-01   7.4763680e-04   7.4172556e-03  -3.4659181e-03
  -1.8870360e-02   5.0799461e-03   1.4131385e-01   3.7433044e-04   7.0377944e-03  -3.5714157e-03
  -2.4051231e-02  -2.5195081e-02   1.6225600e-01  -7.8901378e-05   7.1776688e-03  -3.6631225e-03
  -2.7337708e-02  -1.0990027e-02   1.5263161e-01  -2.2846207e-05   7.2948048e-03  -3.5610023e-03
  -2.8681657e-02  -6.0223436e-02   1.2736753e-01  -3.7674180e-04   7.3613580e-03  -3.6499152e-03
  -3.0530950e-02  -3.7852534e-02   1.1761978e-01   4.6258283e-05   7.3914595e-03  -3.8285609e-03
  -3.1020291e-02  -2.7035683e-02   1.2857917e-01   3.4405293e-04   7.3258577e-03  -3.7170031e-03
  -2.4602415e-02  -6.7690104e-02   1.3083776e-01   5.0869855e-05   7.2383817e-03  -3.6522461e-03
  -2.5211020e-02  -1.1369612e-02   1.3499092e-01   1.1092675e-04   7.1736143e-03  -3.7284526e-03
  -3.5469233e-02  -5.8781660e-03   1.3935894e-01   4.1691788e-04   6.9692503e-03  -3.7800726e-03
  -4.2080768e-02   2.6026549e-02   1.4316853e-01   6.0763268e-04   7.0721834e-03  -3.6260634e-03
  -4.0959872e-02   3.2065008e-02   1.4747114e-01   1.0190812e-03   7.2224772e-03  -3.6901777e-03
  -3.7393876e-02   1.1951294e-02   1.5479077e-01   4.9479054e-04   7.3788664e-03  -3.5883672e-03
  -3.4606451e-02   4.0879798e-02   1.5531442e-01   3.6508331e-04   7.1791140e-03  -3.4320475e-03
  -3.3038013e-02   2.9070603e-02   1.3378051e-01   3.0946894e-04   7.1582624e-03  -3.2453042e-03
  -2.6972633e-02   1.3406037e-02   1.2024516e-01   3.5496436e-04   6.9666155e-03  -3.2881071e-03
  -3.0951970e-02  -5.0108575e-02   1.3764463e-01   3.8088623e-04   7.5948769e-03  -3.4923550e-03
  -2.2060745e-02  -6.3365963e-02   1.2810246e-01   5.0351749e-05   7.5367705e-03  -3.4779728e-03
  -2.7198523e-02   3.3373612e-03   1.2364800e-01  -5.2966413e-04   7.3680350e-03  -3.4155920e-03
  -1.9662184e-02  -2.0851710e-02   8.1654301e-02  -2.4221760e-04   6.1530335e-03  -3.2492951e-03
  -2.4468646e-02  -4.7355386e-02   1.0758659e-01  -2.4656396e-04   6.0124569e-03  -3.0599210e-03
  -3.7843682e-02  -3.0436675e-03   6.4888128e-02   1.9245492e-03   7.3643633e-03  -3.5919266e-03
  -2.2179947e-02  -3.7046785e-02   1.0106484e-01   1.4419413e-03   6.9371410e-03  -3.2637404e-03
  -8.7808316e-03   3.9581912e-02   1.0634279e-01   2.0708417e-04   6.7571207e-03  -3.0128213e-03
  -1.0203247e-02   1.0111138e-01   1.0000435e-01   1.4045857e-04   6.9649500e-03  -2.9282988e-03
  -8.2499024e-03   6.1985470e-02   8.5296455e-02  -3.7556364e-05   7.0153608e-03  -3.0195984e-03
  -2.9860471e-03   4.2193148e-02   8.5671566e-02   4.6883012e-05   7.1528935e-03  -3.0266847e-03
   1.9745836e-04  -6.8664819e-02   1.0620629e-01  -5.2809984e-05   7.4629313e-03  -2.9033639e-03
  -6.8602193e-03  -2.8258751e-02   1.0408069e-01  -9.2177522e-05   7.6775539e-03  -2.9997133e-03
  -2.4517991e-03  -3.0412101e-02   1.0230654e-01  -5.3756643e-04   7.5877640e-03  -2.9997044e-03
  -3.4141593e-03   1.3034604e-02   9.5617526e-02  -8.1912108e-04   7.3970722e-03  -2.9295446e-03
  -9.9145466e-03   2.0113829e-02   9.8401860e-02  -4.6600247e-04   7.2565832e-03  -2.9399603e-03
  -1.4268067e-02  -2.6488186e-02   1.1126566e-01  -6.7181552e-04   7.3182063e-03  -2.7969294e-03
  -2.2639810e-02  -2.4054460e-03   1.0124139e-01  -3.7365420e-04   7.6135941e-03  -3.0051190e-03
  -2.2990347e-02   6.5577999e-02   4.5309319e-02  -1.3760110e-03   7.6624497e-03  -3.4176125e-03
  -1.5391447e-02   3.8129441e-02   8.4653874e-02  -1.2170611e-03   7.6064926e-03  -3.0901957e-03
  -1.0568600e-02   4.3619736e-02   1.0031368e-01  -1.1166907e-03   7.5076707e-03  -2.9570655e-03
   2.7846357e-03   4.9087834e-02   1.0776693e-01  -1.1862342e-03   7.6104483e-03  -2.6009127e-03
   2.2118961e-03   9.2809972e-02   8.9456018e-02  -1.6857712e-03   7.5196781e-03  -2.8488938e-03
   6.5266966e-03  -1.3775833e-02   9.3525068e-02  -1.7557109e-03   7.2253961e-03  -2.6721144e-03
   9.3702155e-03  -1.4724812e-02   7.5151390e-02  -1.8828518e-03   7.3776545e-03  -2.4806346e-03
