   0.0000000e+00   0.0000000e+00  -7.1054274e-15  -2.1684043e-19   1.3894554e-17   3.0129012e-36
  -2.1308974e-02   2.4337198e-01  -2.1120287e-02  -1.0298437e-03  -3.4446210e-04   2.8812517e-04
  -1.5860860e-02   5.8755216e-02   5.3947804e-02  -2.3890286e-04  -2.0569338e-04   2.6944025e-04
  -2.6285638e-02   2.6764939e-01  -6.1153339e-02  -1.2401381e-03  -3.5712999e-04   2.5839725e-04
  -1.9443251e-02   2.4302332e-01   1.3195525e-02  -6.6921588e-05  -1.7936816e-04   3.4104950e-04
  -2.1515020e-02   2.8390817e-01  -6.3983118e-02  -8.5837011e-04  -1.5632356e-04   6.0931341e-04
  -1.9395976e-02   1.8020475e-01  -3.2068173e-02  -8.8160170e-05   1.5490589e-04   3.8325291e-04
  -2.0421696e-02   2.7166604e-01  -1.1357652e-01  -1.1351076e-03  -1.1530146e-04   7.0462692e-04
  -1.9949871e-02   1.8721936e-01  -1.5820108e-02  -1.2561148e-04  -6.3206842e-05   5.1520763e-04
  -3.2659484e-04   2.3395628e-01  -1.4933613e-01  -1.0513800e-03  -1.7908040e-04   6.3898444e-04
  -6.4027185e-03   2.7263610e-01  -9.1577029e-02  -1.1333135e-03  -1.8525147e-04   7.3229159e-04
   1.4672153e-02  -9.8838046e-03  -3.5571370e-02  -6.7579311e-04  -5.2683872e-04   6.1242146e-04
   1.4252145e-02   2.3396654e-01  -1.5597607e-01  -6.4969707e-04  -2.8731588e-04   7.4990643e-04
  -6.8646418e-03   4.1233198e-01  -1.8289914e-01  -9.1143765e-04  -5.5614679e-05   8.1872001e-04
   7.7898298e-04   2.1484206e-01  -8.8287824e-02  -5.8365529e-04  -2.1342431e-04   6.8899005e-04
   3.8796534e-03   2.4695461e-01  -1.4310786e-01  -1.5491297e-03  -5.3200906e-04   6.2750613e-04
   6.9713779e-04   2.0143169e-01  -9.6650818e-02  -6.1456979e-04  -4.7970384e-04   5.7209506e-04
  -1.5070437e-04   2.5389209e-01  -1.5797048e-01  -1.0089456e-03  -3.0559988e-04   4.9942076e-04
   8.8956916e-03   2.3546950e-01  -1.1668781e-01  -7.0615023e-04  -4.2104873e-04   6.7689261e-04
  -1.7920504e-03   2.8706460e-01  -1.7064253e-01  -1.2599160e-03  -4.3461609e-04   6.7018026e-04
   8.2464836e-03   2.4354713e-01  -1.1270578e-01   3.2550211e-04  -2.5368495e-04   3.7145662e-04
   1.8471665e-02   2.2830044e-01  -1.6561740e-01  -1.1502988e-03  -3.0948461e-04   8.0912684e-04
   1.0343912e-02   2.9685580e-01  -1.2038446e-01   5.5049912e-05  -1.9949495e-04   7.5785323e-04
   2.1691478e-02   1.6533750e-01  -1.4595671e-01  -1.1437281e-03  -2.3537171e-04   5.8889408e-04
   1.8429288e-02   2.5908918e-01  -1.4991790e-01  -7.8653869e-04  -6.4156770e-04   6.3929560e-04
   1.6390411e-02   1.8581125e-01  -1.1758104e-01  -2.7427311e-04  -1.5018634e-04   5.8082439e-04
   3.4866418e-02   1.0691901e-01  -1.6628702e-01   1.6168315e-04  -8.6912374e-04   5.9046461e-04
   1.5414143e-02   4.1407738e-01  -2.8659258e-01   5.6570989e-04  -4.0769173e-04   6.2280284e-04
   8.0454984e-03   3.4263444e-01  -1.9799696e-01   8.5771928e-04  -4.3934094e-04   5.4222622e-04
   2.7537511e-02   2.2700220e-01  -2.4024845e-01   9.8552435e-04  -2.3009121e-04   6.3568932e-04
   2.8456734e-02   2.8877229e-01  -2.0996345e-01   1.7809961e-04  -1.8532326e-04   6.3946890e-04
   3.8853079e-02   1.9604357e-01  -2.3250629e-01   6.3467566e-04  -5.1062386e-04   6.1524583e-04
   2.8212226e-02   3.3033395e-01  -2.6843926e-01   4.1670777e-04  -5.8663061e-04   7.8377852e-04
   4.3719355e-02   5.0970718e-02  -1.4653257e-01   5.4516398e-04  -8.1468991e-04   4.7033882e-04
   4.3024005e-02   1.1859243e-01  -2.4668093e-01   1.1605656e-03  -4.6281255e-04   5.9854921e-04
   3.1675545e-02   4.3147726e-01  -3.5745016e-01   9.3674421e-04  -5.8342037e-04   9.0293224e-04
   2.1075245e-02   4.6791651e-01  -3.3940569e-01   4.5835877e-04  -2.0283893e-04   8.5319323e-04
   5.9071250e-02   1.1485021e-01  -2.3749467e-01  -5.2760196e-05  -5.4599261e-04   7.8956712e-04
   6.5174390e-02   2.8368115e-01  -3.4543960e-01  -3.0425666e-04  -8.7024468e-04   7.9275017e-04
   4.9716073e-02   4.3597262e-01  -3.5801325e-01  -1.7043809e-03  -1.9507847e-04   8.5616150e-04
   8.1786759e-02   9.1511349e-02  -2.6606905e-01  -1.7135111e-03  -9.6165097e-04   3.9856954e-04
   7.3188257e-02   3.2891565e-01  -3.8401140e-01  -2.1342765e-03   3.6973148e-05   4.2782503e-04
   6.0024787e-02   4.9333287e-01  -3.5731480e-01  -2.2257419e-03   4.2867858e-04   4.3233131e-04
   8.0434625e-02   1.5278304e-01  -3.0285952e-01  -1.0521998e-03  -1.1310644e-04   1.7234479e-04
   7.6814860e-02   3.3199419e-01  -3.8760422e-01  -1.1959546e-03   1.4738492e-04   1.1306041e-04
   6.9314492e-02   3.8324123e-01  -3.5548270e-01  -2.3318423e-03   8.9895648e-05   1.9843220e-04
   6.5957635e-02   3.4541539e-01  -3.6468414e-01  -1.8103980e-03  -5.4239433e-05   7.3230252e-05
   8.2246145e-02   2.9441230e-01  -3.5704319e-01  -1.8188169e-03  -3.0758605e-05   2.6072976e-04
   8.2987656e-02   3.6373260e-01  -4.0464823e-01  -2.0255662e-03  -1.3355645e-04   1.4511312e-04
   8.6252830e-02   3.9955557e-01  -4.3171455e-01  -1.0245323e-03  -3.6665545e-05   6.7761278e-05
   9.0664903e-02   2.7762552e-01  -3.8143451e-01  -2.0192458e-03  -2.2087038e-04   1.6497978e-04
   1.0309392e-01   2.0080251e-01  -3.7047814e-01  -1.3203917e-03  -5.8611446e-04   1.6390436e-04
   1.0278278e-01   4.2616601e-01  -4.5693446e-01  -2.1253464e-03  -3.8327727e-04   2.9097213e-04
   1.1612081e-01   2.2997558e-01  -3.1954542e-01  -1.7078810e-03  -6.1950744e-04   2.4750425e-04
   1.3205905e-01   2.7779752e-01  -4.5393571e-01  -9.3625174e-04  -6.0058330e-04   6.5093382e-04
   1.2219541e-01   5.6816315e-01  -5.5403824e-01  -4.4606230e-04  -5.0772001e-04   6.0747167e-04
   1.4748299e-01   3.3268562e-01  -4.8173499e-01  -7.4998353e-04  -6.9670606e-04   6.1697023e-04
   1.5065824e-01   4.4847733e-01  -5.5560923e-01  -1.3505373e-03  -8.1693132e-04   5.9521347e-04
   1.6058077e-01   3.6873357e-01  -5.1170198e-01  -1.2750546e-03  -9.9139566e-04   5.1683729e-04
   1.6625826e-01   3.9021424e-01  -5.8344365e-01  -2.8629051e-03  -1.1844710e-03   5.4632828e-04
   1.7927859e-01   4.1631948e-01  -5.5240353e-01  -2.3412336e-03  -1.8706541e-03   3.4196782e-04
   1.9506976e-01   3.2197837e-01  -5.6184833e-01  -2.0316048e-03  -1.5858612e-03   5.3584864e-04
   1.8297054e-01   4.8285827e-01  -5.9629040e-01  -2.2388761e-03  -1.8877649e-03   2.2268609e-04
   2.0534103e-01   3.5831433e-01  -5.4590766e-01  -1.6383263e-03  -2.1083367e-03   2.6300977e-04
   1.9819413e-01   4.9632456e-01  -6.2904933e-01  -1.9906344e-03  -1.8786691e-03   1.4908026e-04
   2.1701851e-01   3.0655578e-01  -5.2538921e-01  -1.9073819e-03  -2.2801090e-03   6.2709335e-05
   2.2725974e-01   2.8913679e-01  -5.7579182e-01  -1.3682533e-03  -2.4397584e-03   1.4543998e-04
   2.1530852e-01   5.8650807e-01  -6.6584883e-01  -1.1432476e-03  -2.1971579e-03   4.1222902e-04
   2.2115947e-01   3.8023130e-01  -5.4277259e-01  -1.5459307e-03  -1.9238211e-03   2.3304151e-04
   2.2545325e-01   4.7947730e-01  -6.1804734e-01  -2.2626316e-03  -2.2991773e-03   2.9058159e-04
   2.1623385e-01   4.4468165e-01  -5.5241658e-01  -1.2646243e-03  -2.3456280e-03   5.5943240e-05
   2.3235557e-01   4.3265254e-01  -6.1822959e-01  -1.5503928e-03  -2.3283906e-03   1.8980019e-04
   2.1980918e-01   6.0888231e-01  -6.4390715e-01  -7.7900307e-04  -2.1656234e-03   7.9657628e-05
   2.2054361e-01   4.1413967e-01  -5.7810630e-01  -1.6281966e-03  -1.9958134e-03  -4.9951130e-05
   2.3280842e-01   2.6200694e-01  -4.8810838e-01  -1.3455732e-03  -3.2209028e-03  -8.4520319e-05
   2.2529731e-01   5.3293653e-01  -6.5206078e-01  -3.9923775e-04  -2.4348199e-03   2.9691958e-04
   2.1268270e-01   6.4666984e-01  -6.6210511e-01  -1.3701516e-03  -2.2778262e-03  -1.9965691e-05
   2.3421322e-01   4.0495125e-01  -5.9970120e-01  -7.8679043e-04  -2.2774437e-03   1.5697520e-04
   2.2002436e-01   5.5083937e-01  -6.6432045e-01  -1.8541606e-03  -2.5202865e-03   2.4384916e-05
   2.2701047e-01   4.4682962e-01  -6.3701924e-01  -1.3999514e-03  -2.3591436e-03   5.4074177e-05
   2.1300915e-01   5.4778590e-01  -6.7580328e-01  -1.4730784e-03  -1.9223982e-03  -4.7769229e-05
   2.3062349e-01   3.6861896e-01  -6.0978936e-01  -1.1249617e-03  -1.9903028e-03  -4.1300785e-05
   2.2009727e-01   5.3933695e-01  -6.9194915e-01  -1.7860687e-03  -2.1533599e-03   2.7019378e-04
   2.1173126e-01   4.7360142e-01  -6.3659724e-01  -1.4773389e-05  -1.7989037e-03  -2.4598852e-04
   1.8422008e-01   6.0292898e-01  -7.8798859e-01  -1.1955482e-03  -1.6728596e-03   8.7584775e-05
   1.8576705e-01   6.0271764e-01  -7.1747825e-01  -1.2076285e-03  -1.1150468e-03  -1.5809142e-05
   2.2441570e-01   3.0524894e-01  -6.1078348e-01  -1.0311350e-03  -1.6828420e-03  -5.8614228e-05
   2.2098588e-01   5.5029916e-01  -7.2154494e-01  -9.2752379e-04  -1.7425353e-03   1.5882759e-04
   2.2205854e-01   5.7535319e-01  -6.6658676e-01  -1.1629224e-03  -1.7216280e-03   2.3027670e-04
   2.4426981e-01   4.3918877e-01  -6.8709540e-01  -5.2624841e-04  -1.7096333e-03   1.3477641e-04
   2.3696758e-01   5.6788128e-01  -6.7413246e-01  -1.4850108e-03  -1.8794884e-03   6.2125074e-05
   2.6106818e-01   3.7385150e-01  -6.4292105e-01  -6.0912232e-04  -1.8534893e-03   1.6710698e-04
   2.4949365e-01   6.2510227e-01  -7.3885076e-01  -1.5008723e-03  -1.6802308e-03   1.8233885e-04
   2.6183218e-01   5.6119266e-01  -6.5962815e-01  -1.2304958e-03  -1.3288120e-03  -7.8298309e-05
   2.7504168e-01   5.8720576e-01  -7.4481797e-01  -1.1646615e-03  -1.3075103e-03   4.4329930e-05
   2.8814656e-01   5.2068259e-01  -7.3508822e-01  -7.1723754e-04  -1.5379674e-03  -1.9111246e-04
   2.8450077e-01   5.2712944e-01  -8.0210061e-01  -1.3327006e-03  -1.8910261e-03  -6.2312382e-04
   2.8811845e-01   4.7443400e-01  -7.1883580e-01  -3.5098609e-04  -1.3910434e-03  -4.0970772e-04
   2.9840885e-01   5.6953696e-01  -8.0381167e-01  -2.2184853e-03  -1.4319355e-03  -2.7074163e-04
   3.0249862e-01   4.5172209e-01  -6.8913744e-01  -1.0951310e-03  -1.3520133e-03  -3.7511273e-04
   3.1055113e-01   5.1844440e-01  -7.8533024e-01  -1.2820953e-03  -1.4880883e-03  -3.4532904e-04
   2.9577552e-01   6.7446553e-01  -7.5701382e-01  -1.6122107e-03  -9.0770976e-04  -2.0412431e-04
   3.1516951e-01   3.7226993e-01  -7.2775582e-01  -1.6174085e-03  -1.1560717e-03  -5.1773104e-04
   3.0340017e-01   6.5003863e-01  -8.6304946e-01  -5.6623632e-04  -9.9509725e-04  -3.6067118e-04
   2.9946449e-01   5.8023196e-01  -8.2680354e-01  -7.5851745e-04  -8.1613742e-04  -5.1399448e-04
   3.1731622e-01   5.0139951e-01  -8.1414601e-01  -2.6183029e-04  -1.1388293e-03  -5.2383311e-04
   3.2526340e-01   5.0007717e-01  -8.0115543e-01  -1.3021458e-03  -1.0332073e-03  -2.7081254e-04
   3.2899261e-01   5.9935239e-01  -8.5311093e-01  -3.4525524e-05  -8.6608062e-04  -3.3236127e-04
   3.4411716e-01   5.0502827e-01  -7.6678954e-01  -3.5012049e-04  -1.0701173e-03  -1.8190747e-04
   3.4928418e-01   4.8150439e-01  -8.2228531e-01  -2.3432035e-04  -9.8018314e-04  -2.5386005e-04
   3.3286894e-01   5.5568151e-01  -8.2184761e-01  -1.2446798e-03  -1.0891019e-03  -3.8444932e-04
   3.4639994e-01   5.2616795e-01  -8.1763901e-01   4.0309312e-04  -1.4893090e-03  -2.8916312e-04
   3.3866866e-01   5.4345641e-01  -8.5307191e-01  -3.8442704e-04  -1.0297142e-03  -4.8824891e-04
   3.4520347e-01   4.3607143e-01  -7.4680265e-01  -6.7918036e-04  -1.4800232e-03  -4.0923356e-04
   3.3987767e-01   6.4736020e-01  -8.8024324e-01  -8.7758135e-04  -8.6232903e-04  -6.0174015e-05
   3.3682864e-01   3.6622215e-01  -6.3021344e-01   4.2183019e-04  -2.3246997e-03  -4.4127173e-04
   2.9360995e-01   3.4991284e-01  -5.1707225e-01   3.4122641e-03  -3.5421996e-03  -2.9934369e-04
   2.3188620e-01   6.4605606e-01  -6.0192786e-01   4.5442031e-03  -2.8980383e-03  -1.8126966e-04
   2.2246561e-01   8.3915865e-01  -6.4201179e-01   4.3508577e-03  -1.5839371e-03   4.2621589e-04
   2.3305098e-01   6.3730736e-01  -6.0080439e-01   4.6356184e-03  -1.1337709e-03   3.7131740e-04
   2.5273334e-01   6.3018419e-01  -6.8110420e-01   4.0138360e-03  -7.8617383e-04   4.7821121e-04
   2.4666474e-01   6.4949711e-01  -6.3222555e-01   3.4365940e-03  -6.5009476e-04   2.3391559e-05
   2.5433310e-01   6.1736593e-01  -6.7167552e-01   2.3189138e-03  -6.6024814e-04   1.1831535e-04
   2.6382127e-01   5.3862173e-01  -5.2955668e-01   2.4435659e-03  -9.3418404e-04   2.3640350e-04
   2.7912225e-01   5.6668751e-01  -6.0117250e-01   1.8741878e-03  -1.0432778e-03   1.8814893e-04
   2.6952081e-01   6.7431973e-01  -5.9113989e-01   8.1891653e-04  -1.1839831e-03   4.1705761e-05
   2.8189166e-01   5.2232034e-01  -6.0881982e-01   1.4158590e-03  -1.4371431e-03  -2.7766421e-05
   2.7399785e-01   6.0527458e-01  -6.3252436e-01   2.4508589e-03  -8.1151635e-04  -3.4784071e-04
   2.6798872e-01   6.0789883e-01  -6.8102621e-01   2.6406176e-03  -3.4703066e-04  -1.1116338e-03
   2.8037572e-01   6.0337505e-01  -7.3675203e-01   5.5227407e-03   7.3370929e-05  -1.5244063e-03
   2.9012720e-01   4.2215966e-01  -6.8632359e-01   7.1699243e-03   9.7788916e-05  -9.1355123e-04
   2.6065870e-01   7.0527700e-01  -8.0276916e-01   5.7365254e-03   2.6787098e-04  -9.3810297e-04
   2.9240032e-01   4.2011760e-01  -6.9488583e-01   6.4111215e-03  -3.1799762e-05  -1.5536494e-03
   2.6751255e-01   6.0149737e-01  -8.1695635e-01   6.3624549e-03   3.4479780e-04  -1.5217545e-03
   2.7288892e-01   6.1828396e-01  -7.5197909e-01   6.6497951e-03   5.4836061e-04  -1.7337179e-03
   2.7503274e-01   5.9742574e-01  -8.2418639e-01   6.5826522e-03   6.4067897e-04  -1.6240335e-03
   2.8309380e-01   5.1560524e-01  -7.6331025e-01   6.9688284e-03   9.3542795e-04  -1.7547947e-03
   3.0190881e-01   5.7525300e-01  -8.6381638e-01   5.8738469e-03   5.8649330e-04  -1.4155998e-03
   2.9633114e-01   5.5759497e-01  -7.5604382e-01   6.2709697e-03   2.5734655e-04  -1.8589000e-03
   3.2152737e-01   4.4690570e-01  -8.3390502e-01   6.3730839e-03  -1.7915205e-04  -1.6387696e-03
   2.8096419e-01   7.0833908e-01  -9.0097477e-01   5.6608019e-03   4.5248794e-04  -1.7869877e-03
   3.1300853e-01   4.4245497e-01  -8.2803651e-01   6.4830319e-03   3.1066858e-04  -1.9296548e-03
   2.9711957e-01   6.3987831e-01  -9.3252447e-01   5.9750276e-03   1.8388401e-04  -1.5125666e-03
   2.9240833e-01   6.2780982e-01  -8.9560373e-01   6.0548861e-03   6.5834123e-04  -1.7577913e-03
   3.1704738e-01   4.0042697e-01  -9.0585831e-01   6.9987719e-03   1.4699210e-04  -1.5954923e-03
   2.9927785e-01   6.2291425e-01  -9.7212721e-01   6.4120351e-03   4.2736199e-04  -1.3390849e-03
   3.2431423e-01   4.4392456e-01  -8.4779222e-01   7.0398965e-03   1.4083743e-04  -1.6127464e-03
   3.1765679e-01   5.7031699e-01  -9.4133428e-01   6.9917500e-03  -1.2915988e-04  -1.5354531e-03
   3.0143526e-01   6.3923596e-01  -9.3222818e-01   7.0107965e-03   4.4023028e-04  -1.6148738e-03
   3.3014276e-01   4.2334968e-01  -9.4242753e-01   5.0065553e-03   4.8654639e-04  -1.3894975e-03
   3.0181977e-01   6.5358023e-01  -9.5896206e-01   4.5401654e-03   6.5033389e-04  -1.5655296e-03
   3.2495946e-01   4.2520262e-01  -8.9048860e-01   6.1587164e-03   2.9120952e-04  -1.8869889e-03
   3.0101776e-01   6.3758761e-01  -9.8708180e-01   5.6212588e-03   6.3894748e-04  -1.4427724e-03
   3.1126834e-01   6.2530740e-01  -9.2458696e-01   5.5766602e-03   9.2660587e-04  -1.6235672e-03
   3.5551645e-01   2.5122141e-01  -8.2059619e-01   5.3930291e-03   2.9644764e-04  -2.0005619e-03
   3.3889192e-01   4.6066766e-01  -9.0192835e-01   6.0276376e-03   1.5245918e-04  -1.8450641e-03
   3.0429868e-01   7.5037268e-01  -9.7355085e-01   6.1945492e-03   3.1925797e-04  -1.8917121e-03
   3.0079207e-01   6.7289450e-01  -9.6649857e-01   6.6475624e-03   6.5437083e-04  -1.5469981e-03
   3.3464487e-01   3.5851227e-01  -9.0970958e-01   6.2664731e-03   8.1802701e-05  -1.5145614e-03
   3.2463500e-01   5.5109554e-01  -9.8772991e-01   6.5903524e-03  -1.0035131e-04  -1.5358867e-03
   3.1984774e-01   6.3037420e-01  -9.9828843e-01   6.3616655e-03   3.1222478e-04  -1.4662493e-03
   3.3507180e-01   5.6809117e-01  -1.0307777e+00   6.3235367e-03   4.8504856e-04  -8.2803261e-04
   3.3874235e-01   4.4831519e-01  -9.6993521e-01   5.8003995e-03   3.6016861e-04  -1.2299593e-03
   3.4039066e-01   6.1971818e-01  -1.0656202e+00   5.4749409e-03   6.6215606e-04  -1.0616272e-03
   3.4475636e-01   5.4753773e-01  -9.5866401e-01   4.8855812e-03   6.3964768e-04  -1.2739097e-03
   3.6769444e-01   4.8361468e-01  -1.0277070e+00   5.2304920e-03   2.4741682e-04  -1.1206498e-03
   3.7353345e-01   7.0397184e-01  -1.1219228e+00   5.2312818e-03  -4.1813310e-05  -1.1029936e-03
   3.9163631e-01   6.1609725e-01  -1.1621665e+00   5.1261387e-03  -4.6227841e-04  -8.4864775e-04
   3.6991436e-01   6.6132225e-01  -1.1015572e+00   3.4579048e-03  -1.5619083e-05  -7.0271003e-04
   3.8490035e-01   4.8639223e-01  -1.0724981e+00   3.1787816e-03  -3.0476838e-04  -9.0779568e-04
   3.7262788e-01   6.6873288e-01  -1.1581216e+00   3.1685690e-03  -6.8961790e-05  -6.4102671e-04
   4.0802353e-01   6.0367576e-01  -1.1513755e+00   3.1464634e-03   2.5545561e-04  -5.8555266e-04
   4.1991265e-01   6.7473334e-01  -1.2250792e+00  -3.5706537e-04   9.2544323e-04  -3.7559249e-04
   4.3374577e-01   6.9821702e-01  -1.2689065e+00  -1.1997781e-03   9.2267665e-04  -1.0636683e-04
   4.3467683e-01   6.0750893e-01  -1.2242021e+00  -2.0415905e-03   1.3670105e-03   3.1210392e-05
   4.3736839e-01   6.7694822e-01  -1.2542648e+00  -2.0951829e-03   1.0734595e-03   1.3423886e-04
   4.2132009e-01   6.3756154e-01  -1.1284595e+00  -2.0822687e-03   1.2644177e-03   2.8895571e-05
   4.1321198e-01   5.8334915e-01  -1.1240771e+00  -1.8295582e-03   3.9615279e-04  -2.2553748e-04
   4.1545269e-01   7.6182306e-01  -1.2065661e+00  -2.8605791e-03   1.3436608e-03   5.3302368e-05
   4.4161651e-01   6.2805106e-01  -1.1951498e+00  -3.8821675e-03   1.4488447e-03   3.4118786e-04
   4.4299821e-01   5.8786436e-01  -1.1554144e+00  -2.9524474e-03   1.4207856e-03   4.2729148e-04
   4.4541911e-01   5.3945970e-01  -1.1568321e+00  -3.3409386e-03   4.4859561e-04   2.7917809e-04
   4.2660279e-01   8.4076927e-01  -1.2511444e+00  -3.3996567e-03   1.3883853e-03   6.5980916e-04
   4.4849577e-01   5.8427293e-01  -1.1883599e+00  -3.6578047e-03   1.0190871e-03   2.2750493e-04
   4.3102597e-01   7.4021268e-01  -1.2494026e+00  -4.4875786e-03   1.4705570e-03   3.9341849e-04
   4.5144539e-01   5.8631271e-01  -1.1857636e+00  -5.0318195e-03   9.0439418e-04  -1.5261017e-05
   4.4946714e-01   7.3626867e-01  -1.3255766e+00  -5.6200106e-03   1.2966018e-03   2.8817244e-04
   4.5375454e-01   6.8074750e-01  -1.2393926e+00  -4.1367905e-03   1.2791553e-03   3.1901252e-04
   4.5272319e-01   6.7027840e-01  -1.2725146e+00  -4.9892161e-03   1.6452194e-03   4.6532787e-04
   4.5292640e-01   6.8630089e-01  -1.2058698e+00  -4.2393559e-03   1.2960352e-03   3.9590344e-04
   4.6169690e-01   5.8258856e-01  -1.1880984e+00  -4.2662716e-03   1.6648401e-03   6.3555806e-04
   4.5628042e-01   6.1424152e-01  -1.1620085e+00  -4.5934027e-03   1.0424717e-03   4.0992250e-04
   4.6083658e-01   7.7603462e-01  -1.2608800e+00  -4.4476308e-03   1.6693218e-03   4.4140144e-04
   4.5401437e-01   6.6747305e-01  -1.1696497e+00  -6.1948458e-03   1.4041087e-03   1.0234692e-04
   4.6276226e-01   6.8346202e-01  -1.2239026e+00  -5.4510099e-03   1.8908746e-03   5.2027200e-04
   4.6100394e-01   6.4228580e-01  -1.1806604e+00  -5.5475842e-03   1.2190395e-03   3.0273334e-04
   4.6238279e-01   7.2402691e-01  -1.2143033e+00  -5.3118521e-03   1.2625561e-03   2.4235635e-04
   4.9249107e-01   6.6122374e-01  -1.1700670e+00  -5.5021493e-03   1.1400439e-03  -1.4625557e-04
   4.9657151e-01   7.5439350e-01  -1.2095364e+00  -7.8947256e-03   7.6122266e-04  -5.3023405e-05
   5.0119847e-01   5.8213265e-01  -1.1141233e+00  -4.7885852e-03   4.1354334e-04  -5.4149147e-04
   5.0853802e-01   7.7724027e-01  -1.3162500e+00  -5.3359360e-03   4.2421583e-04  -5.7474727e-04
   5.1306857e-01   8.7279224e-01  -1.3762196e+00  -6.1203352e-03   1.0557398e-03  -5.2142464e-04
   5.4843169e-01   7.3670443e-01  -1.4034284e+00  -5.2488350e-03   1.1687179e-03  -5.8463100e-04
   5.3884781e-01   8.1360592e-01  -1.3683087e+00  -6.7240178e-03   1.3015868e-03  -4.9509807e-04
   5.5341910e-01   7.2818787e-01  -1.3586742e+00  -6.3801694e-03   7.9982942e-04  -2.9191374e-04
   5.5079887e-01   7.6765356e-01  -1.3075250e+00  -8.8516948e-03   1.8681782e-03  -2.6786601e-04
   5.5408631e-01   7.7856239e-01  -1.3586832e+00  -9.5863173e-03   1.4886101e-03  -4.2674380e-04
   5.7159209e-01   6.3854447e-01  -1.2837086e+00  -8.1601422e-03   1.3887016e-03  -8.8188873e-04
   5.8200565e-01   6.9004902e-01  -1.3665160e+00  -9.4888279e-03   1.5009604e-03  -4.5602827e-04
