   0.0000000e+00   0.0000000e+00   0.0000000e+00   0.0000000e+00   0.0000000e+00   0.0000000e+00
   3.6173695e-03   3.2412602e-02   2.5333639e-02  -4.9015891e-04  -2.3503214e-04   2.4813839e-05
   1.0739148e-03   9.3832183e-02   4.1252420e-03  -1.0899901e-03  -4.2808413e-04   8.6807200e-05
   3.1591746e-03   6.6349117e-02   1.7120494e-02  -1.1147836e-03  -3.3549686e-04   3.9967444e-05
   1.4405460e-03   8.9926373e-02   7.0212972e-03  -1.3767287e-03  -4.9262694e-04   3.9542830e-05
   2.7611976e-03   5.3432016e-02   8.0160679e-03  -1.1479638e-03  -4.1834777e-04   2.2719046e-04
   2.1539769e-04   7.1527098e-02   2.8178743e-02  -1.1344609e-03  -3.1243777e-04   7.5719247e-05
  -2.3896518e-03   1.4288277e-01   2.0795315e-02  -1.6932994e-03  -3.5247477e-04   6.0100431e-05
  -5.0657059e-03   9.0990377e-02   1.5270594e-02  -9.2456771e-04  -2.9940112e-05  -1.1505147e-04
  -3.3000089e-03   6.8699241e-02   1.0954505e-02  -1.4379380e-03   3.1043623e-04  -1.9538989e-04
   2.9701243e-03   1.0512029e-01  -2.1449432e-03  -1.8665110e-03   3.5957851e-04  -1.6605925e-05
   1.2867214e-02   4.6059774e-02   3.5377747e-02  -1.2764728e-03   7.0954033e-05   4.4773746e-05
   1.5263026e-02   8.2484574e-02   2.7431187e-02  -1.3326022e-03   1.9654330e-04   1.0933627e-04
   1.3472128e-02   5.3879375e-02   3.2493018e-02  -1.0197392e-03   3.5439960e-04  -4.5559556e-05
   2.1563131e-02   4.5614848e-02   3.6294187e-02  -1.3267551e-03   2.7916058e-04  -3.5951616e-05
   3.1832951e-02   4.6027161e-02   5.7835602e-02  -1.1848327e-03   4.6234365e-04   1.2814936e-04
   2.8404335e-02   5.7605532e-03   6.4459865e-02  -1.3988492e-03   5.0185308e-04   2.6215011e-04
   2.7661276e-02   7.0007356e-02   4.2971844e-02  -1.4764795e-03   4.2878232e-04   3.5331210e-04
   1.6660675e-02   5.1692663e-02   3.5352888e-02  -1.0864382e-03   8.7200962e-05   1.9873304e-04
   1.0386342e-02   6.2319665e-02   3.5668027e-02  -1.7101703e-03  -5.5496627e-04   1.8684196e-04
   1.2881744e-02   5.4565582e-02   3.0872021e-02  -1.4431891e-03  -2.3265977e-04  -1.5161633e-05
   1.6524503e-02   7.8255323e-02   3.3317618e-02  -1.7321197e-03  -3.5200173e-04   1.0510866e-04
   1.4317137e-02   1.1622736e-01   3.8282511e-02  -1.6793029e-03  -1.1444606e-04   6.7342866e-05
   1.8021232e-02   6.3841828e-02   6.5914550e-02  -1.0959744e-03  -2.4595252e-04   1.9745893e-04
   1.4369231e-02   1.9287097e-02   6.0857907e-02  -1.3186774e-03  -2.6978623e-04   1.7481396e-04
   1.0987775e-02   2.1995345e-03   6.6998992e-02  -9.0417333e-04  -2.5216990e-04   8.5270824e-05
   1.4017382e-02  -2.0091620e-02   5.8700493e-02  -1.1985043e-03  -2.7269774e-04   6.0735233e-05
   1.7159190e-02   7.1426550e-02   6.2653871e-02  -1.0159496e-03  -7.0085147e-05   1.4815678e-04
   2.2233423e-02   2.1509321e-02   4.6419384e-02  -1.2386462e-03  -3.0562218e-04   6.6690341e-05
   1.8550479e-02   4.7921214e-02   5.2365263e-02  -1.2082227e-03  -6.2263420e-05   4.3221550e-05
   1.8476590e-02   5.7543831e-02   4.4656214e-02  -9.6086822e-04  -2.5430762e-04   2.7130046e-05
   2.2141830e-02   4.6148537e-02   2.6598930e-02  -1.1350989e-03  -4.0117770e-05   1.4015214e-04
   2.2474099e-02   6.8319502e-02   2.8562717e-02  -7.2956741e-04   6.8828866e-07   7.3288021e-05
   1.1699091e-02   7.6316247e-02   3.6764466e-02  -8.4326327e-04   7.2363332e-05  -4.6083777e-05
   1.4778557e-02   6.9579509e-02  -2.5956426e-03  -7.0924797e-04  -5.2309770e-04  -1.8383998e-04
   1.5502664e-02   1.3115400e-01  -4.3722878e-02  -7.0151083e-04  -3.1388419e-04  -3.2288220e-04
   2.0836213e-02   9.5210416e-02  -3.8521161e-02  -1.0855104e-03   3.2748624e-05  -3.4354068e-04
   1.8543035e-02   8.7141656e-02  -2.9414523e-02  -1.1318692e-03  -1.5519447e-04  -3.7033898e-04
   1.0271148e-02   1.0289453e-01  -2.7167989e-02  -1.5972302e-03   8.1135495e-05  -3.5756037e-04
   7.4936092e-03   9.7124532e-02   1.7147339e-02  -1.0781204e-03   1.8137351e-05  -4.8213102e-04
   4.8473593e-03   5.8278828e-02   9.2762942e-03  -1.5697676e-03   1.9418223e-04  -4.7120170e-04
   1.2556562e-02   6.8068440e-02  -1.0057964e-02  -1.4441919e-03   2.7455683e-04  -4.3395398e-04
   1.3608134e-02   7.4526671e-02  -2.6835190e-02  -1.2757220e-03   3.8002901e-04  -3.8606758e-04
   1.1599845e-02   6.2856601e-02  -1.0200000e-02  -1.2317274e-03   3.5192868e-04  -5.5578523e-04
   9.8282686e-03   8.5025175e-02  -1.6392204e-02  -1.7324795e-03   1.7988825e-04  -6.5626323e-04
   7.7047091e-03   4.9555283e-02  -1.7236427e-02  -1.3456622e-03   2.4104568e-04  -5.5838965e-04
   7.4441756e-03   6.3249437e-02  -4.8693635e-03  -1.1674216e-03   2.2060984e-04  -4.5814645e-04
   3.5976163e-03   1.3186018e-01   5.6429096e-04  -1.2006998e-03   2.7571983e-04  -8.2349004e-04
   1.0457650e-02   9.9786461e-02   1.2467594e-02  -1.2041409e-03   3.0001064e-04  -7.0166599e-04
   1.4448531e-02   9.2027142e-02   1.3257990e-02  -8.4700864e-04   5.1042011e-04  -5.4616914e-04
   1.6425276e-02   8.0408960e-02   2.2743918e-02  -8.8298640e-04   7.3781258e-04  -4.6342154e-04
   1.5272319e-02   8.4494402e-02   3.8838713e-04  -1.2017260e-03   7.9667797e-04  -4.8407111e-04
   1.3017756e-02   9.2789273e-02  -2.6661853e-03  -9.8566027e-04   9.8917440e-04  -3.6843682e-04
   1.7969481e-03   3.9269475e-02  -2.3094446e-02  -7.0915282e-04   1.1654798e-03  -7.1951092e-04
   1.3479262e-03   6.7503876e-02  -1.7546850e-02  -6.4789137e-04   8.9077189e-04  -7.2951428e-04
   6.9862115e-03   9.2833208e-02  -5.4689079e-03  -1.0641768e-03   1.1484951e-03  -6.1728962e-04
   2.8292714e-03   6.9770853e-02  -1.2381738e-02  -7.5716416e-04   1.2071425e-03  -5.1587330e-04
   9.4002233e-04   7.3938612e-02  -9.7254718e-03  -8.6029472e-04   1.1605815e-03  -6.2370738e-04
   8.0569228e-03   9.2308303e-02  -2.0719434e-02  -1.1376668e-03   1.3026753e-03  -5.3167162e-04
   1.0477314e-02   9.3881317e-02  -6.2720748e-03  -6.3022901e-04   1.5822948e-03  -4.5927057e-04
   8.4211116e-03   6.8214369e-02  -6.3523260e-03  -1.2478195e-03   1.3721916e-03  -4.3872251e-04
   6.7506584e-03   7.9487958e-02   1.6999934e-02  -6.8651559e-04   1.4948979e-03  -4.8076873e-04
   7.4329902e-03   2.7970402e-02   4.2971828e-02  -1.0120275e-03   1.5662162e-03  -3.6995281e-04
   1.2440348e-02   2.6408510e-02   2.0510573e-02  -1.1132590e-03   1.6500940e-03  -4.7590566e-04
   7.4006048e-03   4.8295115e-02   1.5552559e-02  -5.5493568e-04   1.9133689e-03  -3.3050817e-04
  -5.6932702e-03   2.3149718e-02  -3.0247337e-02  -1.3731608e-03   1.6773490e-03  -6.0970812e-04
  -3.6633375e-03   9.8616546e-02  -5.5333842e-02  -1.1423844e-03   1.3620451e-03  -4.4495949e-04
  -1.2158671e-02   9.1470415e-02  -3.2143038e-02  -1.2052157e-03   1.7873894e-03  -5.3117829e-04
  -1.7505415e-02   6.9308284e-02  -6.4651513e-02  -1.6606595e-03   1.7821430e-03  -7.2972845e-04
  -1.1381119e-02   7.1955670e-02  -7.8180663e-02  -1.4215966e-03   1.7502471e-03  -5.7881163e-04
  -2.2373696e-02   9.8415722e-02  -7.9920618e-02  -1.7412617e-03   1.7195146e-03  -9.8405991e-04
  -2.8980730e-02   1.2430540e-01  -6.3041852e-02  -2.1128266e-03   1.7079722e-03  -1.0962809e-03
  -2.3376275e-02   9.8152186e-02  -4.6392656e-02  -2.4245806e-03   1.8098062e-03  -9.7914024e-04
  -1.9851189e-02   9.8109468e-02  -4.4636239e-02  -2.0597139e-03   2.0220261e-03  -1.0808644e-03
  -1.7987955e-02   1.0061811e-01  -6.1185085e-02  -1.9317523e-03   2.1597628e-03  -1.0258427e-03
  -2.0858184e-02   1.1962503e-01  -5.7386001e-02  -2.2816851e-03   2.2725750e-03  -1.1083011e-03
  -2.5614040e-02   1.2858332e-01  -1.7350071e-02  -1.3637506e-03   2.2667871e-03  -1.0622494e-03
  -2.6675434e-02   1.0806427e-01  -3.6261825e-02  -1.5192971e-03   2.1539171e-03  -1.0857069e-03
  -2.4333133e-02   1.1020861e-01  -5.9908260e-02  -2.0129416e-03   2.1479047e-03  -1.0913260e-03
  -1.9577726e-02   9.3107334e-02  -4.9532224e-02  -1.5211456e-03   2.3174372e-03  -8.9886305e-04
  -2.2031648e-02   7.9402320e-02  -3.9052417e-02  -1.1540541e-03   2.3820882e-03  -8.5383483e-04
  -1.9708502e-02   9.9062788e-02  -3.1980222e-02  -1.3265638e-03   2.2065470e-03  -9.5373688e-04
  -2.9014113e-02   1.0247486e-01  -7.2204972e-02  -1.3611472e-03   2.4044382e-03  -9.1632356e-04
  -4.2707121e-02   5.9956346e-02  -6.5417386e-02  -1.3029507e-03   1.7415363e-03  -1.3223182e-03
  -5.2309836e-02   7.9851670e-02  -4.8949559e-02  -1.8484917e-03   1.0882877e-03  -1.6748515e-03
  -4.9029187e-02   1.0353308e-01  -6.1775948e-02  -1.4432183e-03   1.6538952e-03  -1.5865880e-03
  -4.7468180e-02   9.8704592e-02  -4.6456414e-02  -1.4092658e-03   2.0010110e-03  -1.5193113e-03
  -4.5811964e-02   1.1176160e-01  -5.3900514e-03  -1.4124596e-03   1.8328587e-03  -1.6269113e-03
  -3.6536334e-02   1.0212314e-01  -7.2958868e-03  -1.6955039e-03   1.7756397e-03  -1.4020959e-03
  -3.7108629e-02   9.2703821e-02  -2.1350390e-02  -1.6912780e-03   1.9540783e-03  -1.3960694e-03
  -3.6097285e-02   1.1688253e-01  -4.3108857e-03  -1.7310547e-03   2.0415870e-03  -1.4219423e-03
  -3.5794776e-02   8.8351620e-02  -2.4082911e-02  -2.2487719e-03   2.0542725e-03  -1.3539554e-03
  -2.7351734e-02   1.4219405e-01  -1.8557073e-02  -1.9568848e-03   2.1457554e-03  -1.4165101e-03
  -1.7914903e-02   1.1525056e-01   1.8683262e-03  -2.0707034e-03   1.7695403e-03  -1.1955424e-03
  -1.8984913e-02   1.1736864e-01  -2.2998916e-02  -2.4617105e-03   1.8146660e-03  -1.1979236e-03
  -2.8603079e-02   9.0382157e-02  -1.6052031e-02  -1.8623459e-03   1.8309232e-03  -1.3453116e-03
  -2.8098404e-02   9.4217599e-02  -2.7816031e-02  -2.5693804e-03   1.7279981e-03  -1.4376632e-03
  -2.4144622e-02   1.3865741e-01  -8.6503924e-03  -2.4538893e-03   1.6803335e-03  -1.3339312e-03
  -2.9108276e-02   8.8418447e-02  -3.7256397e-03  -2.0496555e-03   1.7793976e-03  -1.2308214e-03
  -3.0179931e-02   6.6942969e-02  -1.9148966e-02  -2.6409573e-03   1.7900448e-03  -1.3508631e-03
  -3.3606744e-02   7.1503314e-02  -3.4489719e-02  -2.5342244e-03   1.7200395e-03  -1.3998634e-03
  -4.0500772e-02   7.6918866e-02  -3.0795612e-02  -2.8873032e-03   1.9414346e-03  -1.6378456e-03
  -4.4225660e-02   7.4190547e-02  -3.5043263e-02  -3.1355028e-03   1.7541211e-03  -1.6669255e-03
  -3.0671392e-02   8.2438751e-02  -4.6232339e-02  -2.6852391e-03   1.4934170e-03  -1.6636892e-03
  -3.3587823e-02   1.3313042e-01  -2.5296615e-02  -2.1641753e-03   1.7654931e-03  -1.6638509e-03
  -3.4354285e-02   1.3705872e-01  -2.8806209e-02  -2.5669750e-03   1.5305696e-03  -1.5607330e-03
  -4.3793943e-02   1.2509450e-01  -1.6219824e-02  -2.3256709e-03   1.6448005e-03  -1.6307476e-03
  -4.3736846e-02   9.0210545e-02  -1.9751788e-02  -2.3443963e-03   1.6334712e-03  -1.7850187e-03
  -3.9831968e-02   1.4341896e-01  -4.5006055e-02  -2.9065085e-03   1.6820827e-03  -1.8337039e-03
  -3.8667611e-02   1.6653236e-01  -6.1891393e-02  -2.5326988e-03   1.8404979e-03  -1.9168722e-03
  -3.5706778e-02   1.4877701e-01  -2.1934268e-02  -2.6512365e-03   1.6147848e-03  -1.7937025e-03
  -4.1831461e-02   1.1456938e-01  -2.8242981e-02  -2.8364868e-03   1.5903465e-03  -1.8648788e-03
  -4.6629506e-02   1.3385082e-01  -3.1756769e-02  -2.4603683e-03   1.6749980e-03  -1.9684579e-03
  -4.1513708e-02   1.1576525e-01  -6.8145143e-02  -2.6678535e-03   1.6888113e-03  -1.8491047e-03
  -4.6281204e-02   1.1940356e-01  -6.3824933e-02  -2.5181165e-03   1.7246411e-03  -1.7630645e-03
  -5.3454599e-02   1.0299835e-01  -6.4086115e-02  -2.5862726e-03   1.6682440e-03  -1.7593409e-03
  -5.3368107e-02   1.7223795e-01  -5.3728111e-02  -2.7661337e-03   1.7043160e-03  -1.8758399e-03
  -4.9551672e-02   1.5051263e-01  -5.5285430e-02  -2.7157958e-03   1.6651163e-03  -1.7396536e-03
  -4.6850324e-02   1.1075589e-01  -3.6249046e-02  -2.3577959e-03   1.7389643e-03  -1.8213589e-03
  -4.7831755e-02   1.7985661e-01  -4.5374740e-02  -2.7823763e-03   1.7191961e-03  -1.8494454e-03
  -4.6779175e-02   1.3396396e-01  -3.0814808e-02  -2.4907019e-03   1.6092425e-03  -1.7312482e-03
  -4.9221359e-02   8.2621836e-02  -3.6647416e-02  -2.4148339e-03   1.7499883e-03  -1.7656885e-03
  -4.2725851e-02   1.0314907e-01  -5.9427759e-02  -2.7239544e-03   1.5482090e-03  -1.7919903e-03
  -4.2034409e-02   9.9142828e-02  -8.2708367e-02  -2.7553619e-03   1.5825482e-03  -1.8411339e-03
  -4.5319471e-02   8.3111201e-02  -5.6780528e-02  -2.4193448e-03   1.6198665e-03  -1.8843761e-03
  -4.1556727e-02   1.4797643e-01  -6.3670553e-02  -2.8216134e-03   1.6350057e-03  -1.7878098e-03
  -4.8547747e-02   1.4744622e-01  -7.5744888e-02  -2.6022808e-03   1.8673267e-03  -1.8620397e-03
  -4.9238014e-02   1.1266283e-01  -6.9601101e-02  -2.7312743e-03   1.6248658e-03  -2.0357876e-03
  -4.5532661e-02   1.1330931e-01  -5.6752757e-02  -2.7573842e-03   1.7112325e-03  -2.0031146e-03
  -4.8129455e-02   7.4362259e-02  -4.5902450e-02  -2.6481531e-03   1.6485719e-03  -1.9396687e-03
  -4.5310115e-02   1.1148501e-01  -5.5581459e-02  -2.7419043e-03   1.6038736e-03  -2.0117106e-03
  -4.4804560e-02   1.3115421e-01  -7.5352236e-02  -2.8267435e-03   1.4128336e-03  -2.0082300e-03
  -4.4768010e-02   1.6315476e-01  -9.8671782e-02  -3.0334447e-03   1.3221404e-03  -2.0091947e-03
  -4.2883628e-02   9.8705153e-02  -8.7023469e-02  -2.5345871e-03   1.4660731e-03  -1.9496640e-03
  -3.7614151e-02   8.6573413e-02  -7.2245489e-02  -2.5499704e-03   1.4689909e-03  -2.0099823e-03
  -4.0342826e-02   1.3708247e-01  -5.8541268e-02  -2.7393090e-03   1.3143208e-03  -1.9772447e-03
  -4.5720478e-02   1.0294816e-01  -7.1191101e-02  -3.0774102e-03   1.3676446e-03  -1.9741341e-03
  -4.8000842e-02   1.8931299e-01  -5.5987780e-02  -2.6578019e-03   1.3418629e-03  -2.1188767e-03
  -4.9999347e-02   1.1300849e-01  -3.1728669e-02  -3.1497626e-03   1.2545498e-03  -2.0300107e-03
  -3.4747200e-02   1.4649988e-01  -3.2133005e-02  -3.7122476e-03   3.5030094e-04  -2.0233584e-03
  -4.2073509e-02   1.1652008e-01   1.8912698e-02  -3.6363249e-03   1.1221908e-03  -1.5407924e-03
  -4.2003066e-02   1.6125251e-01   2.8133695e-02  -3.8070671e-03   1.2639828e-03  -1.7315662e-03
  -4.7627501e-02   1.9561559e-01   1.4623542e-02  -3.6354417e-03   8.8948530e-04  -1.7821706e-03
  -4.8363670e-02   2.0087541e-01   1.2739972e-02  -3.7135899e-03   7.3110974e-04  -1.9972364e-03
  -6.9529790e-02   2.1720820e-01   3.3301260e-02  -3.9138903e-03  -1.4750061e-04  -2.2215856e-03
  -6.2628906e-02   1.1763091e-01   1.5594361e-03  -3.6071917e-03   1.8094432e-04  -2.3900804e-03
  -5.4033553e-02   1.9749259e-01  -1.6229270e-02  -5.0624745e-03  -5.2869189e-04  -1.7167554e-03
  -5.3308418e-02   1.4467803e-01  -5.1778520e-03  -5.7121737e-03  -5.1340475e-04  -1.6228584e-03
  -5.7930105e-02   2.1541370e-01  -3.3308333e-02  -3.8230430e-03   6.8435584e-04  -1.8832765e-03
  -6.0443293e-02   2.0382126e-01  -1.2989072e-02  -3.0390967e-03   1.3532411e-03  -2.0517722e-03
  -4.6641136e-02   2.2493865e-01   1.4762399e-02  -3.1796373e-03   2.2360249e-03  -1.9072667e-03
  -3.7981629e-02   1.5272649e-01   6.2771281e-02  -3.2295280e-03   1.9814456e-03  -1.6619361e-03
  -4.0801069e-02   1.4652338e-01   3.5659331e-02  -3.1777612e-03   2.1963573e-03  -1.8398883e-03
  -3.7974234e-02   1.7734327e-01   4.5058350e-02  -3.3046189e-03   1.9332153e-03  -1.8110444e-03
  -3.4482705e-02   1.7987604e-01   5.0608652e-02  -3.3090211e-03   2.1124803e-03  -1.8155427e-03
  -3.5377472e-02   1.6048317e-01   5.1419334e-02  -3.4296081e-03   2.0910669e-03  -1.7479050e-03
  -3.2821553e-02   1.5004078e-01   5.6305926e-02  -3.2462866e-03   2.0270297e-03  -1.8241441e-03
  -3.1874201e-02   1.7173647e-01   3.0217889e-02  -3.4718198e-03   2.1557210e-03  -1.7270990e-03
  -4.1167465e-02   1.7548671e-01   2.0431380e-02  -2.8514945e-03   2.3579441e-03  -1.8208482e-03
  -3.5375337e-02   1.9852840e-01   3.1845476e-02  -3.2788901e-03   2.3237218e-03  -1.7629822e-03
  -3.5755892e-02   1.4268945e-01   3.4906322e-02  -3.3281257e-03   2.4063816e-03  -1.7151237e-03
  -3.3991398e-02   1.2740520e-01  -9.4867442e-03  -3.0521483e-03   2.2670612e-03  -1.7138090e-03
  -3.1491355e-02   1.8240300e-01   1.7847307e-02  -3.2684299e-03   2.3883329e-03  -1.7346062e-03
  -3.8285862e-02   1.2286127e-01   3.5669980e-02  -3.0645472e-03   2.3684231e-03  -1.7158134e-03
  -3.6904713e-02   1.8671079e-01   2.2050883e-02  -3.7589747e-03   2.3756687e-03  -1.7248777e-03
  -4.1167641e-02   1.7174500e-01   2.9992624e-02  -3.5235226e-03   2.4821096e-03  -1.7888403e-03
  -4.0100550e-02   1.7653981e-01   2.2679910e-02  -4.0180829e-03   2.4481686e-03  -1.8612805e-03
  -4.6392350e-02   2.1453275e-01   7.2926631e-03  -3.6834529e-03   2.6315221e-03  -1.8058658e-03
  -3.8025780e-02   1.4976337e-01   2.5619209e-02  -3.9559014e-03   2.5908885e-03  -1.8662543e-03
  -4.0407120e-02   2.2700323e-01   3.0602853e-02  -3.6639260e-03   2.6236510e-03  -1.7951868e-03
  -4.2414613e-02   1.6287494e-01   4.3396747e-02  -3.7106919e-03   2.7444183e-03  -1.7788432e-03
  -4.2774812e-02   1.7997102e-01   8.3044288e-03  -3.7145296e-03   2.7146092e-03  -1.9103005e-03
  -4.3993855e-02   2.0380958e-01  -1.0459020e-02  -3.9526781e-03   2.7809049e-03  -1.9274539e-03
  -4.8950602e-02   1.7543913e-01   3.3212419e-04  -3.9034071e-03   3.0054516e-03  -1.8371889e-03
  -5.0662463e-02   1.7567974e-01   1.9017639e-02  -3.8992084e-03   3.0306504e-03  -1.7816232e-03
  -4.9944256e-02   1.7883978e-01   6.9418432e-03  -3.7844206e-03   3.1423773e-03  -1.8872132e-03
  -4.8011973e-02   1.8386806e-01   3.6480366e-02  -3.4112785e-03   3.2337890e-03  -1.7539123e-03
  -5.0593212e-02   1.8471213e-01   2.2047558e-02  -3.6345925e-03   2.8726980e-03  -1.6414953e-03
  -6.7061601e-02   1.5380751e-01   4.2005680e-02  -3.2659744e-03   2.8423047e-03  -1.6490207e-03
  -7.7902695e-02   1.8811494e-01   3.1633919e-02  -3.8409443e-03   2.8312659e-03  -2.0223301e-03
  -7.1766960e-02   2.4799708e-01   4.6194027e-02  -3.6348620e-03   3.1019484e-03  -2.0355669e-03
  -7.7970704e-02   1.8785918e-01   2.7279172e-02  -3.6009821e-03   3.1315811e-03  -2.0368790e-03
  -6.7017551e-02   1.9290218e-01   2.1815111e-02  -3.8717169e-03   3.2379904e-03  -2.0540510e-03
  -6.8194058e-02   2.4698504e-01   3.0637606e-02  -4.3801840e-03   2.7538149e-03  -2.1542520e-03
  -8.1797636e-02   2.1827180e-01   3.2953031e-02  -3.3828573e-03   2.6348632e-03  -2.3331740e-03
  -8.4699206e-02   2.2550299e-01   3.9434919e-02  -3.1691813e-03   2.5416125e-03  -2.0549201e-03
  -9.1840798e-02   1.9898369e-01   1.3008228e-01  -2.5482129e-03   2.7923078e-03  -2.4243405e-03
  -4.6375019e-02   2.0289956e-01   2.3402671e-01  -2.6420326e-03   2.7630382e-03  -2.4464981e-03
  -3.7908918e-02   1.7871005e-01   2.4222749e-01  -1.7885646e-03   2.7993312e-03  -2.0888261e-03
  -2.4427510e-02   2.9044717e-01   1.9485521e-01  -2.1946468e-05   2.7160925e-03  -2.1224164e-03
  -8.3984200e-02   2.3548437e-01   5.2300044e-03   1.5306676e-03   3.2677467e-03  -2.5223371e-03
  -5.7554594e-02   2.2259818e-01   1.7455978e-01   3.5613479e-04   2.3480705e-03  -2.3722824e-03
  -7.0908155e-02   2.7635673e-01   1.4042253e-01  -2.9767401e-04   2.4363308e-03  -2.9286499e-03
  -8.3712854e-02   2.2102554e-01   9.3572228e-02  -1.0390340e-03   2.5484024e-03  -2.8418529e-03
  -7.5934344e-02   2.0571596e-01   2.9018506e-01   1.7624795e-03   3.1799805e-03  -2.9089300e-03
  -3.9672339e-02   1.2268905e-01   2.1690920e-01   2.1577483e-03   3.5903225e-03  -2.8723464e-03
  -9.9291988e-03   1.5442030e-01   2.3035496e-01   2.1688594e-03   2.2949021e-03  -2.6873127e-03
  -5.1777723e-02   1.7740945e-01   4.0514157e-01  -1.5661467e-03   1.6457516e-03  -2.4488107e-03
  -5.4426611e-02   2.7719378e-01   4.7628017e-01  -3.2757936e-03   2.2236141e-03  -2.2717267e-03
  -6.6004842e-02   2.5234684e-01   3.9411612e-01  -4.9025014e-03   1.7661356e-03  -2.4329678e-03
  -8.2450397e-02   2.5605131e-01   3.1497472e-01  -5.8406559e-03   1.6384020e-03  -2.6596560e-03
  -7.8646524e-02   2.6067553e-01   4.1604917e-01  -5.2854540e-03   1.0054126e-03  -2.4684881e-03
  -7.1572924e-02   2.0804522e-01   3.8482474e-01  -4.5145126e-03   1.2192319e-03  -2.3140835e-03
  -6.3133973e-02   2.2550048e-01   4.0711171e-01  -5.2257942e-03   7.6342030e-04  -2.0923269e-03
  -8.2256858e-02   2.4729970e-01   3.3672760e-01  -4.4976965e-03   1.7694056e-03  -2.4883479e-03
  -1.0372970e-01   2.7354688e-01   3.4205797e-01  -4.6801904e-03   1.5183273e-03  -2.9757962e-03
  -6.0234939e-02   1.7821065e-01   3.7713671e-01  -5.1359081e-03   6.1260631e-04  -2.2892186e-03
  -6.6462856e-02   1.8999367e-01   4.0548403e-01  -5.1557059e-03   5.9021544e-04  -2.2511616e-03
  -7.5367471e-02   1.7693830e-01   4.0735036e-01  -4.4890296e-03   6.7303118e-04  -2.4078124e-03
