   0.0000000e+00   0.0000000e+00  -7.1054274e-15   0.0000000e+00   0.0000000e+00   0.0000000e+00
   4.4330037e-03   5.0938438e-02   3.8077195e-03  -3.1236562e-04  -4.2021737e-04  -5.9144010e-06
   8.1872806e-03  -1.8655663e-02   5.6042111e-02  -6.8734167e-04   8.8900210e-04   5.7679554e-06
  -5.4399708e-03  -1.4717897e-02   7.6924583e-02  -9.2547336e-04   1.7986031e-03  -5.0077547e-04
  -2.1307728e-02   2.5774271e-02   3.5469189e-02  -2.8108060e-03   9.0906776e-04  -1.7099208e-04
  -1.3288742e-02  -9.9556603e-03   5.5782006e-02  -2.4865034e-03   4.4641026e-04  -7.0891051e-05
  -6.3285100e-03   1.9994429e-02   2.7961446e-02  -1.7794811e-03   4.9593253e-04   6.4679426e-05
  -2.2634011e-04   4.0150240e-02   6.9118516e-02  -2.2178862e-03   3.4204075e-04   5.4526196e-04
   8.2382955e-03   1.3650813e-02   3.6804951e-02  -7.1796756e-04   1.9166974e-04   6.3844096e-04
   1.3611665e-02  -1.6530349e-02  -2.1608698e-02  -1.8839967e-03   2.0352889e-04   3.8824650e-04
  -2.8496142e-03   1.4128204e-02   1.1343569e-01  -1.7061245e-03   4.3808272e-04  -3.6352352e-05
  -1.7435229e-03   1.7419592e-02   7.9692595e-02  -2.6355030e-03   4.4144183e-04   2.8280848e-04
   5.9256955e-03  -9.7275545e-03   6.5726244e-02  -2.8506242e-03  -1.3278565e-04   3.7508273e-04
   8.1094732e-03  -6.7990298e-03   1.0306677e-01  -2.9976321e-03   1.7900363e-04   5.7133323e-04
  -1.3777916e-03  -1.6776307e-02   6.8377379e-02  -3.3577589e-03  -6.8415153e-05   5.5513392e-04
  -9.4149574e-03  -1.7219789e-02   5.5876794e-02  -3.3608712e-03  -1.1661042e-04   4.4317523e-04
  -4.7583189e-03  -1.2924368e-02   7.8531164e-02  -2.6537763e-03   8.6033797e-05   6.6701407e-04
   4.8542557e-03  -1.4069185e-02   8.2834324e-02  -3.3128475e-03  -1.8496723e-04   1.1845656e-03
  -8.1679221e-03   4.5825312e-02   1.5544335e-02  -3.5017548e-03  -9.8776687e-05   6.1796810e-04
  -1.6554364e-03  -2.4640640e-02   1.0398732e-01  -2.4923125e-03   7.5390823e-05   7.9005829e-04
   2.0799080e-02  -2.0131322e-02   8.5365274e-02  -3.1796206e-03  -4.8357817e-04   1.3463369e-03
   2.2513990e-02  -4.1784469e-02   1.2371305e-01  -2.9495903e-03  -4.2058629e-04   1.3041495e-03
   2.5791308e-02  -4.2802720e-02   1.3069492e-01  -2.3476666e-03  -2.1323750e-04   1.8116068e-03
   1.3090042e-02  -1.2287130e-02   4.8397339e-02  -2.2453375e-03  -2.1214045e-06   1.2611356e-03
   1.3194388e-02   4.7947057e-02  -3.2037743e-02  -2.3529427e-03  -7.7701071e-05   1.1106105e-03
   2.4764968e-02   4.8600746e-03   8.3915589e-02  -3.2121767e-03  -7.4710890e-04   1.9345669e-03
   2.2141763e-02  -1.4991349e-02   1.7714896e-01  -1.9207900e-03  -7.9049106e-04   2.1461565e-03
   4.4048688e-02   4.3022551e-02   8.7353784e-02  -2.3869695e-03  -1.1428965e-03   2.3060805e-03
   3.1457611e-02   1.0345004e-02   1.1135275e-01  -2.2276617e-03  -1.3476196e-03   2.2235406e-03
   2.5326505e-02  -2.9561699e-02   7.8041626e-02  -1.2730755e-03  -9.5254879e-04   2.1641334e-03
   3.7765782e-02  -1.5412052e-02   9.7729365e-02  -1.9273538e-03  -1.3485162e-03   2.2067941e-03
   4.1868365e-02  -5.9775690e-02   1.4491339e-01  -2.0130576e-03  -1.4864648e-03   2.3691381e-03
   4.3327871e-02  -1.8252559e-02   1.6229300e-01  -1.8829773e-03  -1.3686067e-03   2.2934736e-03
   3.7420952e-02  -1.0950190e-02   1.3656184e-01  -3.4465268e-03  -1.3773574e-03   2.2782657e-03
   4.2666409e-02  -4.4126415e-03   1.1132328e-01  -3.2418211e-03  -1.5035812e-03   2.1027515e-03
   3.9353771e-02  -2.0096962e-02   3.5786844e-02  -3.3424763e-03  -1.1959842e-03   1.4432643e-03
   4.1423148e-02   7.6435615e-04   1.0920492e-01  -3.2419675e-03  -1.4915380e-03   1.7572213e-03
   4.9794101e-02   2.3268097e-02   7.5396870e-02  -3.2193153e-03  -1.3954398e-03   2.2016846e-03
   4.5929608e-02   3.8954187e-03   9.2523502e-02  -3.7452030e-03  -1.5195371e-03   2.1390128e-03
   4.9732573e-02   1.7666944e-02   6.2377436e-02  -2.5735336e-03  -1.5322323e-03   2.2183057e-03
   4.3244230e-02  -1.2120419e-02   8.0375931e-02  -2.3714459e-03  -1.4673025e-03   2.2296777e-03
   4.0502286e-02   4.5325186e-02   3.6192225e-02  -3.1637656e-03  -1.4115981e-03   2.3245677e-03
   3.3887556e-02  -5.5327826e-03   5.9950568e-02  -3.1699979e-03  -1.6908126e-03   2.1286554e-03
   4.6472311e-02  -7.5472385e-03   9.9395601e-02  -2.9387552e-03  -1.4483151e-03   2.3242102e-03
   3.6035340e-02   1.7026646e-02   9.5814941e-02  -3.9174999e-03  -1.0608968e-03   2.2787679e-03
   4.2074543e-02  -2.5437224e-02   1.1343998e-01  -2.7735652e-03  -1.1664715e-03   2.2886904e-03
   3.3440458e-02  -5.5150703e-02   1.3588817e-01  -3.4239023e-03  -1.1667765e-03   2.5931913e-03
   3.3862867e-02  -6.4658272e-03   1.0659061e-01  -2.9570947e-03  -9.0149748e-04   2.2672571e-03
   3.2356094e-02   1.7084874e-02   1.4057339e-01  -2.9164187e-03  -9.9261301e-04   2.3758681e-03
   4.3356883e-02   1.1491979e-02   9.0799174e-02  -2.6038044e-03  -9.5696399e-04   2.5123067e-03
   2.1533932e-02   1.2347058e-02   1.0435083e-01  -3.9849533e-03  -1.0584348e-03   1.9256268e-03
   2.2414541e-02   7.2136470e-02   6.1492908e-02  -3.9117867e-03  -1.0269394e-03   1.8909294e-03
   1.6266484e-02   4.3598863e-02   8.8803524e-02  -4.2849822e-03  -6.7931778e-04   2.1508838e-03
   3.2613602e-02   1.9601271e-02   6.0647066e-02  -3.8383598e-03  -1.1135211e-03   2.0337264e-03
   2.9390851e-02   4.6466367e-02   9.8443504e-02  -4.0433374e-03  -1.0325586e-03   2.3564710e-03
   2.2556787e-02   6.6379046e-02   7.7900136e-02  -3.6083140e-03  -6.5322092e-04   1.9684141e-03
   3.5918018e-02   4.8732581e-02   7.4090344e-02  -3.7755492e-03  -1.0778079e-03   2.0867304e-03
   2.9879473e-02   4.6974111e-02   1.3052293e-01  -4.1294287e-03  -1.2967260e-03   2.2326843e-03
   3.8496173e-02   1.2835927e-02   9.0331106e-02  -4.2208527e-03  -1.2934639e-03   2.4049169e-03
   3.3631531e-02   2.0243965e-02   1.3461187e-01  -4.1408252e-03  -1.2967488e-03   2.3841249e-03
   4.7669115e-02   1.3629823e-02   1.2867156e-01  -3.7883777e-03  -1.5659805e-03   2.5274791e-03
   4.9023665e-02   3.4743341e-02   1.2783032e-01  -3.8546725e-03  -1.4829685e-03   2.5876872e-03
   4.9819618e-02   7.5376527e-02   9.1227327e-02  -4.4513421e-03  -1.5980231e-03   2.6738201e-03
   4.5878481e-02   5.5076059e-02   9.6979002e-02  -3.8128742e-03  -1.4672516e-03   2.4011996e-03
   4.6887414e-02   4.8032113e-02   1.0627296e-01  -3.8511006e-03  -1.4377668e-03   2.6925465e-03
   3.8391782e-02   6.4679142e-02   7.1153231e-02  -4.5889885e-03  -1.3732488e-03   2.6019679e-03
   3.8784308e-02   5.6966375e-02   8.9937029e-02  -4.3193496e-03  -1.4404134e-03   2.6281129e-03
   4.4730641e-02   4.3622101e-02   8.1329089e-02  -4.2707830e-03  -1.6686903e-03   2.7179180e-03
   4.6878655e-02   2.7865462e-02   1.0321805e-01  -4.1053065e-03  -1.6820037e-03   2.9824285e-03
   4.2487096e-02   4.0845867e-02   7.9187424e-02  -4.8349708e-03  -1.7311283e-03   2.6937119e-03
   5.3147223e-02   8.1410904e-02   1.2630099e-01  -5.0583545e-03  -2.0830325e-03   3.1567444e-03
   5.0818992e-02   9.8238601e-02   9.7619979e-02  -4.2005891e-03  -1.7754657e-03   3.0068512e-03
   4.5660518e-02   3.9646800e-02   8.8846757e-02  -5.4157702e-03  -1.9342936e-03   3.1244949e-03
   1.7380322e-02   6.1425835e-02   4.4396201e-02  -5.6375399e-03  -7.6881072e-04   2.1077738e-03
   2.1486125e-02   3.7872953e-02   1.8651260e-02  -5.1255604e-03  -8.1776739e-04   1.8021112e-03
   3.2755655e-02   8.6991541e-02   1.6156278e-01  -6.5424379e-03  -1.8317566e-03   2.2998978e-03
   2.8349456e-02   9.6958397e-02   5.4475694e-02  -9.7279821e-03  -1.2607457e-03   1.6393120e-03
   4.6644936e-02   1.2449404e-01   8.7339743e-02  -1.1644048e-02  -1.7400374e-03   2.3476201e-03
   3.8004966e-02   9.1359480e-02   1.9678193e-02  -1.1369465e-02  -1.5950351e-03   2.2971585e-03
   3.5369684e-02   4.0717120e-02   5.4747282e-02  -1.0806779e-02  -1.1976650e-03   2.3823072e-03
   3.7724814e-02   9.5358690e-02   4.3628556e-02  -1.0806828e-02  -1.0864481e-03   2.1494437e-03
   1.9684636e-02   1.0045580e-01   4.5298061e-02  -1.4858471e-02  -1.0493158e-03   1.5284221e-03
   1.3747727e-02   5.6372281e-02  -4.3175475e-03  -1.3425719e-02  -9.3903888e-04   1.5536722e-03
   3.2774133e-02   7.9986151e-02  -1.0362997e-01  -1.2062535e-02  -7.7683961e-04   1.6853377e-03
   3.2335891e-02   8.8579806e-02  -1.2985682e-02  -1.3436505e-02  -9.8936506e-04   1.9704023e-03
   2.2775610e-02   9.4471471e-02  -5.7018794e-02  -1.3483809e-02  -1.0059671e-03   1.8335869e-03
   1.9088884e-02   1.1335120e-01  -3.4206660e-02  -1.3450253e-02  -1.1036967e-03   1.6408259e-03
   1.2870411e-02   1.1236380e-01  -2.9627599e-02  -1.2927007e-02  -1.1316244e-03   1.4462130e-03
   2.4371078e-02   1.0898522e-01  -8.1998623e-03  -1.3283221e-02  -1.0795678e-03   2.0863334e-03
   1.7734640e-02   1.4499169e-01  -8.6427426e-02  -1.2533419e-02  -5.3984032e-04   1.8271390e-03
   2.2963484e-02   1.4195054e-01  -7.2564923e-02  -1.3182650e-02  -1.3405265e-03   1.7332581e-03
   1.1180312e-02   3.5315181e-03   1.3618710e-01  -1.3035618e-02  -1.5482855e-03   1.7505892e-03
   1.6549618e-02   4.9711208e-02   3.1332050e-02  -1.0276090e-02  -8.8050089e-04   2.3281925e-03
   3.3590336e-02   1.0834910e-01  -6.5253771e-02  -1.1948420e-02  -1.4211418e-03   1.9160724e-03
   1.6179295e-02   1.3480938e-01  -4.2027230e-02  -1.2764042e-02  -9.5124283e-04   1.5917839e-03
   3.9013306e-02   1.5375375e-01  -3.4969026e-02  -1.1586072e-02  -1.3828529e-03   2.0979206e-03
   3.2134631e-02   4.7615778e-02  -9.4258107e-03  -1.1854848e-02  -1.3622247e-03   2.0940893e-03
   3.1274900e-02   6.3403458e-02   3.1819652e-02  -1.2613046e-02  -1.6792997e-03   2.0355172e-03
   2.4172736e-02   5.8499118e-02   6.3858434e-02  -1.1506401e-02  -1.1859284e-03   1.9049736e-03
   3.1759171e-02   1.1295876e-01   2.5296736e-02  -1.2631837e-02  -1.1395466e-03   2.2361377e-03
   3.9432773e-02   1.0275109e-01   1.3499907e-02  -1.2346650e-02  -1.6913835e-03   2.2941565e-03
   3.7980529e-02   6.5170519e-02   1.7418342e-02  -1.2410468e-02  -1.5748319e-03   2.4308361e-03
   3.7889604e-02   5.4954758e-02   4.5250630e-03  -1.2181681e-02  -1.1120011e-03   2.2960506e-03
   4.9910504e-02   1.1359159e-01  -1.4282142e-03  -1.1937768e-02  -1.3276395e-03   2.5299449e-03
   4.6043275e-02   3.9719574e-02   2.1595950e-02  -1.1004348e-02  -1.3061286e-03   2.3931977e-03
   5.4824330e-02   8.3162066e-02   2.0221506e-02  -1.1859374e-02  -1.3856922e-03   2.5082079e-03
   4.4769233e-02   1.0276020e-01   4.0250373e-02  -1.2373766e-02  -1.6023733e-03   2.2970303e-03
   5.0004251e-02   4.7443924e-02   1.1857446e-02  -1.1689995e-02  -1.5719565e-03   2.4129057e-03
   4.5370752e-02   5.8175130e-02  -7.7470366e-02  -1.1299391e-02  -1.0189919e-03   1.7607089e-03
   5.7318407e-02   7.0481850e-02  -6.0110472e-03  -1.1451431e-02  -1.5630302e-03   2.5799766e-03
   6.0288314e-02   1.0422510e-01  -5.1406741e-02  -1.1651027e-02  -1.5297051e-03   2.4601761e-03
   5.0895134e-02   1.4108556e-01  -7.5128442e-03  -1.2165910e-02  -1.6690496e-03   2.3223121e-03
   4.3450175e-02   6.9159338e-02  -2.7569308e-02  -1.1546372e-02  -1.5731881e-03   2.1767455e-03
   4.8007006e-02   7.7966729e-02  -1.9693388e-02  -1.1729919e-02  -1.6702801e-03   2.2268256e-03
   4.6240076e-02   1.3580842e-01  -3.7566063e-02  -1.2419503e-02  -1.7525713e-03   2.0883793e-03
   4.3747959e-02   1.0492593e-01  -1.6021738e-03  -1.2047069e-02  -1.8626739e-03   1.9273732e-03
   4.5264067e-02   3.6921097e-02   1.8606887e-02  -1.1795011e-02  -1.8071054e-03   2.2500019e-03
   5.9704309e-02   7.7702347e-02   1.5404827e-02  -1.2051198e-02  -1.9564727e-03   2.3711310e-03
   6.3557664e-02   1.2914525e-01   4.5892631e-02  -1.2890469e-02  -1.1941652e-03   2.3437877e-03
   6.6594420e-02   7.1318422e-02   6.3926143e-02  -1.3272213e-02  -6.9876799e-04   2.3835020e-03
   7.4203720e-02   9.3001235e-02   7.0441109e-02  -1.2543325e-02   2.8016476e-04   2.4949028e-03
   7.4529121e-02   7.2558995e-02   6.6163883e-02  -1.2481286e-02   6.9982162e-04   2.6063542e-03
   5.9214580e-02   8.7311286e-02   8.4358115e-02  -1.2036231e-02   5.6556728e-04   2.1160457e-03
   7.2842864e-02   1.3187350e-01   3.8699804e-02  -1.2469329e-02  -2.1520830e-04   2.4099755e-03
   6.7889224e-02   1.1374537e-01   2.7661520e-02  -1.3158409e-02  -3.0279515e-04   2.4300826e-03
   7.0134621e-02   9.9581835e-02   4.3058094e-02  -1.2649974e-02  -2.4762906e-04   2.3072406e-03
   5.3398248e-02   8.2225389e-02   5.5192273e-02  -1.2486999e-02   8.8278740e-05   2.2741862e-03
   5.7612911e-02   1.1873822e-01   2.3625670e-02  -1.3522664e-02  -1.3423698e-04   2.1430149e-03
   5.8507966e-02   1.2292834e-01   6.9630700e-02  -1.2161673e-02  -1.0408128e-04   2.2385131e-03
   5.9614533e-02   3.4625840e-02   6.6638997e-02  -1.2769780e-02  -9.0719955e-05   2.4874710e-03
   7.2372298e-02   1.0345758e-01   4.8159659e-02  -1.2690482e-02  -1.9469565e-04   2.4155088e-03
   5.8804760e-02   5.5815988e-02   5.3743421e-02  -1.2206582e-02   3.9231257e-05   2.3273416e-03
   6.3550272e-02   9.7734031e-02   2.8105679e-02  -1.3139988e-02  -5.1668559e-04   2.2888425e-03
   5.5481582e-02   7.3794177e-02  -2.5939076e-02  -1.1254060e-02  -1.1312113e-05   2.0790241e-03
   5.7519658e-02   1.2242507e-01   5.2259629e-02  -1.2196856e-02  -4.0035891e-05   2.1271010e-03
   5.2254614e-02   1.2244209e-01   2.2444062e-02  -1.2427061e-02  -4.8735944e-05   2.1299376e-03
   5.8286006e-02   1.0104961e-01   2.4697849e-02  -1.1791396e-02  -9.6488117e-07   2.2803089e-03
   4.4998457e-02   9.4171947e-02   4.2836575e-02  -1.2606438e-02   4.9696476e-05   2.2841119e-03
   5.3375307e-02   8.6249850e-02   1.8830978e-02  -1.1862629e-02  -3.2581907e-04   2.1248582e-03
   5.0887061e-02   6.2027317e-02   3.8743390e-02  -1.1757061e-02  -2.8484204e-05   2.4082384e-03
   5.6560775e-02   9.6644586e-02   1.3327730e-02  -1.2454159e-02  -2.3235131e-04   2.4707708e-03
   4.8711668e-02   5.0706210e-02   3.0750251e-02  -1.2624155e-02  -1.4375794e-04   2.2741412e-03
   5.0322259e-02   8.9179969e-02  -2.0446560e-02  -1.1871475e-02   3.6752413e-04   2.0312377e-03
   4.6044006e-02   6.3435164e-02  -4.4398392e-02  -1.2461865e-02  -1.3249938e-05   1.9259763e-03
   4.2200319e-02   6.6106480e-02   1.7104595e-02  -1.2923494e-02  -2.4543875e-04   2.1916291e-03
   3.8495061e-02   1.0446944e-01  -1.2473115e-03  -1.2088433e-02   2.0425337e-04   2.0511001e-03
   3.8769947e-02   1.0629753e-01  -6.5851589e-03  -1.2948374e-02  -1.4556823e-04   2.0391656e-03
   4.0006981e-02   5.7636116e-02  -3.6037504e-02  -1.3170591e-02  -2.2436396e-04   2.0474613e-03
   4.5269105e-02   1.3923335e-01  -1.5763261e-02  -1.2905716e-02  -2.8301162e-04   2.0550632e-03
   5.5232728e-02   9.7768887e-02  -1.3712097e-02  -1.2641126e-02  -3.9635882e-04   2.3541245e-03
   5.0243042e-02   1.2652857e-01  -4.4743196e-02  -1.3267988e-02  -2.8791592e-04   2.4564587e-03
   4.8213765e-02   8.2705707e-02   2.3399487e-03  -1.3426069e-02  -6.9295712e-04   2.1476747e-03
   4.3445458e-02   8.8024259e-02   3.1785479e-02  -1.3588263e-02  -7.0496901e-05   2.4614664e-03
   4.9379070e-02   1.1715483e-01  -9.1280040e-03  -1.3497104e-02  -1.1746022e-04   2.5466002e-03
   5.1473322e-02   1.0503107e-01   3.3027560e-02  -1.3097997e-02  -1.7363905e-04   2.4035090e-03
   5.1906582e-02   7.1530243e-02   2.7552534e-02  -1.2949683e-02  -4.5853066e-05   2.4491732e-03
   4.9931909e-02   1.2575587e-01   6.0093589e-02  -1.3747997e-02  -4.6982043e-04   2.4935958e-03
   4.7669927e-02   1.1875434e-01   4.1449107e-02  -1.3177882e-02  -1.1528294e-04   2.6474021e-03
   4.5037118e-02   8.6121318e-02   5.7852897e-02  -1.3305589e-02  -1.1536690e-04   2.5973711e-03
   4.8058655e-02   9.7907679e-02   2.0747325e-02  -1.3438906e-02  -2.1808967e-04   2.4393444e-03
   4.7862637e-02   9.5864521e-02   7.4399446e-02  -1.3809344e-02  -1.8437531e-04   2.7002647e-03
   5.5105937e-02   1.1338139e-01   4.1368822e-02  -1.3421416e-02  -2.0236802e-04   2.8438421e-03
   5.4658998e-02   1.1078785e-01   4.9120243e-02  -1.3634617e-02  -6.1645844e-04   2.6910600e-03
   6.2517585e-02   7.9219404e-02   4.2231211e-02  -1.3309207e-02  -1.8323325e-04   2.9444723e-03
   4.7440005e-02   7.0924130e-02   5.2077514e-02  -1.3418591e-02  -6.3368071e-05   2.7024162e-03
   3.6033411e-02   1.0251741e-01   8.3542623e-02  -1.3441347e-02   1.0652506e-04   2.3446975e-03
   6.3509323e-02   1.4670110e-01  -1.8088700e-02  -1.3259059e-02  -4.6664584e-04   2.7975071e-03
   5.4936200e-02   7.5194323e-02   8.2216205e-03  -1.2898111e-02  -3.9996599e-04   2.3322269e-03
   6.4868204e-02   1.3299268e-01  -3.5710205e-02  -1.3266192e-02  -4.5519370e-04   2.6223374e-03
   6.5643687e-02   1.3571497e-01   9.0498717e-03  -1.2498945e-02  -4.5057839e-04   2.7138282e-03
   7.4450763e-02   9.3824075e-02   2.4607119e-02  -1.2165463e-02  -4.2856256e-04   2.9031414e-03
   6.0591236e-02   1.2905247e-01  -3.2593225e-03  -1.1941969e-02  -3.2026555e-04   2.7865808e-03
   7.1030901e-02   1.3849485e-01  -3.3656606e-03  -1.2161577e-02  -4.1220129e-04   2.8857575e-03
   5.2058669e-02   1.5598452e-01  -3.5786154e-02  -1.1550089e-02  -2.2715702e-04   2.6726966e-03
   4.8125090e-02   1.3418702e-01  -2.7924728e-02  -1.1665999e-02  -3.6454189e-04   2.5413286e-03
   6.4599058e-02   1.4492638e-01   3.3990827e-02  -1.0185804e-02   2.2298233e-04   2.3339758e-03
   6.3227710e-02   1.0464237e-01  -7.8369057e-02  -9.6510538e-03  -4.3905217e-04   2.1849824e-03
   4.7297941e-02   1.4569613e-01  -5.5147772e-02  -1.0492533e-02  -1.7150214e-04   1.9102167e-03
   3.8535140e-02   1.4610976e-01  -7.7740665e-02  -1.1431035e-02  -3.6885986e-05   1.5841432e-03
   3.9647589e-02   1.1128657e-01  -6.1030700e-02  -1.1600419e-02  -3.9350896e-04   1.7396108e-03
   6.2249982e-02   1.4003194e-01  -4.0669097e-02  -1.1686587e-02  -6.2673052e-04   1.8613881e-03
   6.5142538e-02   9.4333742e-02   1.5516188e-02  -1.1555582e-02  -4.6636674e-04   2.2180582e-03
   6.1014304e-02   7.9409132e-02   6.9358641e-04  -1.1888331e-02  -4.7402767e-04   2.1438597e-03
   5.8955624e-02   9.6912513e-02   1.9827776e-02  -1.1766005e-02  -6.9030632e-04   2.2760288e-03
   6.3205170e-02   5.6910919e-02   5.0800283e-02  -1.1924034e-02  -9.7980041e-04   2.1244367e-03
   5.2069123e-02   5.4983787e-02  -8.1715649e-03  -1.2252405e-02  -6.3699455e-04   1.6647522e-03
   4.5296949e-02   1.0539101e-01   5.7016753e-02  -1.1623606e-02  -3.2854293e-04   2.1187093e-03
   4.5603619e-02   6.8370547e-02   2.1952686e-02  -1.2310501e-02  -6.9495353e-04   2.0134059e-03
   5.6392425e-02   1.4043889e-01   1.8334759e-02  -1.1774194e-02  -4.9376510e-04   1.9200577e-03
   6.7481551e-02   1.1147379e-01   2.3380754e-02  -1.1402831e-02  -5.1833891e-04   2.1644736e-03
   6.8302759e-02   5.0670538e-02   2.0557824e-02  -1.2674954e-02  -4.9392544e-04   2.0984644e-03
   6.5848877e-02   6.9429233e-02   4.5990341e-02  -1.1832992e-02  -5.4109185e-04   2.1680443e-03
   7.0745554e-02   8.5960133e-02   2.6256203e-02  -1.1898959e-02  -3.6547877e-04   2.3999267e-03
   5.8702221e-02   8.9257305e-02   3.8481617e-02  -1.2643504e-02  -6.1425535e-04   2.4025595e-03
   6.2360075e-02   9.7958308e-02   3.8926818e-02  -1.2541759e-02  -4.4040407e-04   2.3863810e-03
   5.1651740e-02   8.4562948e-02  -1.3952758e-02  -1.2363278e-02  -5.6073295e-04   1.9669586e-03
   4.1742013e-02   7.9865038e-02  -3.8135479e-03  -1.3976608e-02   1.5474074e-04   1.6620045e-03
   6.8544609e-02   9.7544008e-02  -9.3695675e-03  -1.2611411e-02  -2.9984704e-04   2.2209839e-03
   6.1440261e-02   8.0413760e-02   6.1313594e-04  -1.3525689e-02  -2.4283080e-04   2.1765876e-03
   6.5527483e-02   1.2525790e-01   1.6157569e-02  -1.4108971e-02  -4.3686126e-04   2.1668336e-03
   6.1509348e-02   7.0614662e-02   7.9323536e-03  -1.5154773e-02  -4.7645264e-04   2.0007942e-03
   6.6303538e-02   1.0783889e-01  -9.8326363e-05  -1.4361387e-02  -5.8702343e-04   2.1132808e-03
   5.2842464e-02   1.2629649e-01   3.6104843e-03  -1.4713718e-02  -3.6005607e-04   1.6888521e-03
   5.8830738e-02   1.4044457e-01   1.5414841e-02  -1.5368786e-02  -3.6125832e-04   1.9051684e-03
   5.8620299e-02   8.3796012e-02  -4.0729938e-02  -1.3863261e-02  -2.3959918e-04   1.8505698e-03
   6.4839910e-02   1.2449761e-01  -5.0747184e-02  -1.2327877e-02  -5.0994111e-04   2.1358181e-03
   6.2592381e-02   9.1464461e-02  -2.5792948e-02  -1.2020666e-02  -5.9563215e-04   2.3761507e-03
   5.8941523e-02   1.3119298e-01  -4.0987142e-02  -1.3298347e-02  -5.8050046e-04   2.1625104e-03
   6.1839051e-02   1.2117553e-01  -1.4204431e-02  -1.2314659e-02  -6.8560698e-04   2.1627128e-03
