   0.0000000e+00   0.0000000e+00   7.1054274e-15   0.0000000e+00   0.0000000e+00   0.0000000e+00
   4.7648558e-03   4.9849715e-02   2.8998099e-02  -7.1613036e-05  -2.2835696e-05   1.4044943e-04
  -1.1800295e-02   5.0538943e-03   1.0572815e-02  -1.0912803e-04   1.4358618e-04   2.4439767e-04
  -1.6798129e-02   3.3754154e-02   6.5056893e-02  -4.0064340e-04   5.6114130e-04   3.2871128e-04
  -1.8642651e-02   1.8775215e-04   1.0080479e-01  -9.6473246e-05   5.9920714e-04   3.7703734e-04
  -3.8875901e-02   4.1273637e-02   1.5607859e-02  -7.0967689e-04   4.9396382e-04   5.3176493e-04
  -3.6346056e-02  -1.2931200e-02   4.1188494e-02  -9.0254429e-05   8.4049880e-04   6.7486705e-04
  -2.1046715e-02  -4.2891568e-03   5.8324240e-02  -4.0667679e-04   5.3275514e-04   6.1115084e-04
  -2.3128928e-02  -1.1138987e-02   1.1874434e-01   6.8590576e-04   7.5747740e-04   4.8287480e-04
  -2.4486706e-02  -5.3711077e-02   9.7025305e-02   2.1348907e-04   5.2603664e-04   5.5541812e-04
  -3.5063409e-02  -1.9973600e-02   1.1282537e-01  -1.1588651e-04   5.9873536e-04   6.8012759e-04
  -4.2288862e-02  -2.2922453e-02   8.8665846e-02  -3.1421291e-04   4.6377939e-04   5.9566664e-04
  -4.2204313e-02  -2.1442293e-02   1.2517702e-01   4.4314655e-04   6.8438027e-04   6.4657804e-04
  -3.3474144e-02  -9.8097300e-02   1.6273409e-01   1.2901871e-03   5.2037564e-04   5.0821563e-04
  -3.8515596e-02  -3.2296741e-02   1.2248545e-01   6.2702477e-04   5.8804271e-04   6.4906157e-04
  -5.3893915e-02  -6.2032699e-02   1.3341992e-01   7.3276235e-04   5.1236107e-04   8.2355286e-04
  -5.1634541e-02   3.8327521e-03   8.2848642e-02   5.2118338e-04   5.0101184e-04   6.8433255e-04
  -5.6199851e-02  -6.7326783e-02   1.0993527e-01   1.0145685e-03   7.1039842e-04   7.8942997e-04
  -5.5806455e-02  -5.6565178e-02   1.1637029e-01   4.8460550e-04   6.0682619e-04   8.6328303e-04
  -6.1166285e-02   5.7770509e-03   9.2091904e-02   1.0887616e-03   6.6454753e-04   7.3607979e-04
  -5.7166196e-02  -6.4521998e-02   1.3195566e-01   1.6357999e-03   6.5902072e-04   5.8114742e-04
  -5.5923981e-02  -3.3687001e-02   1.2779320e-01   1.4657644e-03   6.2211960e-04   6.0522476e-04
  -5.3945156e-02  -5.7126889e-02   1.5683988e-01   1.4867321e-03   7.4330774e-04   7.4920977e-04
  -5.5453046e-02  -4.4618605e-02   1.0603306e-01   1.1766940e-03   4.6047375e-04   7.3549998e-04
  -5.8826873e-02  -2.9899779e-02   1.2355831e-01   1.2806653e-03   6.1526289e-04   8.4830580e-04
  -6.3364885e-02   3.0523691e-03   1.0398296e-01   6.8356250e-04   5.4466651e-04   8.8909859e-04
  -4.7843363e-02   5.6347706e-02   8.6873189e-02   8.0609616e-04   5.4131102e-04   7.0882705e-04
  -5.5763960e-02  -3.4457841e-02   1.4318607e-01   1.3450606e-03   7.2653367e-04   9.3481280e-04
  -3.6393860e-02  -1.3700328e-02   1.2642527e-01   1.3698211e-03   3.8411812e-04   6.2190231e-04
  -4.1887192e-02  -5.5693916e-02   1.5494010e-01   2.5435429e-03   4.7387164e-04   6.0913652e-04
  -4.7805632e-02  -4.7310728e-02   1.3916307e-01   1.4254723e-03   2.2469216e-04   9.5305420e-04
  -5.2463022e-02   3.8090999e-03   1.1515877e-01   2.1819058e-04   3.9742097e-04   1.0146940e-03
  -4.4394071e-02   5.1322025e-02   1.1387905e-01   6.9052932e-04   2.8592910e-04   9.8645856e-04
  -3.9174582e-02   1.3001727e-01   9.8738103e-02   5.0002724e-04   1.4788209e-04   8.2242968e-04
  -5.1947886e-02   7.2151401e-02   1.3542408e-01   1.0823631e-03   5.9423039e-04   9.4158701e-04
  -4.7411955e-02  -4.5134858e-02   1.5231088e-01   1.1499658e-03   2.8447151e-04   9.1554082e-04
  -4.1948176e-02  -1.0517729e-03   1.5920833e-01   1.6386162e-03   1.0273291e-04   8.8697295e-04
  -5.4031361e-02  -8.0460699e-03   1.9801206e-01   1.5613142e-03   4.2121428e-04   1.2117046e-03
  -5.0907426e-02   2.5011338e-03   1.8676532e-01   1.5904163e-03   4.9723737e-04   9.8141493e-04
  -5.7345627e-02  -3.2036763e-02   2.3020667e-01   2.5317594e-03   7.3671562e-04   8.9731463e-04
  -4.6967577e-02  -5.1157022e-02   2.4148907e-01   2.2511119e-03   4.1526827e-04   9.2604443e-04
  -5.7055642e-02  -5.5603613e-02   2.4477231e-01   3.2106492e-03   5.0539140e-04   8.7371243e-04
  -7.2638710e-02  -6.2483152e-02   2.6381315e-01   2.3933202e-03   5.5776735e-04   1.1263849e-03
  -6.7987955e-02   8.0012619e-03   2.3475968e-01   2.2326066e-03   2.9322152e-04   9.4115947e-04
  -7.7639434e-02   9.3581003e-03   2.4018178e-01   2.5321378e-03   5.0391711e-04   1.0302197e-03
  -5.5376168e-02  -2.0909363e-02   2.3917106e-01   2.5465859e-03   3.7927829e-04   9.7042459e-04
  -6.5881399e-02   3.6240880e-02   2.6883788e-01   3.3347755e-03   4.9013444e-04   1.0958431e-03
  -5.8754700e-02  -1.7174617e-02   3.1468445e-01   3.2659458e-03   3.7619959e-04   1.0723722e-03
  -6.4431614e-02  -3.8085081e-02   2.7832419e-01   2.6671919e-03   5.1995882e-04   1.1321379e-03
  -7.8144937e-02   3.1356474e-02   2.6086905e-01   2.5868703e-03   6.1342073e-04   1.2020213e-03
  -7.2512261e-02   4.6861493e-02   2.4739171e-01   2.3198359e-03   5.6616560e-04   1.1463880e-03
  -7.9874562e-02  -3.4545083e-02   2.9052170e-01   3.3712404e-03   5.6388157e-04   1.0387819e-03
  -7.8426991e-02  -2.0986374e-02   2.5474891e-01   2.9831314e-03   1.3270337e-04   1.0753979e-03
  -9.4493848e-02   1.1631663e-02   2.6395325e-01   3.4609276e-03   4.1547846e-04   1.0784952e-03
  -1.0436628e-01   2.1074438e-02   2.6798830e-01   2.4398015e-03   5.1600760e-04   1.5374603e-03
  -1.0076422e-01   4.2979197e-02   2.2371749e-01   1.9335028e-03   5.3287076e-04   1.6041261e-03
  -1.0130275e-01  -7.2865275e-03   2.6970139e-01   2.7248988e-03   6.2089589e-04   1.4836037e-03
  -7.5073201e-02   4.3120502e-02   1.9663356e-01   2.0849050e-03   4.8351303e-04   1.5065161e-03
  -7.5597075e-02   6.1780753e-02   2.3238161e-01   2.4244678e-03   6.7891823e-04   1.7436863e-03
  -5.6923774e-02   2.3366433e-03   2.2528754e-01   2.3303714e-03   5.9392990e-04   1.7371558e-03
  -6.8444165e-02   2.6522227e-02   2.2972165e-01   2.9098380e-03   6.3131326e-04   1.7066183e-03
  -7.6624138e-02   3.4404828e-02   2.4062254e-01   2.8981024e-03   6.3057132e-04   1.7349678e-03
  -6.1289192e-02   3.2117387e-02   2.4198111e-01   3.5983356e-03   4.5291583e-04   1.4390807e-03
  -7.0617717e-02   2.6494336e-02   2.8452056e-01   4.2042976e-03   5.5914022e-04   1.3728083e-03
  -5.6208441e-02   8.6496631e-03   2.5855170e-01   3.9423743e-03   3.0813333e-04   1.1372114e-03
  -6.4437382e-02  -1.4880307e-02   2.8723327e-01   3.7563087e-03   6.8814302e-04   1.2846145e-03
  -6.3318688e-02  -6.6594960e-03   2.8653906e-01   3.4692930e-03   5.4654915e-04   1.2445690e-03
  -7.5202859e-02   7.5733119e-02   2.3257983e-01   4.2430594e-03   4.9299615e-04   1.1420473e-03
  -8.7547075e-02   1.9494558e-02   2.6107579e-01   5.2301196e-03   5.2686537e-04   1.5242366e-03
  -7.3677756e-02  -2.3831276e-02   2.5117994e-01   5.3150686e-03   1.1449845e-04   1.2780411e-03
  -8.6807148e-02  -6.4286527e-03   2.9104324e-01   5.4395501e-03   1.3980689e-04   1.5391082e-03
  -8.7718655e-02   3.6962594e-02   2.7833291e-01   5.9940291e-03   2.4921247e-05   1.3399013e-03
  -8.5135979e-02   1.2937558e-02   3.0553607e-01   6.7067973e-03   2.7608286e-04   1.4571015e-03
  -7.5335326e-02  -9.6418181e-02   3.0115216e-01   6.1197023e-03   1.3849694e-04   1.7302119e-03
  -6.1646187e-02  -3.6980577e-02   2.9842677e-01   5.9433366e-03  -8.0182228e-05   1.6139242e-03
  -7.3240760e-02  -1.4338949e-02   3.3671468e-01   6.7324313e-03  -5.0840407e-05   1.6478710e-03
  -6.6827270e-02  -9.5406582e-03   3.1301851e-01   6.5239809e-03   5.3407831e-05   1.4164229e-03
  -8.1933982e-02  -1.9146842e-02   3.0920327e-01   6.7373713e-03   3.6596649e-05   1.5601503e-03
  -7.4680472e-02  -3.0175960e-02   2.9216643e-01   6.8425919e-03  -1.4564031e-04   1.4464029e-03
  -8.8274452e-02  -7.4826730e-02   3.0574968e-01   6.8105847e-03   1.1501844e-04   1.5465842e-03
  -7.7502797e-02  -9.7925725e-03   2.9166794e-01   5.6142823e-03  -1.2376048e-04   1.6689552e-03
  -7.5371092e-02   4.0119706e-02   2.9314978e-01   5.9023656e-03  -6.2660860e-05   1.5627476e-03
  -8.0349699e-02   1.4672598e-03   3.0561591e-01   6.5687840e-03  -8.1716408e-05   1.6561006e-03
  -7.5943582e-02   4.1746783e-02   2.7293549e-01   6.0522086e-03  -1.1498013e-05   1.4766325e-03
  -8.5712085e-02   5.8235586e-02   2.8448756e-01   6.7624548e-03   1.5110507e-04   1.4120264e-03
  -8.6761912e-02  -2.6897053e-03   2.9204207e-01   6.1264641e-03  -8.3707694e-05   1.6763202e-03
  -8.9342931e-02   3.6618004e-02   3.1832998e-01   6.6307604e-03  -1.3252349e-05   1.6654778e-03
  -8.7765065e-02  -3.8151193e-02   3.1877954e-01   7.2372488e-03  -6.9444469e-05   1.6052067e-03
  -7.1690451e-02  -1.9073896e-02   2.6725366e-01   6.9423299e-03  -3.1355984e-04   1.5787751e-03
  -6.7907539e-02  -5.2637953e-02   3.0020128e-01   6.4339438e-03  -1.1142677e-04   1.6506848e-03
  -7.6336152e-02   5.4612932e-02   2.7552541e-01   5.9785949e-03   3.0914530e-06   1.6409177e-03
  -7.4394411e-02   4.6496853e-02   2.5237377e-01   6.1940079e-03  -3.1075879e-05   1.5565925e-03
  -8.8403246e-02   5.4357395e-02   2.7027580e-01   6.7514126e-03   5.8394115e-06   1.6974242e-03
  -8.6469994e-02   6.3714445e-03   2.3325866e-01   6.2610507e-03   9.5887542e-06   1.7839401e-03
  -8.5819294e-02   3.3928648e-02   2.6623309e-01   6.9542811e-03   1.4590686e-04   1.8710634e-03
  -7.8411677e-02   1.8516406e-02   2.6726680e-01   6.7761671e-03   1.3282977e-04   1.9441666e-03
  -6.5375794e-02   4.6467832e-02   2.1841477e-01   6.3559399e-03  -1.3108957e-04   1.6898310e-03
  -7.7631045e-02  -6.2838005e-02   2.8657377e-01   7.4010575e-03   1.8267991e-05   1.7782722e-03
  -5.1285626e-02   9.1533712e-03   2.0862480e-01   6.0542650e-03  -3.0796945e-04   1.6833006e-03
  -6.2117566e-02   2.3394841e-02   2.4291927e-01   6.4101283e-03   2.5438265e-04   2.0683344e-03
  -5.4103429e-02   1.8538581e-02   2.0633890e-01   6.3164981e-03   3.0352626e-05   1.8955265e-03
  -5.3136048e-02  -6.7769532e-02   2.5894758e-01   7.0657123e-03   2.0244517e-04   2.0247359e-03
  -5.4770924e-02  -1.1647813e-01   2.2596900e-01   7.4264916e-03   8.5704859e-05   1.6968464e-03
  -5.9846554e-02  -4.9219941e-02   3.5758197e-01   7.6684917e-03   2.6495373e-04   1.7717988e-03
  -7.3579252e-02  -4.8102070e-02   3.6176950e-01   7.5609666e-03   1.1166257e-04   1.6612825e-03
  -8.3056049e-02  -3.9822968e-02   3.4301161e-01   8.2079572e-03   3.9550257e-04   1.8533299e-03
  -7.7628709e-02  -5.1744730e-03   3.3626646e-01   7.4318539e-03   3.0564721e-04   1.9983575e-03
  -6.9337175e-02  -6.0124715e-02   3.7312576e-01   8.3956081e-03   3.0806755e-04   1.8383135e-03
  -6.6108287e-02  -1.2887352e-01   3.7003075e-01   7.3851330e-03  -5.2550745e-05   2.0266261e-03
  -6.8361073e-02   1.8619560e-02   3.0592136e-01   7.3546356e-03   3.1368387e-05   1.7120814e-03
  -6.1501773e-02  -3.7552069e-02   3.6538483e-01   7.2972658e-03   3.7598474e-04   2.0320603e-03
  -6.7593551e-02   4.8978271e-02   3.2823432e-01   6.8462683e-03   2.2295741e-04   2.2083416e-03
  -7.6173605e-02   9.1232101e-02   3.2175721e-01   6.6748392e-03   4.8463356e-04   2.3773638e-03
  -7.5550588e-02   7.3927802e-02   3.1481287e-01   6.9706316e-03   4.1406139e-04   2.1922286e-03
  -7.3856922e-02   2.2287214e-03   3.4498121e-01   7.2157890e-03   3.5871305e-04   2.2491093e-03
  -7.1710014e-02   7.1701413e-02   3.1454221e-01   6.8479801e-03   3.0999567e-04   2.1686179e-03
  -7.0246908e-02   3.7034641e-02   3.7644325e-01   7.6394671e-03   5.9916902e-04   2.1204743e-03
  -5.8606122e-02   2.4412397e-02   3.3176724e-01   6.7665830e-03   3.6260829e-04   2.0228600e-03
  -6.6028815e-02   6.0656835e-02   3.4149764e-01   6.5961662e-03   4.5023404e-04   2.1280875e-03
  -6.8936455e-02   8.7541417e-02   3.3399814e-01   6.6537246e-03   5.5469375e-04   2.1137483e-03
  -4.5786378e-02   1.1834065e-01   3.0419753e-01   6.3994742e-03   3.9556246e-04   2.1144903e-03
  -6.6130645e-02   3.8546299e-03   3.7561252e-01   8.0158031e-03   6.0128587e-04   2.0450685e-03
  -7.4966612e-02   2.9554706e-02   3.1272778e-01   6.7976872e-03   5.3611592e-04   2.3591624e-03
  -7.8685763e-02   1.0816078e-01   3.3257648e-01   6.9883825e-03   7.9736744e-04   2.5483269e-03
  -5.4098878e-02   4.7774860e-02   3.0971240e-01   6.9557075e-03   5.4205064e-04   2.1800418e-03
  -4.3738944e-02   4.6116252e-02   3.4762688e-01   7.1890355e-03   5.6925937e-04   2.1274789e-03
  -4.5807581e-02   5.1704722e-02   3.3915040e-01   7.1291833e-03   3.8383811e-04   2.1758031e-03
  -4.8363259e-02   4.1417380e-02   3.6267628e-01   7.5021683e-03   4.8469537e-04   2.2424731e-03
  -3.7524170e-02   3.4415812e-02   3.3936191e-01   6.8570167e-03   7.8212473e-05   2.2997469e-03
  -3.9308766e-02   5.2807656e-02   3.6711564e-01   6.8456505e-03   1.7023625e-04   2.4848715e-03
  -2.5312275e-02   2.3679453e-02   3.3958654e-01   6.5174140e-03   3.7848539e-05   2.2456921e-03
  -3.7199138e-02   1.2900666e-01   3.6579073e-01   6.9527256e-03   3.1664963e-04   2.1102362e-03
  -4.7435025e-02   6.3751601e-02   3.3997283e-01   6.7491281e-03   3.9301318e-04   2.1607436e-03
  -2.0081216e-02   5.9586481e-02   2.9623626e-01   7.1023169e-03   3.5502546e-05   1.7333424e-03
  -2.1646000e-02   4.3041948e-02   3.2336274e-01   7.0211135e-03  -5.2262447e-05   1.9227047e-03
  -2.5380798e-02  -1.2272653e-02   3.6941783e-01   7.6255581e-03  -9.2368876e-05   1.8980419e-03
  -3.0919159e-02   2.9472167e-02   3.9363170e-01   7.0922817e-03   2.2203283e-05   2.2203199e-03
  -7.4355559e-03   7.0974266e-02   3.7320419e-01   7.2301836e-03  -3.3036835e-04   1.9637671e-03
  -9.0578162e-03   4.8722494e-02   4.0796444e-01   7.9630857e-03  -3.5049015e-04   2.2649437e-03
   3.0384446e-02   1.5820818e-01   3.8353024e-01   6.7749526e-03  -8.3099118e-04   2.1767585e-03
   3.5148842e-02   1.1302674e-01   4.4011991e-01   6.7691675e-03  -6.8427361e-04   2.2855472e-03
   1.8414635e-02   1.1579063e-01   4.4986271e-01   6.3661488e-03  -5.8357621e-04   2.4554824e-03
   4.2025456e-02   1.4802674e-01   3.8511655e-01   6.8540467e-03  -1.0121286e-03   1.8708782e-03
   3.1367705e-02   1.0388497e-01   4.5589929e-01   6.9509381e-03  -1.0712253e-03   2.1244208e-03
   1.8689260e-02   1.3660105e-01   3.9269798e-01   7.0408104e-03  -1.1975948e-03   2.1691999e-03
   2.8814408e-02   1.5575328e-01   4.4996557e-01   6.9795082e-03  -1.1223872e-03   2.3800895e-03
   1.6938735e-02   1.2591654e-01   4.3030462e-01   6.7282425e-03  -8.2496480e-04   2.3360189e-03
   2.7624052e-02   8.0905687e-02   4.4130625e-01   7.1500588e-03  -8.7787739e-04   2.2364518e-03
   1.5626263e-02   1.6287394e-01   4.1883193e-01   6.7758449e-03  -8.1923187e-04   2.2110827e-03
   1.6825942e-02   1.8271375e-01   4.2895304e-01   7.4403523e-03  -8.5054439e-04   2.1973437e-03
   2.5142334e-02   7.2265181e-02   4.8032506e-01   8.0019037e-03  -1.2495390e-03   2.3408932e-03
   3.7495501e-02   6.4874447e-02   4.4235242e-01   7.7850949e-03  -1.3262606e-03   2.1589060e-03
   3.5829802e-02   1.0161723e-01   4.4493831e-01   7.0751100e-03  -1.2693698e-03   2.4659210e-03
   3.8668837e-02   8.6874147e-02   4.3277056e-01   7.2145647e-03  -1.1352397e-03   2.2867203e-03
   1.7338073e-02   1.4874097e-01   4.4431131e-01   7.7150553e-03  -1.0495503e-03   2.3481275e-03
   2.7166615e-02   1.3060515e-01   4.1457438e-01   8.0145160e-03  -1.1176089e-03   2.1080780e-03
   2.0104236e-02   3.7990874e-02   4.7037698e-01   8.3476141e-03  -8.9474136e-04   2.4457190e-03
   9.6994147e-03   1.1644486e-01   4.1686006e-01   7.9284491e-03  -1.0201957e-03   2.6650656e-03
   4.1476373e-02   2.3989441e-01   3.4128757e-01   6.6991296e-03  -1.4224455e-03   2.1617873e-03
   5.8722694e-02   1.6831421e-01   3.5751595e-01   6.7246394e-03  -1.3745332e-03   2.2040169e-03
   4.6518660e-02   1.4220235e-01   4.4329749e-01   7.6474670e-03  -9.5570030e-04   2.4019189e-03
   3.7984915e-02   1.6859240e-01   4.0288592e-01   7.5376315e-03  -1.1644133e-03   2.4349408e-03
   3.9176479e-02   1.2949472e-01   4.4426502e-01   7.9441662e-03  -1.0903112e-03   2.4980479e-03
   3.5943389e-02   8.7277466e-02   4.5093989e-01   7.9576311e-03  -1.1724743e-03   2.4663157e-03
   4.6984660e-02   1.0897350e-01   4.2001506e-01   7.2544080e-03  -1.3011499e-03   2.4474463e-03
   5.6355556e-02   4.8410211e-02   4.4082146e-01   7.8613337e-03  -1.2542060e-03   2.2947433e-03
   6.2471919e-02   6.5703153e-02   4.4864620e-01   7.2627810e-03  -1.5093435e-03   2.5483643e-03
   4.4056159e-02   1.3080189e-01   4.0209824e-01   7.6205497e-03  -1.3116666e-03   2.5100222e-03
   5.7342120e-02   1.2854290e-01   4.3870468e-01   7.0552708e-03  -1.2799547e-03   2.7471997e-03
   5.6347737e-02   1.4864148e-01   3.7779735e-01   7.3368365e-03  -1.4249772e-03   2.3888485e-03
   6.7138750e-02   2.2184755e-01   4.4260911e-01   6.9753595e-03  -1.5111888e-03   2.4702033e-03
   5.4041342e-02   1.5841286e-01   4.7316432e-01   6.5477034e-03  -1.1453096e-03   2.8337878e-03
   5.1669535e-02   1.7299199e-01   4.8458449e-01   7.0002602e-03  -1.1451556e-03   2.8677795e-03
   4.9915377e-02   1.8076199e-01   4.7176589e-01   6.9014516e-03  -9.5544857e-04   2.6312484e-03
   4.3001084e-02   1.6505240e-01   5.1115688e-01   7.6616649e-03  -8.6469065e-04   2.4524267e-03
   3.8524398e-02   1.7138082e-01   5.2695038e-01   7.3489353e-03  -1.0300682e-03   2.5586673e-03
   5.9192469e-02   1.8566768e-01   5.2140671e-01   7.5163199e-03  -1.2870335e-03   2.4576443e-03
   6.1077694e-02   1.3953191e-01   5.6090555e-01   7.9008924e-03  -1.2142464e-03   2.5810054e-03
   7.7699849e-02   1.9564781e-01   5.1016341e-01   7.4786209e-03  -1.5517302e-03   2.7382345e-03
   6.0289355e-02   2.1946238e-01   5.4608565e-01   7.5274077e-03  -1.3037873e-03   3.2904111e-03
   6.1308597e-02   2.2323477e-01   5.3327866e-01   6.6734260e-03  -1.3928202e-03   3.6012661e-03
   8.1881451e-02   2.8572018e-01   4.6550515e-01   6.9798045e-03  -1.5028897e-03   2.7844242e-03
   1.0608042e-01   2.3714878e-01   5.2964480e-01   7.3060123e-03  -1.8313436e-03   2.7525453e-03
   9.7954054e-02   2.3457373e-01   6.1107923e-01   7.2763110e-03  -1.6378089e-03   2.9406581e-03
   1.4720202e-01   4.2217663e-01   6.2170300e-01   5.2271172e-03  -3.0575085e-03   2.4317940e-03
   1.9123429e-01   3.9049073e-01   7.0844379e-01   4.0529171e-03  -3.3242690e-03   2.8607372e-03
   1.5776063e-01   3.5544633e-01   6.9882833e-01   5.0324754e-03  -2.9639497e-03   2.8150731e-03
   1.5799674e-01   3.9857007e-01   6.7061802e-01   5.2456935e-03  -3.0762183e-03   2.7174972e-03
   1.5792513e-01   3.4703082e-01   6.6760252e-01   5.9016289e-03  -3.0149457e-03   2.6912427e-03
   1.4977820e-01   3.6560806e-01   6.9343374e-01   5.4810949e-03  -3.4707979e-03   2.9859508e-03
   1.6071819e-01   3.1040664e-01   6.9358883e-01   5.6213287e-03  -3.6277887e-03   2.9946647e-03
   1.6303084e-01   2.2645436e-01   7.3059138e-01   6.0471553e-03  -3.6473843e-03   3.1651981e-03
   1.7455528e-01   2.4858725e-01   7.0535873e-01   5.6934838e-03  -3.7416681e-03   2.9674713e-03
   1.6446536e-01   2.4916787e-01   7.2520606e-01   5.8339287e-03  -3.5703601e-03   3.0961022e-03
   1.6715958e-01   3.1743584e-01   7.1759314e-01   5.8730280e-03  -3.6362002e-03   3.0029562e-03
   1.5761882e-01   2.9734047e-01   7.4083001e-01   5.6977396e-03  -3.3941837e-03   3.0835919e-03
   1.6968229e-01   2.5371998e-01   7.0986318e-01   5.4217587e-03  -3.6541193e-03   2.9021991e-03
   1.5992388e-01   3.0703423e-01   7.5772435e-01   5.9063325e-03  -3.4844265e-03   3.1500245e-03
   1.7300871e-01   2.5826631e-01   7.2228051e-01   5.9940994e-03  -3.5569671e-03   2.8406808e-03
   1.7489089e-01   2.8081911e-01   7.6121568e-01   6.2494439e-03  -3.5928682e-03   2.9820573e-03
   1.7776913e-01   2.4265949e-01   7.4373719e-01   5.8914359e-03  -3.5218370e-03   3.0289504e-03
   1.9323919e-01   2.7624305e-01   7.2576654e-01   5.3259414e-03  -3.7000214e-03   2.9415952e-03
   1.7383712e-01   3.0930797e-01   7.3913561e-01   5.6639526e-03  -3.4290270e-03   3.0598636e-03
   1.8248271e-01   3.1626143e-01   7.2911024e-01   4.7178947e-03  -3.4289079e-03   2.9761105e-03
   1.8095496e-01   3.5928633e-01   7.2646632e-01   4.8250664e-03  -3.3710690e-03   2.7876285e-03
   1.8999400e-01   3.4078174e-01   7.6512440e-01   5.6647750e-03  -3.7521242e-03   2.7896953e-03
   1.9055557e-01   3.3083733e-01   7.4064281e-01   5.7459895e-03  -3.6815311e-03   2.5433521e-03
   1.8963231e-01   2.7610468e-01   8.0697228e-01   5.6935676e-03  -3.6855426e-03   2.8641278e-03
   2.0909750e-01   2.4055827e-01   7.7063479e-01   5.7588141e-03  -3.8106056e-03   2.5335501e-03
