   0.0000000e+00   0.0000000e+00   0.0000000e+00   0.0000000e+00   0.0000000e+00   0.0000000e+00
  -3.2172522e-04   1.4216562e-02  -6.7597185e-03   1.5879049e-05  -4.4958808e-05   1.9337977e-05
  -4.4803584e-03   6.7246018e-02   1.6588242e-02  -7.4809834e-05  -1.6147509e-04  -6.2281348e-05
  -8.9467575e-03   6.0143148e-02   1.8164817e-02  -6.7967604e-04  -7.6139439e-05   2.4088268e-05
  -1.8407346e-02  -8.0482878e-02   3.6892162e-02  -5.6481637e-04  -3.0353221e-04  -7.7924646e-05
  -1.2076235e-02   1.3179110e-02  -2.4604340e-02  -6.6634474e-04  -1.9245997e-04  -7.1151593e-05
  -1.2790856e-02   2.1840626e-01  -5.6412133e-02  -6.0961272e-04  -1.3936995e-04   4.1457226e-05
  -1.2809256e-02   1.1256363e-01  -1.4770680e-02  -4.0527302e-04  -4.2919722e-04  -3.5596915e-04
  -1.4745853e-02   7.5481533e-02  -1.1192398e-02  -7.6483822e-04  -3.0774843e-04  -9.9287941e-05
  -1.5279305e-02  -6.4987388e-03   4.1851502e-02  -8.5701434e-04  -2.4828856e-04  -1.2414819e-04
  -1.4891342e-02  -7.2274585e-02   1.8933494e-02  -6.8634378e-04  -3.9821309e-04   1.7145405e-05
  -2.1685146e-02   1.0582561e-01  -4.6897006e-03  -7.1357899e-04   9.9284734e-05   7.7885440e-05
  -1.0014289e-02   1.0097744e-01  -9.5231280e-03   4.5892563e-05  -1.8463629e-04  -3.5550341e-06
  -9.6934582e-03  -2.3596433e-02   9.5870421e-04  -3.3979102e-04  -5.0055640e-04   2.0558055e-05
  -4.1376533e-03  -1.0408013e-01   8.3360710e-03  -4.6518864e-04  -7.6003507e-04  -8.2381552e-05
  -2.0427457e-02  -3.7359972e-02  -5.8191766e-02  -3.3720419e-04  -4.5516619e-04  -3.3006218e-04
  -3.1244720e-02   2.4103554e-01  -7.5930296e-02   2.8072470e-04  -2.3874468e-05  -1.4592866e-04
  -3.3728837e-02   1.4617078e-01  -5.0389072e-02   1.9739131e-04  -2.6656721e-05  -1.0238481e-04
  -2.8319545e-02   6.9731910e-02  -4.8490966e-02  -3.5012775e-04   2.2279406e-04  -4.3407027e-05
  -2.4570926e-02   1.4338682e-05  -1.3888702e-02  -7.0975286e-04  -6.6806587e-05   2.3160793e-05
  -2.5200856e-02   8.6404279e-03  -4.8776789e-02  -1.9114396e-04   1.2268291e-04   4.8822274e-05
  -2.8728303e-02   1.2932761e-01   9.3123308e-03  -2.2164724e-04  -1.4787197e-06   1.5025471e-04
  -4.3506837e-02  -6.8492657e-02   5.5226210e-02  -5.5350524e-04  -3.3878647e-05   6.1326557e-05
  -5.2232149e-02   7.5837821e-02   2.5217899e-02  -1.0630955e-03   5.4141456e-04   3.9115611e-04
  -5.1563156e-02   1.2131989e-01  -8.5888083e-04  -2.2716793e-04   6.0853053e-04   2.9783380e-04
  -3.4064652e-02   6.3461851e-03   1.4397724e-03  -1.7018363e-04   2.9418086e-04   1.7461850e-04
  -3.2998868e-02  -3.5850242e-02   6.0014516e-03  -5.9335955e-04   6.6732939e-05   9.4316800e-05
  -2.6027858e-02  -1.3423149e-02   1.4895182e-02  -5.5514162e-04  -6.6838310e-05   2.0860542e-04
  -2.1445533e-02   1.1544548e-01  -3.0924760e-02   1.4760149e-04  -4.4705427e-05   2.9818729e-04
  -4.1432202e-02   1.5173700e-01  -5.4950531e-02   4.9154167e-04   3.3442919e-04   3.3044025e-04
  -3.5739219e-02   4.3350070e-02  -9.8024020e-03   2.7115460e-04  -5.2503243e-07   2.2460587e-04
  -2.3455823e-02  -6.8498131e-02  -8.4867665e-03   1.7365452e-04  -8.8935149e-05   3.3138220e-04
  -1.4831052e-02  -9.3937215e-02  -7.5092020e-03  -2.5124724e-05  -2.7958773e-04   6.0922975e-04
  -2.3082059e-02   5.6030943e-02  -4.6889902e-02   3.7033295e-04   6.2096057e-05   5.4212393e-04
  -3.6351702e-02   1.7543409e-01  -4.1709996e-02   7.8488773e-04   2.9044890e-04   5.5288169e-04
  -3.3304986e-02   1.0620453e-01  -3.8037777e-02   4.7629463e-04   3.9037506e-04   5.9915731e-04
  -1.7769343e-02   1.1191670e-02  -2.0879394e-02   2.3720221e-04   7.2628273e-05   6.4277407e-04
  -1.8799010e-02  -3.6488543e-02  -2.2150843e-02   6.3070401e-04  -5.8382250e-05   6.5448479e-04
  -1.2869781e-02   2.0328112e-03  -2.5439868e-02   6.7251069e-04  -4.5192080e-05   8.4978227e-04
  -1.3821092e-02   3.1192775e-02  -1.8939476e-02   9.9559656e-04  -3.9607546e-05   7.5125439e-04
  -3.1556038e-02   1.0788764e-01  -4.4647542e-02   1.1698647e-03   2.6728231e-04   7.0049487e-04
  -3.0440638e-02   9.7709298e-02  -5.1282501e-02   1.3677987e-03   2.9225719e-04   9.5431686e-04
  -2.5110544e-02   5.4630193e-02  -4.2893930e-02   1.4255617e-03   1.9936028e-04   9.5136604e-04
  -1.6099849e-02   5.7114107e-02  -3.0609754e-02   1.0742779e-03  -2.0975308e-04   1.0980191e-03
  -3.3480620e-02   1.5180006e-02  -2.2654763e-02   1.3248285e-03   1.7550774e-04   1.0993679e-03
  -3.4157055e-02   1.9891810e-02  -1.5254917e-02   1.5067001e-03   9.2377409e-05   1.1437385e-03
  -2.9769763e-02  -2.6948187e-02  -1.3453588e-02   1.1499750e-03  -1.3105000e-04   1.1957585e-03
  -2.9321385e-02  -1.4356654e-02  -3.6187497e-02   1.0551631e-03  -1.3472505e-04   1.1053919e-03
  -1.6754940e-02   2.6441188e-02  -5.8372186e-02   1.3411101e-03  -7.1649650e-05   1.2616864e-03
  -1.1537269e-02   3.2399253e-02  -9.0681753e-02   1.6050426e-03  -1.5931098e-04   1.1248394e-03
  -3.4850986e-03   7.9806443e-02  -8.4770407e-02   2.0622077e-03  -2.4088908e-04   1.0822851e-03
  -2.2711017e-02   1.4342997e-01  -5.8633109e-02   2.3915397e-03   4.3353706e-06   1.2305830e-03
  -1.9253871e-02   7.3015837e-02  -5.0017695e-02   1.8350635e-03  -6.1771577e-05   1.1312643e-03
  -9.9679935e-03   4.8196316e-02  -1.5408235e-02   1.9669337e-03  -2.6694480e-04   1.0272676e-03
  -3.3947318e-03  -3.0497554e-02  -4.3635623e-03   1.6115049e-03  -4.7276258e-04   9.1104741e-04
   7.6046347e-03  -3.2823828e-02   2.1033368e-02   1.3849835e-03  -4.3567496e-04   1.0360709e-03
   1.1934030e-02  -2.7662384e-02  -3.4707659e-02   2.4726278e-03  -7.2947897e-04   9.9036858e-04
   5.4026494e-03   1.8583041e-02  -8.0269151e-02   2.8142435e-03  -5.8948865e-04   9.2926410e-04
  -2.3642075e-02   1.6693529e-01  -4.3392492e-02   2.2812118e-03   9.3850004e-05   1.0798351e-03
  -2.1294925e-02   1.5330752e-01  -1.1520994e-01   2.1013113e-03  -8.9797998e-05   9.2047754e-04
  -1.3672173e-02   9.3502145e-02  -9.0522873e-02   1.8207435e-03  -4.2917187e-04   6.7895674e-04
  -3.1489655e-02   4.0207573e-02  -2.0285579e-02   1.3941203e-03  -2.1108195e-04   5.5732515e-04
  -3.1392643e-02  -3.4026235e-02   3.8858785e-02   8.5841753e-05  -2.5780809e-04   3.3191716e-04
  -3.6694554e-02   9.4511950e-03   5.5336526e-03  -6.2595142e-05  -2.9922034e-04   4.1137706e-04
  -4.4744961e-02   8.2193087e-02  -2.1082722e-02   2.6853767e-04  -3.4449899e-05   1.1205788e-04
  -7.6554675e-02   2.6593073e-01  -3.2777562e-02   8.7689038e-04   3.2322839e-04   1.0750770e-04
  -6.6533084e-02   2.5251726e-01  -1.2132469e-02  -4.0887913e-04   3.6766058e-04  -4.7364530e-05
  -5.8523930e-02   1.4780262e-01   4.0045302e-02  -3.3621748e-04   3.5200922e-04  -4.8092380e-05
  -5.5632817e-02   1.7303752e-02   9.8442705e-02  -8.1298620e-05   4.7048980e-04   1.3683629e-04
  -6.3524503e-02   1.7486766e-01   7.8100455e-02  -2.0049863e-04   4.5034550e-04   2.8329526e-04
  -5.6049041e-02   1.3035582e-01   7.4569194e-02  -4.4724887e-04   1.9261647e-04   5.1835431e-05
  -4.6001142e-02   3.6773519e-02   6.6129192e-02  -2.5788700e-04   7.4839206e-05   2.0537508e-05
  -5.0851505e-02  -1.2574958e-02   8.3051729e-02   4.5624899e-04   3.9373023e-04   1.7539229e-04
  -3.0904693e-02  -2.4329288e-02   5.9464244e-02   1.3003856e-04   3.6988213e-05   3.4576121e-04
  -4.8713969e-02   1.0573613e-01   2.0213173e-02   5.1494962e-04   4.7840295e-04   3.0492291e-04
  -6.6057569e-02   2.2278151e-01   7.5693762e-03   1.0399976e-03   6.6616402e-04   2.7068319e-04
  -5.5509883e-02   1.9349057e-01   1.9685785e-02   5.3267794e-04   2.7996465e-04   2.3774311e-04
  -5.6967667e-02   8.5761488e-02   3.6336617e-02   5.7220152e-04   4.3202550e-04   2.8737253e-04
  -5.3566651e-02   1.0298406e-02   6.9165800e-02   1.4912550e-04   3.6602168e-04   1.8193876e-04
  -4.3051338e-02  -3.0828095e-02   5.5580265e-02   3.6091478e-05  -1.6542760e-04   2.7894385e-04
  -5.2867782e-02   7.1169927e-02   1.3712081e-02  -1.3668169e-04   4.1823027e-05   4.0354339e-04
  -7.3543708e-02   2.2780485e-01  -8.9367801e-03   6.4327365e-04   6.3419101e-04   2.5232226e-04
  -6.4535556e-02   1.3882738e-01  -2.0029897e-02   1.4196117e-03   4.9672844e-04   2.3647560e-04
  -6.7863259e-02   1.4514466e-01  -1.4229222e-02   1.3378987e-03   6.8238182e-04   3.2624157e-04
  -5.0534597e-02   1.0572900e-02  -1.7052052e-02   1.2578701e-03   3.0212095e-04   2.1890664e-04
  -4.0786306e-02  -9.7943433e-03  -2.0748660e-03   1.0747124e-03   1.9688865e-04   2.9096277e-04
  -3.7392687e-02   2.9763245e-02   1.4784329e-02   9.5327166e-04   1.0657978e-04   3.9889818e-04
  -2.9156331e-02   4.1358355e-02  -2.3030684e-02   1.2378921e-03  -2.6316331e-04   2.5408139e-04
  -1.9155140e-02  -4.8599549e-02  -1.0329047e-01   1.4238664e-03  -8.1134543e-04   1.2634402e-04
  -3.0333205e-02   4.6175327e-02  -1.6431908e-01   2.1316233e-03  -5.9939660e-04   4.4063741e-04
  -4.0704760e-02   2.3412260e-01  -1.7759794e-01   1.8789613e-03  -7.2415850e-04   4.7473320e-04
  -4.2477019e-02   2.8772297e-01  -1.3241584e-01   1.6552850e-03  -5.2363118e-04   4.8345155e-04
  -4.1419040e-02   1.9109802e-01  -1.0394541e-01   1.7683281e-03  -5.6953319e-04   6.0390613e-04
  -4.4366496e-02   1.1508124e-01  -1.0786205e-01   1.4145006e-03  -5.0886770e-04   3.2646041e-04
  -5.2537497e-02   1.4965500e-01  -1.3930875e-01   1.7641472e-04  -2.2293561e-04   3.2952894e-04
  -4.6269882e-02   7.8050128e-02  -1.0672303e-01   8.3552071e-04  -3.2706735e-04   2.9125772e-04
  -3.4273478e-02   8.9559757e-02  -1.1899634e-01   1.2055755e-03  -5.5485623e-04   2.6470786e-04
  -3.1014861e-02   7.5140661e-02  -1.2141181e-01   1.6362513e-03  -8.4733753e-04   3.6680509e-04
  -4.1420803e-02   1.1542462e-01  -1.3214122e-01   9.3445827e-04  -4.6852557e-04   4.7306062e-04
  -5.5573794e-02   3.0183272e-01  -1.2709732e-01   8.3700298e-04   5.4648814e-05   3.8396251e-04
  -5.1967972e-02   2.2585360e-01  -1.4139749e-01   1.5816107e-03  -3.0032271e-04   2.4901178e-04
  -4.8648640e-02   1.2390653e-01  -1.1616014e-01   7.2212931e-04  -2.7154347e-04   2.4657948e-04
  -4.1485950e-02   2.5497723e-02  -1.0690337e-01   4.6243681e-04  -4.2302487e-04   2.1354831e-04
  -3.6608759e-02   3.9321250e-02  -1.4223005e-01   5.4448545e-04  -8.8144278e-04   2.5523286e-04
  -2.6502346e-02   9.8137206e-02  -1.6743713e-01  -1.2867971e-04  -8.1497544e-04   3.6917052e-04
  -3.8017407e-02   2.6582901e-01  -1.7552109e-01   7.0061733e-04  -4.8518775e-04   4.9097869e-04
  -5.6508322e-02   3.6596236e-01  -1.8423427e-01   8.0773916e-04  -2.6032896e-04   4.2310169e-04
  -4.7184456e-02   2.3724337e-01  -1.5580696e-01   1.6960310e-03  -6.3571851e-04   3.4051878e-04
  -4.9106778e-02   1.8219464e-01  -1.5884812e-01   1.1081723e-03  -5.2483385e-04   2.1028336e-04
  -3.5947697e-02   1.2985592e-01  -1.5087369e-01   8.6705249e-04  -8.8269021e-04   9.4428272e-05
  -2.4982900e-02   1.1947586e-01  -1.4255874e-01   8.4380167e-04  -1.2402350e-03   1.3286447e-04
  -1.3892193e-02   1.1247403e-01  -1.6897560e-01   9.0189768e-04  -1.5042567e-03   1.3001767e-04
  -1.0746501e-02   1.0376301e-01  -2.0026107e-01   5.8750461e-04  -1.6266219e-03   3.9502817e-05
  -3.5922152e-04   1.3793307e-01  -1.9980546e-01   1.0235649e-03  -1.4931293e-03   2.4191245e-04
  -9.0754239e-03   1.8199683e-01  -1.8324472e-01   1.5287805e-03  -1.5089846e-03   1.5071184e-04
  -2.9671591e-02   2.5121066e-01  -1.7382289e-01   1.6197938e-03  -1.2168822e-03   1.7696178e-04
  -1.9841303e-02   2.1817551e-01  -1.4945053e-01   1.4622087e-03  -1.7256085e-03   8.6375902e-05
  -1.9712031e-02   1.3588398e-01  -1.3054720e-01   1.3757278e-03  -1.7062740e-03   1.7425464e-05
  -1.2193322e-02   3.9982452e-02  -8.8124805e-02   1.1822286e-03  -2.0152965e-03  -2.7267579e-04
  -1.2911442e-02   7.9453026e-02  -9.5016421e-02   1.2434078e-03  -2.1824461e-03  -1.7232355e-04
  -1.6032946e-02   1.0590730e-01  -1.4953983e-01   1.2228728e-03  -2.3628604e-03  -3.0676558e-04
  -1.5711890e-02   6.6356385e-02  -1.8174020e-01   1.1416024e-03  -2.3667174e-03  -4.5604818e-04
  -1.3900831e-02   2.1042814e-01  -2.0958430e-01   1.2708272e-03  -2.1980107e-03  -4.6750984e-04
  -2.8816937e-02   2.5107174e-01  -1.9083167e-01   1.7728990e-03  -1.9493034e-03  -4.1489232e-04
  -2.9648534e-02   1.6217045e-01  -1.8928502e-01   2.0167489e-03  -2.0899900e-03  -2.2876776e-04
  -1.8786625e-02   2.2461703e-01  -1.7335376e-01   1.0628686e-03  -2.0176152e-03  -1.6241481e-04
  -1.5968207e-02   1.0801154e-01  -1.4422012e-01   1.2107553e-03  -2.2513363e-03  -3.6856083e-04
  -2.4124763e-02   7.6859482e-02  -1.3012422e-01   9.3447716e-04  -1.7919613e-03  -3.1483698e-04
  -2.7465584e-02   1.0686535e-01  -1.4537906e-01   1.0235537e-03  -1.9153219e-03  -8.0371506e-05
  -2.4063601e-02   2.3420296e-01  -1.6904842e-01   9.6903090e-04  -1.7480538e-03  -3.7172930e-04
  -3.6344739e-02   2.9475245e-01  -1.6849294e-01   8.3070664e-04  -1.4850966e-03  -4.7437499e-04
  -3.2850492e-02   2.0284743e-01  -1.5166183e-01   1.2946113e-03  -1.6270187e-03  -4.7292146e-04
  -3.1598396e-02   1.2332612e-01  -1.5028427e-01   6.4788041e-04  -1.5104525e-03  -3.9601565e-04
  -2.2848780e-02   1.7067997e-01  -1.4830213e-01   1.8209076e-04  -1.6198292e-03  -3.9364908e-04
  -1.7009078e-02   1.6092188e-01  -1.5175630e-01   1.3728700e-04  -1.6105117e-03  -4.6979924e-04
  -1.8483525e-02   2.5259471e-01  -1.8491974e-01   1.1596508e-03  -1.5558378e-03  -5.8555130e-04
  -3.0960107e-02   3.2703843e-01  -1.6061811e-01   1.1783136e-03  -1.5928043e-03  -6.4688172e-04
  -3.5700759e-02   2.3600614e-01  -1.4145028e-01   4.7488865e-04  -1.5573211e-03  -7.4437004e-04
  -1.6658964e-02   1.0358753e-01  -1.3658124e-01   7.8064871e-04  -1.9792931e-03  -7.6259536e-04
  -1.3499669e-02   5.4252450e-02  -1.4715325e-01   8.8721882e-04  -2.2608721e-03  -7.3558027e-04
  -1.7987259e-02   1.1734376e-01  -1.7101760e-01   9.6962885e-04  -2.3905750e-03  -6.4935088e-04
  -2.4908328e-02   1.5613536e-01  -2.0392735e-01   1.0154597e-03  -2.2582252e-03  -6.8105227e-04
  -3.5163670e-02   2.1749675e-01  -2.1575859e-01   1.3977182e-03  -2.0730871e-03  -6.3333885e-04
  -4.3647430e-02   2.7740621e-01  -1.9668116e-01   1.3132167e-03  -1.8523893e-03  -7.1839810e-04
  -3.2418882e-02   2.2444269e-01  -1.6301209e-01   2.2837811e-03  -2.2982499e-03  -7.3810637e-04
  -3.1690629e-02   2.0160397e-01  -1.5994839e-01   1.4595220e-03  -2.1828469e-03  -6.4403912e-04
  -1.3228224e-02   1.2592358e-01  -1.4565545e-01   1.6787253e-03  -2.6325692e-03  -7.3221027e-04
  -1.5470752e-02   1.2889779e-01  -1.6871647e-01   1.8466553e-03  -2.5030441e-03  -6.7399234e-04
  -3.5809403e-02   2.6056941e-01  -1.6964560e-01   1.2483837e-03  -2.2159015e-03  -5.6593586e-04
  -3.7311552e-02   2.1880710e-01  -1.8564096e-01   1.0479670e-03  -2.3531244e-03  -8.9198625e-04
  -2.5287149e-02   2.3083520e-01  -1.8773544e-01   1.6396660e-03  -2.8618441e-03  -8.8085281e-04
  -3.1686469e-02   1.5320253e-01  -1.9758660e-01   1.3848392e-03  -2.9474483e-03  -9.9121331e-04
  -3.6819842e-02   1.1288736e-01  -1.9439546e-01   5.8504373e-04  -2.7114918e-03  -9.0291494e-04
  -4.7668581e-02   2.4764540e-01  -2.0994342e-01   1.3564137e-03  -2.7103637e-03  -8.5735312e-04
  -3.7678127e-02   3.8211656e-01  -2.3148916e-01   1.1691742e-04  -2.7822244e-03  -1.0862532e-03
  -2.4677411e-02   2.1730740e-01  -2.2115934e-01   2.8724533e-04  -3.4250160e-03  -1.0475882e-03
  -3.3115210e-02   1.5958184e-01  -2.2014733e-01   5.1822845e-04  -3.3523956e-03  -1.1632621e-03
  -3.0723366e-02   1.6492152e-01  -2.3402390e-01   6.7598179e-04  -3.3637674e-03  -1.0074153e-03
  -2.7350600e-02   2.2916554e-01  -2.4804765e-01   7.8854262e-04  -3.4688144e-03  -7.6350403e-04
  -3.1665159e-02   3.0107323e-01  -2.5027267e-01   1.0373049e-03  -3.3083701e-03  -7.6241494e-04
  -4.8670620e-02   3.2788543e-01  -2.5570197e-01   1.1792318e-03  -3.1487722e-03  -1.0054103e-03
  -5.6069325e-02   2.9647263e-01  -2.5568386e-01   3.2730257e-04  -2.9749597e-03  -9.0029797e-04
  -4.9890439e-02   2.3708997e-01  -2.3179859e-01  -2.3919491e-05  -2.9373938e-03  -9.7500854e-04
  -3.0273165e-02   1.6555662e-01  -2.0218055e-01   1.4958697e-05  -3.5140092e-03  -1.2689232e-03
  -2.0265623e-02   1.7053533e-01  -2.4544726e-01   3.9720172e-04  -4.0264367e-03  -1.1821072e-03
  -2.4844778e-02   1.7618419e-01  -3.0175321e-01   3.6004144e-04  -4.1110610e-03  -1.2641952e-03
  -2.9040480e-02   1.6280641e-01  -3.6483908e-01   4.6925323e-04  -4.0397290e-03  -1.4192518e-03
  -5.6636058e-02   4.0567212e-01  -3.2823679e-01   1.0903033e-03  -3.5519466e-03  -1.4258424e-03
  -7.4352363e-02   4.7512884e-01  -3.1326169e-01   3.5700077e-04  -3.1527312e-03  -1.2752644e-03
  -5.5964248e-02   3.0938785e-01  -2.9374827e-01   1.0544886e-03  -3.6549644e-03  -1.3201931e-03
  -5.4185089e-02   2.3415778e-01  -2.8387502e-01   6.2770013e-04  -3.5491411e-03  -1.3499302e-03
  -4.5824720e-02   2.0130275e-01  -2.7480934e-01   3.6798902e-04  -3.6078133e-03  -1.2476643e-03
  -3.7054575e-02   2.6647962e-01  -2.7677523e-01   4.1317546e-04  -3.5313838e-03  -1.3410378e-03
  -3.2684037e-02   2.5879475e-01  -3.1086771e-01   2.5995446e-04  -3.6555782e-03  -1.2922580e-03
  -3.9498035e-02   3.4414110e-01  -3.4967745e-01   6.5666007e-04  -3.5344459e-03  -1.3603243e-03
  -4.4695835e-02   3.6924127e-01  -3.3350248e-01   1.4302930e-03  -3.5502499e-03  -1.2970738e-03
  -6.2091542e-02   3.2865154e-01  -3.1634861e-01   7.6465439e-04  -3.1101223e-03  -1.3485400e-03
  -4.7510648e-02   2.9294318e-01  -2.9583280e-01   2.9146650e-04  -3.4802271e-03  -1.3183241e-03
  -4.7295103e-02   2.3482087e-01  -2.8556304e-01  -3.6968226e-04  -3.4490515e-03  -1.5117404e-03
  -5.0559000e-02   2.2321872e-01  -2.8209857e-01  -2.0444377e-04  -3.5952148e-03  -1.4664409e-03
  -5.0643962e-02   2.0808166e-01  -3.0996715e-01  -4.6212544e-04  -3.6485599e-03  -1.2873319e-03
  -4.9175544e-02   2.0070462e-01  -3.6894746e-01  -3.3773523e-04  -3.7455766e-03  -1.2641530e-03
  -4.3913857e-02   3.6388690e-01  -3.8551665e-01  -4.4689509e-05  -3.6240404e-03  -1.4612335e-03
  -4.1793938e-02   3.8375103e-01  -3.5684790e-01   7.9659009e-04  -3.8585194e-03  -1.5912470e-03
  -5.9973583e-02   3.6065650e-01  -3.2924296e-01  -3.4394453e-04  -3.3424508e-03  -1.4908924e-03
  -3.5225224e-02   3.1506973e-01  -3.3456266e-01   9.4021989e-05  -4.2611007e-03  -1.3426913e-03
  -3.4874959e-02   2.1156479e-01  -3.1618477e-01   4.9362533e-04  -4.3031218e-03  -1.3531896e-03
  -1.8954130e-02   2.1926186e-01  -3.0313989e-01   4.8437711e-05  -4.4160889e-03  -1.5624106e-03
  -1.9352344e-02   1.9772229e-01  -3.2757827e-01   4.0638550e-04  -4.3538862e-03  -1.4211456e-03
  -2.3507592e-02   3.5779247e-01  -3.3739787e-01   2.6398960e-04  -4.1087133e-03  -1.2391194e-03
  -2.4005662e-02   3.4353592e-01  -3.2911977e-01   9.6583786e-04  -4.1250928e-03  -1.2580055e-03
  -7.3885562e-03   2.5039721e-01  -3.1982133e-01   9.0478403e-04  -4.2271890e-03  -1.2996157e-03
  -6.7607943e-03   2.9522700e-01  -2.9802263e-01   5.7697515e-04  -4.1233480e-03  -1.3339983e-03
  -4.9101260e-03   1.8287789e-01  -2.9766830e-01   1.7317738e-04  -3.9277337e-03  -1.0731720e-03
  -2.2728563e-02   3.3862648e-01  -3.2016950e-01   2.8167685e-04  -3.7933954e-03  -1.0813490e-03
  -1.8869804e-02   3.6054203e-01  -3.2273386e-01   5.9422425e-04  -3.8526400e-03  -1.1969224e-03
  -1.9062683e-02   2.5932088e-01  -3.2560071e-01   7.5757256e-04  -3.9480249e-03  -1.4123453e-03
  -2.5522908e-02   1.8692859e-01  -3.2728706e-01   2.9050310e-04  -3.8489455e-03  -1.1186079e-03
  -4.1366368e-02   3.3315720e-01  -3.7554083e-01   2.2734711e-04  -3.6681609e-03  -1.3464725e-03
  -2.9224329e-02   5.1092308e-01  -4.0214665e-01   3.4263869e-04  -3.5429715e-03  -1.5409700e-03
  -2.5471047e-02   3.9799496e-01  -3.7532225e-01   1.4464026e-03  -3.6130313e-03  -1.2803110e-03
  -1.6926753e-02   2.9673217e-01  -3.6586551e-01   4.8368674e-04  -3.7245486e-03  -1.6324716e-03
  -7.5973129e-03   2.6301298e-01  -3.2633698e-01   9.9043010e-04  -4.1737069e-03  -1.6461409e-03
  -1.0694114e-02   2.7616394e-01  -3.4622138e-01   3.7333133e-04  -4.3115877e-03  -1.2098331e-03
  -7.3807300e-03   2.4543346e-01  -4.2923932e-01   9.8632026e-04  -4.4995830e-03  -1.0325081e-03
  -3.3980621e-02   3.7484396e-01  -3.9576904e-01   7.5977760e-04  -3.8761058e-03  -1.3540621e-03
  -3.0128573e-02   4.6338006e-01  -3.6541880e-01   4.8678844e-04  -3.8544137e-03  -1.2000681e-03
  -3.6188877e-02   3.4323408e-01  -3.4716632e-01   6.9284214e-04  -3.6996775e-03  -1.2221278e-03
  -2.1934069e-02   2.5085210e-01  -3.4710239e-01   2.4200285e-04  -3.9108207e-03  -1.3583446e-03
