   0.0000000e+00   0.0000000e+00   0.0000000e+00   0.0000000e+00   0.0000000e+00   0.0000000e+00
   3.2162463e-03  -1.8896418e-02  -1.8918892e-02  -2.5161944e-04   3.1227185e-04   3.7933911e-04
   1.2074162e-02   1.9231497e-02  -3.5103322e-02   2.4030057e-04   2.0909353e-04   3.7584349e-04
   1.4724154e-04   2.1790596e-02  -1.1612777e-02   2.0012368e-04   9.8157446e-09   2.9670887e-04
   1.1436303e-02   3.1130097e-02  -1.4190015e-02   3.2870930e-04   3.1014474e-04   5.6272463e-04
   1.2009647e-02   4.5671013e-02  -4.7479074e-03   2.6315715e-04   1.0378473e-04   5.3989913e-04
   9.4275443e-03   1.8170222e-02  -8.4613757e-03   1.3702548e-04   2.2086784e-07   4.9460648e-04
   9.4776765e-04  -1.9189833e-02  -1.6825828e-02  -2.5646939e-04  -1.8311916e-04   3.3269265e-04
   1.8407376e-02  -1.0879687e-02  -5.8869137e-02   5.6470999e-04  -6.8690452e-05   7.4026577e-04
   1.0641531e-02  -1.1675902e-01   2.7063101e-03  -2.9845536e-04   2.1253299e-04   7.6198615e-04
   9.4706458e-03   6.5800451e-03  -7.2851841e-02  -1.1358452e-03   4.8126770e-04   9.5765813e-04
   1.4124810e-02   3.3913157e-02   7.8051548e-03  -2.1920489e-03   5.6806433e-04   9.0299741e-04
   2.0652405e-02   2.4789907e-02  -7.6440057e-02  -4.9234850e-04   6.7673534e-04   8.6217711e-04
   2.4707422e-02   1.7202678e-02  -2.3733385e-02  -1.5187065e-03   6.9318782e-04   8.3325538e-04
   1.1440911e-02   3.2806162e-02  -4.5622313e-02  -6.9769359e-04   4.4374379e-04   6.5953040e-04
   1.3851316e-02   4.0976367e-02   7.6800805e-03  -8.8766670e-04   4.5522255e-04   3.7584322e-04
   1.0838111e-02   1.4291463e-02  -4.1405980e-03  -8.7993475e-04   6.5678798e-04   3.7750304e-04
   2.0567030e-02   1.0058148e-01   6.8413531e-03  -1.1783882e-03   7.4972901e-04   3.7536138e-04
   1.1980024e-02  -1.2865193e-02  -1.0334426e-02  -1.0227911e-03   6.2482317e-04   3.3785749e-04
   1.5722509e-02   5.2990916e-02  -2.1466788e-02  -6.9742652e-04   6.5929893e-04   3.0690005e-04
   9.6792853e-03  -9.0556521e-03   2.4207906e-02  -2.1226769e-03   8.9256072e-04   2.3708379e-04
   1.8983805e-02  -8.8449089e-03   2.8362986e-03  -2.2007068e-03   9.8531279e-04   3.1840057e-04
   3.0362405e-02   5.2251788e-02  -4.7562184e-02  -9.7725667e-04   4.1237381e-04   2.3092735e-04
   1.7736624e-02  -6.0099361e-02  -2.0527789e-02  -2.0719863e-03   1.0247915e-03   6.3709221e-04
   1.5133986e-02   1.6975015e-02  -5.6141505e-02  -7.4051121e-04   7.8033092e-04   6.6284454e-04
   9.7175146e-03   3.9285978e-02   8.5230983e-04  -1.6846057e-03   5.5679512e-04   5.7951741e-04
   1.0969872e-02  -5.6436249e-03  -2.9184530e-02  -1.4280153e-03   9.4449383e-04   3.6337007e-04
   1.6512773e-02  -1.4174284e-02   1.8411837e-03  -1.6577262e-03   6.5067710e-04   5.0006892e-04
   9.5304878e-03  -4.4953579e-02  -2.9558351e-02  -9.7057972e-04   5.9427383e-04   4.8675406e-04
   5.6731824e-03  -4.4041943e-04  -1.3046967e-02  -1.2587037e-03   3.6234275e-04   1.7149946e-04
  -1.0281633e-04  -3.7199617e-03  -2.8703636e-02  -1.2400779e-03   5.2419338e-04   2.9161026e-05
   1.1323748e-03  -6.4052761e-03  -5.5003023e-04  -1.2749164e-03   5.9629907e-04   1.5989201e-06
  -6.7027362e-03  -3.9216794e-05  -8.6408134e-02  -2.0672706e-03   7.0952274e-04  -3.8346465e-04
  -7.2561390e-03   3.4009341e-02  -3.4416771e-02  -1.9604935e-03   4.8239372e-04  -6.0981499e-04
  -7.1843996e-03  -2.6591235e-02  -4.8191824e-02  -2.5469494e-03   6.4697606e-04  -6.6226473e-04
   8.5753496e-03   1.7517518e-02  -9.6826178e-02  -2.0315401e-03   6.2153966e-04  -8.6433674e-04
   4.5334085e-03  -1.5301000e-02   1.0164761e-02  -3.3176816e-03   7.5173655e-04  -8.0174957e-04
   5.5113808e-03   6.1314037e-02  -5.1102584e-02  -2.7656314e-03   9.4139870e-04  -7.1659475e-04
  -1.6850097e-02   3.7987194e-02  -3.3013138e-02  -3.3112479e-03   6.1659383e-04  -1.0838377e-03
  -4.8676733e-03   6.2153848e-03  -5.6052541e-02  -2.7421029e-03   8.1241785e-04  -8.6205159e-04
   2.6187141e-03   8.8429701e-03  -5.0078677e-02  -2.9249994e-03   7.3385874e-04  -4.0396538e-04
   3.1378934e-03   7.3088955e-02  -6.2345511e-02  -2.7069847e-03   9.1166165e-04  -2.4408483e-04
   2.8999857e-03   4.1466972e-02  -6.7676516e-02  -1.9531522e-03   1.0132281e-03  -4.2627449e-05
  -1.6309925e-03  -5.9216493e-03  -4.2056881e-02  -3.6273077e-03   1.7711215e-03  -2.0870679e-05
   7.3852046e-03  -1.3826028e-02  -7.5789122e-02  -1.7847881e-03   1.0630614e-03  -5.0168518e-05
   1.6171678e-03  -3.3891013e-02  -4.4089310e-02  -2.3293037e-03   7.2007561e-04   7.6212680e-06
   3.9445632e-03  -1.0669535e-02  -5.0425913e-02  -1.5964067e-03   1.0823364e-03   1.0606855e-05
  -6.8038082e-03  -8.9543671e-02  -4.4127428e-03  -2.7313540e-03   1.0081128e-03  -1.8762587e-04
  -1.6789867e-02  -3.5847437e-02  -6.7664172e-02  -2.3130699e-03   9.9033855e-04  -7.7097052e-04
  -3.1488590e-02  -4.4215215e-02  -1.0936258e-01  -2.7619442e-03   6.3465443e-04  -1.1782208e-03
  -3.8109686e-02  -2.2372862e-02  -8.2249864e-02  -2.7489528e-03   1.1422824e-03  -1.0052950e-03
  -4.7944060e-02  -2.1575730e-02  -5.0529918e-02  -3.5265863e-03   5.1519777e-04  -1.5067777e-03
  -4.8711790e-02   3.2919034e-02  -1.6367352e-01  -3.0166498e-03  -2.5647458e-04  -2.5052831e-03
  -2.7514253e-02   1.3281871e-02  -1.0143851e-01  -3.1710194e-03   4.5663251e-04  -1.7339155e-03
  -4.0097797e-02  -4.0855265e-02  -8.4207147e-02  -3.3043266e-03   9.0557252e-04  -1.4110759e-03
  -3.5929323e-02  -2.8085494e-02  -8.5870738e-02  -3.9408542e-03   8.5804883e-04  -1.5235939e-03
  -4.3271516e-02   5.4627587e-02  -2.1512447e-01  -3.6582538e-03   1.2041230e-03  -1.6522369e-03
  -3.1459342e-02   6.9348915e-02  -1.1414281e-01  -3.3810124e-03   8.2446033e-04  -1.4203810e-03
  -4.2116200e-02   6.2274048e-02  -1.4804103e-01  -3.7130855e-03   3.2381924e-04  -1.8238863e-03
  -5.7363839e-02  -4.6402179e-03  -1.2621282e-01  -4.6235188e-03   4.9604846e-04  -2.3222024e-03
  -4.1277196e-02  -2.9644827e-02  -1.1453225e-01  -4.3341539e-03   8.5729797e-04  -1.8733569e-03
  -3.5995055e-02   4.2035467e-02  -1.4526202e-01  -4.1621686e-03   1.0947991e-03  -1.9110640e-03
  -2.8963303e-02   8.8270251e-02  -1.1907058e-01  -3.9511821e-03   1.1994380e-03  -1.4813637e-03
  -3.3512290e-02   4.7852363e-02  -8.1420920e-02  -4.1710639e-03   1.0751587e-03  -1.4127284e-03
  -3.8038045e-02  -3.3487769e-03  -1.1888617e-01  -4.3856646e-03   1.2970974e-03  -1.8147041e-03
  -2.1382575e-02   4.8804703e-02  -2.0535241e-01  -3.6776967e-03   8.9207722e-04  -1.8351864e-03
  -2.0164336e-02  -5.0258550e-02  -8.4658597e-02  -4.6804925e-03   1.0484472e-03  -1.5882057e-03
  -1.4753511e-02  -6.5537952e-03  -5.6503319e-02  -4.1091717e-03   8.4956876e-04  -1.4255544e-03
  -2.6003538e-02   1.5821120e-02  -5.1685735e-02  -4.2603821e-03   7.1953048e-04  -1.5688740e-03
  -1.6815580e-02   1.4141709e-02  -9.9550604e-02  -4.4171856e-03   9.9341814e-04  -1.5763521e-03
  -7.1526400e-03   4.7639041e-02  -1.2892987e-01  -4.4387323e-03   1.1241773e-03  -1.3128213e-03
  -1.4833916e-02   5.4528097e-02  -1.6234405e-01  -4.7240468e-03   9.5329568e-04  -1.2363625e-03
  -1.8670997e-02   1.3377647e-02  -4.6825362e-02  -4.8878135e-03   1.0346901e-03  -1.5356915e-03
  -1.7418541e-02   1.6092808e-02  -8.3479338e-02  -4.3911252e-03   7.9808488e-04  -1.4137402e-03
  -2.6830007e-02   9.7252821e-03  -1.1086791e-01  -5.0863285e-03   1.3158191e-03  -1.6334169e-03
  -2.4266051e-02   5.6240068e-02  -1.3459400e-01  -4.3421621e-03   1.6177227e-03  -1.5201311e-03
  -2.2929118e-02   5.0336329e-02  -8.6038909e-02  -4.2940276e-03   1.0487731e-03  -7.7401915e-04
  -1.6208744e-02   1.8490048e-03  -6.6384881e-02  -4.1502148e-03   1.1459703e-03  -5.4560072e-04
  -2.4920652e-02   1.7622762e-03  -6.2001103e-02  -3.5442190e-03   1.2400386e-03  -8.0921959e-04
  -1.0145147e-02  -4.3388364e-03  -1.2588550e-01  -3.0485182e-03   1.4689247e-03  -5.6556184e-04
  -2.0085983e-02   6.9757192e-02  -1.0133491e-01  -3.3869966e-03   1.8468268e-03  -6.4905464e-04
  -1.1043992e-02   2.8507004e-02  -9.2232596e-02  -2.2006195e-03   1.5978021e-03  -6.7304082e-04
  -3.3455645e-02  -6.5549201e-02  -1.9414237e-02  -4.2084644e-03   1.9907025e-03  -9.5799203e-04
  -1.8391317e-02   2.2058861e-03  -6.8804276e-02  -3.0064395e-03   1.7602710e-03  -6.5421183e-04
   6.0844400e-03   4.1886957e-02  -1.3235786e-01  -3.3008613e-03   1.7791412e-03  -8.7610751e-04
   1.1152178e-02   7.8665033e-02  -1.1135322e-01  -2.4513100e-03   1.1778080e-03  -9.4290261e-04
  -6.1642364e-03   4.6753446e-02  -8.2063129e-02  -2.4883783e-03   1.6368830e-03  -1.0989454e-03
  -1.2922570e-02  -3.2943253e-02  -4.2815260e-02  -3.8145979e-03   2.1143116e-03  -1.2475326e-03
  -1.9360734e-02  -7.0404020e-02  -6.8780234e-02  -4.6155052e-03   2.1234191e-03  -1.2571172e-03
  -5.3505653e-03   5.5320428e-02  -1.3634419e-01  -3.2301001e-03   1.7822897e-03  -1.3184903e-03
  -2.2312375e-02   1.0024102e-01  -1.4270004e-01  -4.0947837e-03   2.2282515e-03  -1.0555608e-03
  -2.3952243e-02   1.0706371e-01  -1.5382055e-01  -2.9579781e-03   1.6340804e-03  -1.0413774e-03
  -9.9435030e-03   2.8438443e-02  -1.9210412e-01  -3.5434576e-03   1.5084239e-03  -1.0579168e-03
  -1.3413994e-03   2.7278226e-02  -1.5741779e-01  -3.2536291e-03   1.1343868e-03  -7.5763610e-04
  -1.6327881e-02  -4.2887936e-03  -1.1059238e-01  -5.3834215e-03   1.8713278e-03  -1.1221379e-03
  -4.6920589e-03   6.1166525e-02  -1.0623265e-01  -3.8080669e-03   1.7501660e-03  -9.9149849e-04
  -9.7650334e-03   4.2649820e-02  -1.2481232e-01  -4.0895440e-03   2.0859540e-03  -8.5350888e-04
  -7.3332277e-03   5.0377625e-02  -1.1605545e-01  -3.3124646e-03   1.9156325e-03  -5.9404796e-04
  -5.9532367e-03   1.5903702e-02  -8.8490129e-02  -3.3593070e-03   1.8731576e-03  -5.8770216e-04
  -4.3235533e-03   1.9960236e-02  -9.4893250e-02  -3.6803677e-03   1.8305032e-03  -6.3043638e-04
  -1.7833407e-02  -1.1307421e-02  -1.1792006e-01  -3.6337482e-03   2.0797440e-03  -1.1853732e-03
  -1.6841491e-02   3.8143611e-02  -1.9693578e-01  -4.8527860e-03   2.0685517e-03  -9.6823893e-04
   2.4509097e-03   4.0432748e-02  -1.7394433e-01  -3.6514030e-03   1.9992297e-03  -1.1087308e-03
  -1.4298692e-02   5.7282030e-02  -1.6814509e-01  -3.3670585e-03   1.3047273e-03  -1.5080260e-03
  -1.5610437e-02   5.4368878e-02  -1.9170429e-01  -3.9024779e-03   1.4530345e-03  -1.3248156e-03
  -1.5924370e-02   4.6538953e-02  -2.1578682e-01  -3.9975250e-03   1.3737644e-03  -1.6873373e-03
  -1.3835850e-02   5.8592404e-02  -2.5710057e-01  -4.7438709e-03   1.5393374e-03  -1.5227292e-03
  -5.0228963e-03   9.1322695e-02  -2.0609948e-01  -3.2187503e-03   1.3869994e-03  -1.6346384e-03
  -7.2543208e-04   3.9909051e-02  -1.6611870e-01  -4.5420300e-03   1.9619049e-03  -1.0498539e-03
   4.1125809e-03   8.5956953e-02  -1.7978740e-01  -4.2335276e-03   2.2394919e-03  -7.2398597e-04
  -1.7864730e-02   2.5859440e-02  -1.4105957e-01  -4.1639400e-03   2.7916744e-03  -9.1914955e-04
  -1.5708783e-02   6.3558640e-02  -1.2922024e-01  -3.1075871e-03   2.4415022e-03  -9.0596058e-04
  -2.1914465e-02  -4.6182609e-02   2.7410169e-02  -4.1903332e-03   2.7110413e-03  -9.6140175e-04
  -1.0885172e-02  -2.5978533e-02  -7.3921858e-02  -2.1185652e-03   2.8665188e-03  -7.3298312e-04
  -1.4489859e-02   4.4378221e-03  -4.8088776e-02  -3.5676013e-03   2.5995550e-03  -5.6961084e-04
  -1.3519745e-02   1.1033504e-02  -6.5441431e-02  -1.6152349e-03   2.6416274e-03  -6.1065123e-04
  -2.4346382e-02  -3.2088101e-02  -1.3248530e-03  -3.2913558e-03   2.8105217e-03  -5.5057261e-04
  -8.9421278e-03  -6.8078835e-02  -5.5412904e-02  -1.6505209e-03   2.8116643e-03  -5.5171597e-04
  -1.3528953e-02  -2.4776891e-02   1.4061377e-02  -3.1677192e-03   2.5038383e-03  -5.6575437e-04
  -4.8349910e-03   3.4147068e-02  -9.1060337e-02  -2.4539518e-03   2.0771695e-03  -6.7686376e-04
  -1.8011416e-02  -2.2830202e-02  -2.2777987e-02  -3.5703591e-03   2.6466783e-03  -1.0006822e-03
  -1.0063153e-02  -4.1248907e-02  -1.0478498e-01  -3.4567520e-03   2.6616594e-03  -1.3191378e-03
  -3.5906658e-02   9.9061069e-03  -1.4247205e-01  -4.6052227e-03   2.4489189e-03  -1.5834428e-03
  -3.8632928e-02   5.2388097e-02  -1.4317051e-01  -4.5687152e-03   2.5504788e-03  -1.8778963e-03
  -4.8149361e-02   8.2486050e-02  -1.3283874e-01  -5.4888865e-03   1.8353078e-03  -2.1816767e-03
  -4.9519593e-02   3.7021666e-02  -1.3048271e-01  -4.9849179e-03   1.4955461e-03  -2.4260479e-03
  -5.8567370e-02   5.0075529e-02  -1.9607326e-01  -4.9928558e-03   8.8299453e-04  -2.9760615e-03
  -6.5776212e-02   5.2728497e-02  -1.1770773e-01  -5.6969042e-03   2.0089384e-03  -2.9888905e-03
  -4.8388430e-02   5.2352767e-02  -1.1047802e-01  -5.5683313e-03   1.8379096e-03  -2.3605938e-03
  -5.6361354e-02   6.8509583e-02  -1.0656599e-01  -5.3088089e-03   2.1473965e-03  -2.3087682e-03
  -5.7389220e-02   7.5209854e-02  -1.3720361e-01  -5.7013770e-03   2.5341248e-03  -2.3188924e-03
  -5.5837214e-02   6.9331578e-02  -1.4466442e-01  -5.1277920e-03   2.3551705e-03  -2.0023514e-03
  -5.6833991e-02   8.1349736e-02  -1.3952244e-01  -5.2967010e-03   2.4237413e-03  -2.2681459e-03
  -5.6235919e-02   2.8882777e-02  -1.1410126e-01  -4.5692192e-03   1.9713781e-03  -2.2418744e-03
  -4.4222878e-02   3.7093179e-02  -1.2296920e-01  -4.4558946e-03   1.9221450e-03  -1.7361197e-03
  -4.9893386e-02   3.4550880e-02  -1.3561566e-01  -4.6893968e-03   2.2512474e-03  -1.9160063e-03
  -4.2081607e-02  -1.1236867e-02  -1.2634198e-01  -4.2393812e-03   2.5089235e-03  -1.6791034e-03
  -5.0811442e-02   1.1827102e-02  -1.2691674e-01  -4.2526252e-03   2.4609780e-03  -1.7138041e-03
  -2.7167298e-02   3.5183334e-03  -9.1650367e-02  -3.9300352e-03   2.2996796e-03  -1.7142798e-03
  -2.9994799e-02   9.1352181e-03  -1.0107821e-01  -3.9837357e-03   2.4044188e-03  -1.8237023e-03
  -4.2288256e-02   3.8956564e-02  -3.0820684e-02  -3.7770757e-03   1.8758783e-03  -1.7293206e-03
  -4.8353551e-02  -3.4107412e-03  -6.2182597e-02  -4.5830801e-03   2.2759647e-03  -1.8852520e-03
  -3.6750370e-02   5.5829985e-02  -7.1134713e-02  -4.8086318e-03   2.5303531e-03  -1.9124657e-03
  -1.3583532e-02   7.2896619e-02  -2.1738026e-01  -4.8188321e-03   2.3902138e-03  -1.3983949e-03
  -3.8886019e-02   7.7801147e-02  -1.2584836e-01  -4.3447745e-03   2.2758584e-03  -9.9457240e-04
  -3.5888356e-02   6.9947141e-02  -1.3783143e-01  -3.9137150e-03   1.8399793e-03  -1.0105322e-03
  -7.7648121e-02   7.5389276e-02  -1.4293088e-01  -3.7401977e-03   1.0551411e-03  -1.8930981e-03
  -1.0295485e-01   5.4192891e-02  -1.3019966e-01  -4.6955439e-03   2.2868760e-03  -1.6346017e-03
  -5.5825635e-02   1.1738072e-01  -2.3229371e-01  -3.3343448e-03   1.7864019e-03  -1.8386120e-03
  -6.4018350e-02   6.1199390e-02  -1.2656350e-01  -5.8578765e-03   2.9120253e-03  -1.8463366e-03
  -2.8717603e-02   8.9099180e-02  -1.8697146e-01  -2.9997190e-03   2.8427467e-03  -1.4564359e-03
  -3.1937770e-02   3.3050292e-02  -1.2765554e-01  -5.1937240e-03   2.7343629e-03  -1.5655568e-03
  -2.0988135e-02   8.5244708e-02  -1.4005798e-01  -3.4854064e-03   3.2706521e-03  -1.1557024e-03
  -2.9067550e-02   8.0923676e-02  -1.0923147e-01  -3.5936477e-03   3.0111918e-03  -1.4201371e-03
  -1.2324902e-02   5.6775730e-02  -1.7406786e-01  -3.8210728e-03   3.0132162e-03  -1.4210698e-03
  -5.3707012e-02   6.8878997e-02  -1.7268615e-01  -3.1476654e-03   2.2563279e-03  -1.9169391e-03
  -7.7093682e-02   1.1780658e-01  -1.0390169e-01  -2.8293713e-03   2.1822387e-03  -2.0155854e-03
  -2.7073310e-02   1.2186364e-01  -1.6902325e-01  -2.3485387e-03   2.6088617e-03  -1.6583466e-03
  -4.1214820e-02   1.0857604e-01  -1.4504318e-01  -3.2608904e-03   2.2526456e-03  -2.0377826e-03
  -5.6563200e-02   6.4912774e-02  -1.3460625e-01  -2.8971191e-03   2.6035998e-03  -1.9499233e-03
  -6.5324665e-02   1.1282139e-01  -1.2038411e-01  -3.2717169e-03   2.8000785e-03  -2.1911991e-03
  -6.7968446e-02   1.2389711e-01  -1.0702193e-01  -4.5126420e-03   3.2903798e-03  -1.9496683e-03
  -3.4403230e-02   1.5335203e-01  -1.7834921e-01  -3.3577879e-03   2.5301251e-03  -1.5440385e-03
  -6.3473753e-02   1.0125568e-01  -1.2729507e-01  -4.7043892e-03   2.6414650e-03  -1.8533124e-03
  -5.3242883e-02   1.1990479e-01  -1.2439800e-01  -4.4051144e-03   2.6820857e-03  -2.0547929e-03
  -5.7608877e-02   7.7016573e-02  -1.4068850e-01  -4.0108960e-03   3.5307179e-03  -2.1322004e-03
  -6.2705629e-02   9.8873338e-02  -2.3095207e-01  -3.6828383e-04   4.2717397e-03  -3.0404196e-03
  -4.6452428e-02   1.4708191e-01  -2.0791350e-01  -7.4124630e-04   3.7313926e-03  -3.0207430e-03
  -3.9231421e-02   9.9744784e-02  -1.4665481e-01  -2.2625415e-03   3.5019619e-03  -2.7108470e-03
  -3.8169273e-02   3.6066706e-02  -5.2946131e-02  -1.3173820e-03   3.3755332e-03  -2.9819446e-03
  -4.8959430e-02   2.5289321e-02  -7.3495289e-02  -1.6250154e-03   4.4581325e-03  -3.1461763e-03
  -4.8987408e-02   8.9452052e-02  -1.0081991e-01  -1.1681196e-03   4.3747934e-03  -2.9783593e-03
  -4.3664648e-02   3.0723199e-02  -1.1880910e-01  -4.9299657e-04   4.6330355e-03  -2.8505027e-03
  -4.4223827e-02   7.8243058e-02  -6.9399959e-02  -5.7479700e-04   4.3848787e-03  -2.4858322e-03
  -4.4690965e-02   6.1207012e-02  -5.5418560e-02  -3.6458232e-04   4.7234314e-03  -2.5361856e-03
  -5.8637990e-02   8.1923148e-02  -4.2098073e-02  -8.8998022e-04   4.8453861e-03  -2.3257004e-03
  -4.8684275e-02   2.4497703e-02  -4.9388442e-02   1.5034698e-04   4.6801919e-03  -2.1710395e-03
  -5.1881833e-02   5.6176246e-02  -1.4386986e-02  -3.4049197e-05   4.5776573e-03  -2.2102769e-03
  -5.5322529e-02   4.4074523e-02   1.0752972e-02  -1.0298374e-04   5.4092889e-03  -2.2369814e-03
  -5.0011781e-02   1.6470394e-02   1.6744049e-02  -1.3287813e-05   4.7379927e-03  -2.2002832e-03
  -4.0281907e-02   3.3380416e-02  -1.5148516e-05   7.3956098e-04   5.1753607e-03  -2.1408501e-03
  -4.0811557e-02   1.4869433e-02   4.0575968e-02  -1.6188676e-04   5.1815846e-03  -2.0121388e-03
  -2.4482656e-02   4.9417585e-02  -1.8214847e-03   1.3433971e-03   5.0435132e-03  -1.9844235e-03
  -2.7895882e-02  -1.9568181e-02   1.7542348e-02   8.4644264e-04   4.7840800e-03  -2.0127962e-03
  -2.4300152e-02   1.0805063e-01  -2.3135638e-02   1.6972252e-03   4.1985598e-03  -2.2293027e-03
  -4.3040119e-02   9.5093586e-02  -2.3827139e-02   1.9959765e-03   3.8488075e-03  -2.4316445e-03
  -2.5534940e-02   7.4901744e-02  -4.2678816e-02   2.0312838e-03   3.8655650e-03  -2.1264916e-03
  -2.0721252e-02   1.2260585e-01  -4.9249470e-02   1.8639002e-03   3.7908339e-03  -2.3133204e-03
  -2.8762013e-02   4.7819348e-02  -4.2701571e-02   9.2653911e-04   4.1803134e-03  -2.2959558e-03
  -9.4013099e-03   1.4917765e-01  -1.2484612e-01   1.2833919e-03   3.6806095e-03  -2.4232700e-03
  -3.0807964e-02   5.0394241e-02  -3.2455247e-02  -1.1302569e-03   4.8746641e-03  -2.7828678e-03
  -2.3077688e-02   8.4921063e-02  -9.8508996e-02  -1.0569476e-04   4.8260869e-03  -2.5222242e-03
  -9.2296218e-03   1.0723246e-01  -8.6172904e-02  -9.0979443e-04   4.6075867e-03  -2.2999288e-03
  -1.5171133e-02   7.9952643e-02  -1.2479464e-01  -3.9332652e-04   5.0838727e-03  -2.4600710e-03
  -1.4485749e-02   9.1162262e-02  -7.2507087e-02  -7.7651990e-04   5.3392258e-03  -2.4196982e-03
  -1.8919213e-02   6.0934026e-02  -9.4055502e-02  -7.1333325e-04   5.2728203e-03  -2.3358440e-03
  -1.9810676e-02   4.2922944e-02  -6.8792597e-02   9.6411443e-04   5.0734103e-03  -2.0627767e-03
  -2.0952568e-02   1.5461727e-02  -4.8519071e-02  -8.2719730e-05   5.4039154e-03  -1.9543940e-03
  -1.4328337e-02   3.2508426e-02  -6.5546405e-02   1.3192856e-03   5.3681483e-03  -1.8929399e-03
  -1.4062248e-02  -3.0810808e-02  -3.4985803e-02   4.8046685e-05   5.6066056e-03  -1.8784518e-03
  -5.1566328e-03   6.1271062e-02  -4.4530387e-02   1.2459325e-03   5.6461876e-03  -1.6765626e-03
  -1.9186906e-02  -1.3151953e-02   7.4379317e-03   3.0415538e-04   5.8000413e-03  -1.8422567e-03
  -1.2835280e-02   3.3505589e-02  -6.1342598e-02   7.6142610e-04   5.7144108e-03  -1.9251593e-03
  -4.9670094e-03  -5.9518214e-03  -4.5623539e-02   7.3041604e-04   5.4786044e-03  -1.9544475e-03
   2.5300273e-03   6.6216650e-02  -1.0539535e-01   9.8653209e-04   5.3004796e-03  -1.9474712e-03
  -4.8559928e-03   4.4167450e-02  -9.5620228e-02   4.6092725e-04   4.8132732e-03  -1.7796794e-03
  -7.2849559e-03   1.0330106e-01  -9.3787709e-02   5.2340349e-04   4.8178222e-03  -1.7394996e-03
  -6.9721636e-03   6.6843486e-02  -7.0896879e-02   3.6226107e-04   4.7725959e-03  -1.8764165e-03
  -1.5918211e-02  -2.1981400e-03  -8.6795403e-02  -9.0788721e-05   5.4290711e-03  -2.3490868e-03
