   0.0000000e+00   0.0000000e+00  -7.1054274e-15   0.0000000e+00   0.0000000e+00   0.0000000e+00
   1.2954487e-02   9.9697475e-03   5.9845476e-02  -6.6083498e-04  -3.4682221e-04   1.8683641e-04
   1.1000257e-02  -2.2495653e-02  -2.8541678e-02  -6.6637518e-04  -2.1886512e-04   8.8172752e-05
   6.0077661e-03  -7.5314118e-03  -1.1311570e-02  -4.4408725e-04  -8.5868851e-05   2.4360768e-04
  -1.0710976e-02  -1.1817051e-01   7.7070833e-02  -4.2164243e-04  -2.0691557e-04   1.4288930e-04
  -1.7276294e-03   1.5068164e-02   3.6231071e-02   1.5097020e-05  -6.4388456e-05   1.1576246e-04
  -1.3453550e-02  -1.2342750e-01   7.5162398e-02  -5.2305149e-04  -1.3172717e-04  -7.2569251e-05
   6.4399566e-03   2.6466464e-02  -1.2422470e-03  -5.3890428e-04   1.7091675e-04   1.4630219e-04
  -4.4366567e-03  -8.6604114e-02   9.2403492e-02  -4.8257412e-04  -3.4398808e-04   1.4852601e-04
  -4.9829603e-03   4.1342304e-02   2.3652295e-04   4.0433591e-05   2.6509328e-04   2.7005977e-04
  -1.6959300e-03   3.6474651e-03  -5.9721639e-03   1.3626288e-04  -2.4032863e-05   1.3014744e-04
  -9.7762196e-03   4.5313241e-02  -8.8070640e-02   1.0159267e-04   3.4391140e-04   3.0659065e-04
  -4.4769580e-02  -1.6581824e-01   1.9549370e-02   5.8185695e-04  -1.9692631e-06   2.4319751e-04
  -2.1627092e-02   4.2827720e-02  -3.9149562e-02   3.9044870e-04   4.6115184e-04   2.0848668e-04
  -8.9483899e-03  -3.9847823e-02   3.1414636e-02   5.8987039e-04  -3.0902012e-04   3.6419474e-04
  -1.2986059e-02   6.4262532e-02  -4.7692658e-02  -1.1534994e-05   1.8082101e-04  -1.4168803e-05
  -1.7428262e-02  -3.8065500e-02   4.3341390e-02  -3.8086875e-04  -2.3265764e-04   4.5926309e-05
  -1.9422657e-03   9.8524115e-02  -5.4763098e-02  -4.5168319e-04   2.5503604e-04   1.1115414e-04
   9.1136532e-03   2.0944092e-02   1.0831062e-02  -9.4060018e-04  -5.0554411e-05   4.6264239e-04
   6.4060002e-03   1.0804655e-01  -7.3632889e-02  -5.1776087e-04   3.5464802e-04   1.9489763e-04
   1.9639024e-02   2.8093727e-02  -7.1578017e-03  -2.8278098e-04  -1.7834343e-04   4.0167780e-04
   2.2507017e-02   7.3769963e-02  -7.5438942e-02  -3.3015224e-04   2.5196921e-04   3.1503487e-04
   1.1021679e-02   1.2690259e-04   2.5545527e-02   2.0053980e-04   5.3963724e-04   5.9827590e-04
  -1.9177595e-02   9.3087244e-02  -8.6163332e-02  -4.8885925e-05   1.6192596e-03  -1.2585502e-04
  -1.3554330e-02  -8.8932473e-03   1.6826777e-02  -8.8347398e-05   3.5820280e-04   8.2756138e-05
  -1.9585044e-02   7.2097924e-02  -7.4683811e-02  -6.0545906e-04   7.6554647e-04  -1.9455739e-04
  -1.3008610e-02   3.3270960e-02   1.1727982e-02  -6.8298767e-04   5.0540539e-04   1.2058200e-05
  -2.1068786e-02  -6.7118986e-03   4.2325614e-04  -4.6258772e-04   9.2986525e-04  -7.8476274e-05
  -6.3880270e-03   2.1175249e-02  -6.8730798e-03  -2.7558122e-04   6.2662407e-04   2.9987294e-05
  -1.0303830e-02   4.2183349e-02  -4.3741029e-02  -3.2090568e-04   9.5939640e-04  -1.2695860e-04
  -1.2160254e-02   1.4886188e-02  -7.9003082e-03   3.7766276e-04   6.8178193e-04   3.3774308e-05
  -1.7195821e-02   5.9618131e-02  -6.5081227e-02  -3.5919475e-04   9.3551372e-04  -2.2706096e-04
  -7.8627601e-03   7.9503873e-03  -2.3643579e-02   3.2120048e-04   7.4184362e-04   9.8885313e-05
  -1.4846961e-02  -1.1668102e-02  -2.0294751e-02  -3.1029984e-04   8.8346112e-04   3.5364640e-05
  -4.9732431e-03   3.5480046e-02  -3.1150045e-02  -1.4487937e-04   7.8112156e-04   3.7051202e-04
  -1.1192764e-02   8.2888246e-02  -7.3397896e-02  -4.6590191e-04   9.8502713e-04   5.3026795e-06
  -1.9469048e-02   1.6961303e-02  -4.7583923e-02   4.7743679e-04   9.3945452e-04   1.4483947e-04
  -1.8054536e-02   1.0308423e-01  -1.3284060e-01   1.1652109e-04   1.3198212e-03  -2.8513241e-04
  -2.5412032e-02   2.5356387e-02  -8.1153408e-02   1.4768314e-03   1.2919812e-03  -4.1921657e-05
  -1.6092519e-02   1.1086498e-01  -1.3095167e-01  -6.2093063e-04   9.6373788e-04   3.0516891e-05
  -2.5495165e-02   6.6710782e-02  -9.3584836e-02   2.6891908e-04   1.2484849e-03  -1.0425051e-05
  -3.4640942e-02   9.6384907e-02  -1.4953604e-01  -1.0345708e-03   1.2432513e-03  -2.1398926e-04
  -3.6100233e-02   4.8795197e-02  -1.0042980e-01  -3.6990979e-06   1.2044727e-03  -2.9002061e-04
  -3.3359329e-02   9.5535194e-02  -1.4137631e-01  -8.2630065e-04   1.5173354e-03  -2.6802337e-04
  -2.2866156e-02   1.3401581e-01  -9.5558526e-02  -3.4335753e-07   1.4068040e-03  -1.3238025e-04
  -3.2608923e-02   1.1579861e-01  -1.6419391e-01  -1.3397367e-03   1.6086252e-03  -3.7864446e-04
  -3.2081584e-02   5.4106580e-03  -8.5759007e-02  -1.7004896e-04   1.5154274e-03  -2.2950500e-04
  -4.1636678e-02   9.2996345e-02  -9.7013174e-02  -1.4469699e-03   1.4223816e-03  -3.3337418e-04
  -2.5447185e-02   8.3726336e-02  -6.8532720e-02  -1.7919255e-04   1.0787690e-03  -1.1132458e-05
  -2.2736022e-02   1.0922869e-01  -1.5501068e-01  -1.2281130e-03   1.2047978e-03  -1.3752954e-04
  -2.3298266e-02   8.5251984e-02  -9.6227706e-02   3.0730486e-04   1.0755887e-03   8.1344073e-05
  -3.4820560e-02   5.1881660e-02  -1.3052428e-01  -1.0987085e-03   1.2705818e-03  -1.9287520e-04
  -1.6722310e-02   1.0212716e-01  -9.2377743e-02  -3.0136309e-05   1.1170732e-03   1.4874077e-04
  -1.7073349e-02   8.4669002e-02  -1.5628114e-01  -9.5956293e-04   1.1724672e-03  -3.8946422e-04
  -7.2029832e-03   9.4600535e-02  -8.0140105e-02  -2.4243718e-04   7.8080033e-04  -2.8144128e-04
  -1.8622251e-02   7.6235576e-02  -1.5571942e-01  -9.2857073e-04   9.3834280e-04  -2.7593051e-04
  -1.4088710e-02   1.1766679e-01  -1.1072521e-01  -3.3274472e-04   7.2694466e-04  -1.1457334e-04
  -2.4468718e-02   1.3463984e-02  -1.3048969e-01  -4.4394393e-04   9.3325524e-04  -1.1237281e-04
  -3.9963588e-03   1.7275585e-01  -1.1996798e-01  -2.4294315e-04   5.6779598e-04  -2.4725475e-05
  -5.6827901e-03   1.7521297e-02  -1.1369430e-01  -1.9204043e-04  -2.8294342e-04   4.1491925e-05
  -1.6840451e-02   1.5068565e-01  -1.0890198e-01  -1.3271528e-03   3.3349176e-04  -5.3199992e-04
  -3.5283532e-02   3.4850533e-02  -6.3839528e-02  -1.6517277e-04   3.7895558e-04  -2.3510316e-04
  -4.3747543e-02   1.3704300e-01  -9.3874795e-02  -1.6610223e-03   6.4129931e-04  -2.8297132e-04
  -3.9418101e-02   7.7371350e-02  -7.3010570e-02  -5.6429288e-04   4.7928961e-04   5.5603687e-05
  -3.3979929e-02   1.3754394e-01  -1.0876277e-01  -1.3702751e-03   8.8337399e-04  -2.0115123e-04
  -2.8391509e-02   1.3828554e-01  -8.2513769e-02  -4.6414600e-04   5.5361704e-04   9.6095389e-06
  -4.9997889e-02   5.6566798e-02  -1.2153253e-01  -1.2036551e-03   7.8442264e-04  -3.8987236e-04
  -4.7261891e-02   1.1454639e-01  -7.2239357e-02  -2.3676852e-04   8.4821362e-04  -2.1484323e-04
  -5.2196126e-02   6.3644819e-02  -8.5514186e-02  -7.8793488e-04   6.7756870e-04  -2.6855746e-04
  -4.0073333e-02   2.1089029e-01  -1.4263879e-01  -9.4560728e-05   1.2615861e-03  -2.3578839e-04
  -4.5475093e-02   5.9460894e-03  -6.7016875e-02  -1.5745068e-03   7.0007876e-04  -1.5871252e-04
  -4.2386937e-02   1.5460549e-01  -1.0873821e-01  -1.0969438e-03   1.0319568e-03  -3.5809918e-04
  -4.4610159e-02   5.6089791e-02  -3.2733354e-02  -6.4955862e-04   7.5769353e-04  -1.1603955e-04
  -5.0103570e-02   1.3009119e-01  -1.0710536e-01  -1.6676842e-03   9.2228939e-04  -1.3755069e-05
  -4.2771612e-02   9.2475024e-02  -7.2672379e-02  -1.0029905e-03   5.8838955e-04   2.1122411e-05
  -3.7384024e-02   1.6663399e-01  -1.6446039e-01  -1.7551830e-03   7.7235266e-04  -2.0986073e-04
  -2.9820853e-02   1.0655062e-01  -9.8199764e-02  -9.8324698e-04   8.6927546e-04   1.8332451e-04
  -3.5314149e-02   8.3543285e-02  -1.4707164e-01  -9.0917608e-04   1.0662267e-03   1.1440511e-04
  -3.4022552e-02   1.2830330e-01  -1.2069756e-01  -1.3179488e-03   9.1330489e-04  -9.0599862e-05
  -3.1750233e-02   7.5817908e-02  -1.1651842e-01   4.3831454e-04   9.8154760e-04   3.6353793e-05
  -2.7971745e-02   1.4258267e-01  -1.0278839e-01  -1.4381365e-03   1.1411790e-03  -6.9674618e-05
  -3.2302499e-02   1.1065162e-01  -1.1812227e-01  -1.5760548e-04   1.2710711e-03  -6.0785105e-05
  -3.1572721e-02   6.8195188e-02  -1.6203253e-01  -8.2228164e-04   1.1894586e-03   1.9322719e-05
  -3.1860799e-02   1.1214876e-01  -1.6148532e-01  -3.6411020e-04   1.3245430e-03   8.9959286e-05
  -2.1928054e-02   7.1088351e-02  -1.3443297e-01  -8.2996952e-04   9.4445563e-04   1.7724999e-04
  -2.6904480e-02   1.5774312e-01  -1.6185152e-01   1.0191577e-06   1.4614826e-03  -4.8473679e-05
  -3.6264351e-02   2.4062704e-02  -1.1133175e-01  -5.5265525e-05   1.2084614e-03   1.0429683e-05
  -3.3976294e-02   1.2384263e-01  -1.6206995e-01  -1.0419967e-03   1.4549369e-03  -4.8198620e-05
  -3.5756353e-02   2.8483992e-02  -1.0018284e-01  -5.5516954e-04   9.8159085e-04   1.4548246e-04
  -3.0122346e-02   1.3781486e-01  -1.5011014e-01  -1.1018079e-03   1.2768083e-03  -1.2541146e-04
  -2.3729519e-02   1.2369014e-01  -1.3051732e-01  -1.9514522e-04   1.2993045e-03   2.2162363e-04
  -2.3853918e-02   1.7028214e-01  -2.3948008e-01  -6.6035096e-04   1.5438175e-03   9.2768865e-05
  -1.9314675e-02   1.2776094e-01  -1.6631364e-01   1.7051394e-04   1.1316430e-03   3.4542599e-04
  -2.3570425e-02   1.5213034e-01  -1.9204637e-01  -7.7112804e-04   1.4263521e-03   3.6154750e-05
  -3.6788516e-02   1.0843712e-01  -1.1593387e-01   2.7454462e-05   1.1069593e-03  -7.4824573e-05
  -3.6536995e-02   1.3231674e-01  -1.9527300e-01  -8.1055151e-04   1.5849992e-03  -6.1193079e-05
  -3.1866990e-02   1.0042865e-01  -1.1754259e-01  -8.5620469e-04   1.0731128e-03  -5.8985538e-05
  -3.9453269e-02   1.4253897e-01  -2.3070672e-01  -5.0585273e-04   1.4048727e-03  -5.0866493e-05
  -3.8176636e-02   1.1393104e-01  -1.3934360e-01  -1.8053845e-04   1.0133775e-03   1.4226649e-04
  -2.8428731e-02   1.8188174e-01  -2.3911352e-01  -4.3305388e-04   1.3095622e-03   5.8082518e-05
  -2.8734705e-02   9.8138196e-02  -1.3331525e-01  -5.7705980e-04   4.9124591e-04   3.1297306e-04
  -3.0711085e-02   1.0952995e-01  -1.8726241e-01   9.0528327e-04   1.3371423e-03   3.7958383e-04
  -3.3416877e-02   8.3281813e-02  -1.1305269e-01   3.2353687e-04   1.1491163e-03   2.1368052e-04
  -3.5025247e-02   1.5925422e-01  -2.2158108e-01   9.0986068e-04   1.6052454e-03   5.1258403e-05
  -3.0590606e-02   1.1930099e-01  -1.2675461e-01   2.8237641e-04   1.1615260e-03   1.1517743e-04
  -3.4899021e-02   9.9400904e-02  -2.2378526e-01   3.4640232e-04   1.4904970e-03   6.2589000e-05
  -2.2456908e-02   1.4406195e-01  -1.4219504e-01   5.3141112e-04   1.0951359e-03   9.4474491e-05
  -2.9212266e-02   1.6629491e-01  -2.4784153e-01   6.0068839e-04   1.2930962e-03   1.2912265e-04
  -3.2924310e-02   8.1649597e-02  -1.2656992e-01   5.1446498e-04   9.2736682e-04   1.9072949e-04
  -3.9895465e-02   1.5876225e-01  -2.5783723e-01   5.1515540e-04   1.1974821e-03   1.1670027e-04
  -4.4957549e-02   1.1720010e-01  -1.3980682e-01   3.1238734e-04   1.2663502e-03   2.7947972e-04
  -4.9218182e-02   1.1489870e-01  -1.9734766e-01   6.8601962e-05   1.4981258e-03   6.5178404e-05
  -3.6236651e-02   2.2713453e-01  -1.9313070e-01  -4.8873180e-05   1.2319443e-03   1.5184355e-04
  -5.6602151e-02   1.2056310e-01  -2.2219126e-01   5.3185478e-04   1.2364649e-03   5.6484973e-05
  -4.2593773e-02   1.9508672e-01  -2.1876994e-01   3.7356837e-04   1.3065255e-03   3.8418202e-04
  -5.4103267e-02   1.1136777e-01  -2.2181719e-01   5.6415652e-04   1.4901411e-03   2.4988535e-04
  -4.3391816e-02   1.5790018e-01  -2.0743383e-01   3.3803261e-04   1.2735911e-03   1.6810837e-04
  -4.8308531e-02   1.1030891e-01  -2.1895476e-01   2.4798327e-04   1.2124970e-03   2.1287174e-04
  -5.4867825e-02   9.0735578e-02  -1.6757412e-01   7.8529999e-04   1.3885924e-03   3.7368344e-04
  -6.1447062e-02   1.4262802e-01  -2.0257897e-01   1.5036885e-04   1.5064134e-03   4.3987606e-04
  -4.7542174e-02   1.6712790e-01  -1.8193548e-01   8.7960952e-04   1.2479011e-03   6.9955695e-04
  -3.1292789e-02   1.6260728e-01  -3.0987283e-01   1.2852230e-03   1.3732747e-03   7.2378634e-04
  -4.4893882e-02   1.4255945e-01  -2.0679484e-01   1.0493789e-03   1.1763266e-03   6.7495628e-04
  -4.2979049e-02   1.0402143e-01  -2.6375504e-01   9.2717851e-04   1.2731731e-03   5.9683970e-04
  -4.1998155e-02   1.3108023e-01  -2.0525505e-01   1.1565279e-03   1.2630666e-03   6.3397159e-04
  -4.1121308e-02   8.4107287e-02  -2.2471711e-01   8.3862035e-04   1.0881041e-03   6.9146712e-04
  -3.3158853e-02   1.5556440e-01  -2.1992319e-01   1.1805766e-03   1.0741605e-03   6.8178345e-04
  -5.2624440e-02   1.0529537e-01  -2.2427062e-01   1.0821047e-03   8.9273548e-04   7.0658869e-04
  -3.7246456e-02   1.4756719e-01  -2.1435383e-01   1.0692630e-03   9.1697276e-04   7.3765403e-04
  -4.9189146e-02   6.1332284e-02  -1.6488100e-01   1.2125937e-03   7.6593977e-04   7.7781882e-04
  -5.5128261e-02   1.3912845e-01  -1.9134668e-01   1.4138558e-03   1.3457048e-03   7.6376944e-04
  -6.2038036e-02   5.6126768e-02  -1.6426357e-01   1.4177857e-03   1.1768347e-03   5.8931806e-04
  -5.5773859e-02   1.2818293e-01  -1.6382484e-01   1.3806448e-03   1.2310199e-03   6.6586844e-04
  -5.2736808e-02   1.0495181e-01  -1.5632219e-01   1.0693262e-03   9.2114039e-04   3.7394596e-04
  -4.5418967e-02   1.5722018e-01  -2.0606411e-01   1.1199884e-03   9.6199607e-04   3.9995696e-04
  -5.9424619e-02   3.6222622e-02  -1.5836174e-01   8.4049634e-04   8.4614698e-04   4.6493727e-04
  -5.2859961e-02   1.5603130e-01  -2.2252349e-01   7.3640363e-04   1.3150127e-03   5.0342760e-04
  -6.4993867e-02   4.4508573e-02  -1.5857034e-01   6.1201834e-04   8.9420097e-04   4.3774231e-04
  -5.8896642e-02   1.7675896e-01  -2.3679814e-01   8.3236291e-04   9.9165406e-04   5.3213754e-04
  -7.1329435e-02   8.3008303e-02  -1.7670731e-01   5.9849913e-04   8.0588335e-04   5.2085232e-04
  -7.1668642e-02   2.4296797e-01  -2.3704365e-01   9.9303527e-04   1.1668552e-03   5.3988313e-04
  -6.3325133e-02   1.1489410e-01  -1.4021978e-01   7.7786955e-04   6.8432265e-04   7.4102922e-04
  -6.0187497e-02   1.6405648e-01  -2.5427886e-01   1.2810592e-03   8.8765905e-04   6.2063974e-04
  -5.2328409e-02   1.6204080e-01  -1.5532311e-01   6.0146337e-04   5.6412290e-04   8.9143602e-04
  -7.1678272e-02   5.0923146e-02  -2.0106081e-01   8.3374400e-04   7.4758960e-04   5.7486040e-04
  -8.4029114e-02   1.5708903e-01  -2.0531457e-01   1.3400324e-03   8.2510150e-04   5.6523920e-04
  -7.6294387e-02   1.1815054e-01  -2.5072497e-01  -1.4218454e-04   5.5219463e-04   9.7612520e-04
  -6.4589591e-02   2.0356047e-01  -2.7983901e-01   1.3749060e-03   9.2495579e-04   1.1801080e-03
  -6.0021273e-02   6.1076996e-02  -2.0857423e-01   1.3733213e-03   5.0577076e-04   9.6126482e-04
  -3.5449286e-02   2.8968161e-01  -2.8670915e-01   9.8816676e-04   6.0205635e-04   9.1863434e-04
  -5.4342821e-02   1.0932618e-01  -1.7458279e-01   1.1491906e-03   4.6107673e-04   9.9396341e-04
  -4.9300966e-02   1.4629881e-01  -2.3730035e-01   1.2236012e-03   7.9961686e-04   1.0949719e-03
  -5.2089140e-02   7.8923614e-02  -1.6485784e-01   1.1147719e-03   3.8683126e-04   1.0589571e-03
  -5.7255627e-02   1.6482553e-01  -2.4961100e-01   1.4654516e-03   8.0303985e-04   1.0499015e-03
  -5.0463710e-02   8.5739709e-02  -2.0679142e-01   1.7757408e-03   4.3119914e-04   9.7573628e-04
  -5.3523916e-02   1.5162615e-01  -2.9803825e-01   1.5089209e-03   6.8450739e-04   9.6707319e-04
  -5.1497102e-02   1.0433483e-01  -2.5153032e-01   1.9866011e-03   1.9874539e-04   8.6677285e-04
  -6.7779246e-02   1.0213637e-01  -2.4149400e-01   1.1956044e-03   3.1617494e-04   7.7787533e-04
  -6.0703311e-02   1.1186865e-01  -2.0516297e-01   1.9750724e-03   3.0838669e-04   8.2695326e-04
  -7.2666320e-02   8.0199214e-02  -2.6805422e-01   1.2989639e-03   4.4548508e-04   5.7802179e-04
  -5.6269890e-02   1.7595229e-01  -2.5292370e-01   1.3977605e-03   4.2076096e-04   7.9723338e-04
  -7.5008975e-02   6.5605345e-02  -2.7339013e-01   9.2747882e-04   1.9545431e-04   6.7041876e-04
  -6.1806755e-02   2.0995663e-01  -2.5515291e-01   9.8618375e-04   9.7536322e-04   7.1283970e-05
  -8.2309999e-02  -2.3482961e-02  -7.8738694e-02  -1.0088424e-03   3.7364081e-04  -3.2462874e-04
  -7.5787278e-02   1.4982050e-01  -1.4454241e-01   9.2645216e-05   8.4427853e-04  -3.0698468e-04
  -5.6034544e-02   3.3892492e-01  -1.8635833e-01   9.9588504e-05   8.5306858e-04  -2.9380075e-04
  -6.5621565e-02   1.4850109e-01  -1.5697752e-01   2.2548674e-04   5.7721780e-04  -1.4691419e-04
  -5.9778933e-02   2.0760775e-01  -2.1608094e-01   3.0747543e-04   7.6721878e-04   6.8692988e-06
  -5.7237497e-02   1.8039517e-01  -1.6597682e-01   5.6259917e-04   3.9260504e-04   3.6308916e-04
  -5.4638624e-02   2.1681335e-01  -2.4650983e-01  -9.3930611e-07   5.7153611e-04   2.3053001e-04
  -5.4296491e-02   2.1135442e-01  -1.7085639e-01   2.8613582e-04   5.6603895e-04   2.1389674e-04
  -5.6466995e-02   1.6989408e-01  -2.8610764e-01   1.7840687e-03   1.0629809e-03   6.2906542e-05
  -5.8120808e-02   1.6172056e-01  -2.1048077e-01   1.2796733e-03   4.1719393e-04   3.2963759e-04
  -5.3764545e-02   2.1427115e-01  -3.1918407e-01   2.2452147e-04   4.9789572e-04   2.5149137e-04
  -4.8951055e-02   1.4500004e-01  -2.0938679e-01   1.3898309e-03   3.6143486e-04   5.2291857e-04
  -6.0175594e-02   1.8621233e-01  -2.8473246e-01   3.8329786e-04   4.9311894e-04   2.6201029e-04
  -6.3833186e-02   1.7518427e-01  -1.9285217e-01   1.4419087e-03   4.8290287e-04   4.2876593e-04
  -7.8731547e-02   1.3848554e-01  -2.8022004e-01   6.0774949e-04   5.1048365e-04   8.6956630e-05
  -6.7710226e-02   1.8004217e-01  -2.0263242e-01   1.1158659e-03   2.5879166e-04   4.7585545e-04
  -7.5950156e-02   1.2264586e-01  -2.6261258e-01   6.3097279e-04   4.3820711e-04   2.6768971e-04
  -5.3461102e-02   2.6078342e-01  -2.8782984e-01   1.1975317e-03   3.3496024e-04   4.6793804e-04
  -7.1829021e-02   5.0916309e-02  -2.4833216e-01   9.0160253e-04   2.9169169e-04   2.8484934e-04
  -6.5423804e-02   2.4244287e-01  -2.8982901e-01   9.4215132e-04   7.0772437e-04   4.6455818e-04
  -5.6912778e-02   1.3708156e-01  -2.2684113e-01   1.7706607e-04   1.9117519e-04   1.5458090e-04
  -5.2403127e-02   2.7358939e-01  -2.9356144e-01   5.9637469e-06   6.9048381e-04   2.2090791e-04
  -5.4004595e-02   1.3952332e-01  -2.5638835e-01   7.5397416e-04   1.8962783e-04   2.8203883e-04
  -4.4999332e-02   2.5881047e-01  -3.9258404e-01   1.0696532e-03   9.1699341e-04   3.5610506e-04
  -4.1611440e-02   1.9078409e-01  -2.4904872e-01   9.6023933e-04   1.6571801e-04   3.5997712e-04
  -4.5232585e-02   2.0904570e-01  -3.4665011e-01   1.3542244e-03   6.2945377e-04   3.6811981e-04
  -5.5972103e-02   1.2551583e-01  -2.3144637e-01   7.0373477e-04   1.2771038e-04   1.9342235e-04
  -4.5347744e-02   2.4995235e-01  -3.2923106e-01   5.5864481e-04   6.1767293e-04   1.4389105e-04
  -4.2277834e-02   1.9193019e-01  -2.3577250e-01   8.2110968e-04   1.1899131e-04   2.9821394e-04
  -4.7385847e-02   2.7384216e-01  -3.2273901e-01   5.6009760e-04   5.3621024e-04   1.3807991e-04
  -4.9466232e-02   1.8465541e-01  -2.0914659e-01   9.6378875e-04   2.8700339e-04   3.1506635e-04
  -5.4168389e-02   1.7696404e-01  -3.0354782e-01  -1.6215935e-04   4.7240989e-04   8.1875127e-05
  -3.6489056e-02   2.5336460e-01  -3.4627150e-01   6.3158091e-04   5.0279015e-04   4.7218751e-04
  -3.0654486e-02   1.9550583e-01  -3.8161216e-01   1.6338725e-03   7.7572585e-04   6.9241181e-04
  -2.5190078e-02   1.6128055e-01  -3.2313577e-01   1.5270649e-04   3.4417822e-04   8.8366161e-04
  -2.9096044e-02   2.2584322e-01  -3.3915174e-01  -3.3998225e-05   2.4557859e-04   6.7770137e-04
  -2.8050500e-02   1.5007155e-01  -2.9087165e-01   6.7093832e-04   1.7569432e-04   7.4330801e-04
  -3.0861986e-02   2.7092868e-01  -3.4685471e-01  -1.2270577e-03   9.0504240e-05   2.7660896e-04
  -4.7489779e-02   2.1998143e-01  -2.7585189e-01  -6.8670228e-05   3.0947449e-04   3.2256096e-04
  -3.7640455e-02   2.3956561e-01  -3.7042766e-01  -8.7921877e-04   3.3308441e-04   2.9368325e-04
  -2.8706929e-02   2.5459988e-01  -3.0005830e-01   2.3445646e-04  -3.8861288e-05   4.7215376e-04
  -3.5634640e-02   1.5320165e-01  -3.6079792e-01  -3.8204471e-04  -2.3892512e-04   2.6626371e-04
  -3.0608630e-02   2.8012366e-01  -3.2523537e-01  -1.5809719e-04   3.5460336e-05   1.7451705e-04
  -5.2314462e-02   2.0954714e-01  -3.4377004e-01   3.2917619e-04   1.3193128e-04   1.0458192e-04
  -4.1981072e-02   2.3450998e-01  -3.1662630e-01  -6.5423654e-04   2.8272061e-04  -5.4081834e-04
  -4.6165004e-02   1.3616275e-01  -2.7661080e-01   5.5220695e-04   3.3755817e-04  -5.7902962e-05
