   1.4469477e-14   0.0000000e+00   0.0000000e+00   0.0000000e+00   0.0000000e+00   0.0000000e+00
  -9.5408828e-03  -4.2461439e-02   1.0387246e-02  -1.0182298e-03   2.7886622e-04  -2.6353901e-05
  -5.6360383e-03  -2.3170374e-02  -2.6731549e-03  -1.0006794e-03   2.3271785e-04  -1.1942529e-04
  -1.3114852e-02  -5.8470955e-02  -1.0708863e-02  -5.1283631e-04   2.1912979e-04  -1.3289689e-04
  -8.4802878e-03  -3.0072859e-02  -2.0791778e-04  -1.5442999e-03   2.5811148e-04  -1.5596665e-05
  -8.5947401e-03  -4.3278507e-02   1.8191566e-02  -8.0707834e-04   2.5004122e-04  -1.8661159e-04
  -7.8472453e-03  -2.0354901e-02   2.6250543e-02  -1.4374573e-03   1.6219536e-04  -2.6258120e-05
  -8.2207605e-03  -7.7280647e-03   2.6397347e-02  -8.5055488e-04   1.2448971e-04   3.7673342e-06
  -7.1797611e-03  -6.0111416e-02   4.1885730e-02  -2.9072792e-04   5.1613966e-06  -8.7152114e-05
  -3.7059072e-03  -5.4404236e-02   5.8799135e-02  -8.2879271e-04   1.1563301e-05  -8.6092279e-06
  -1.6678188e-02  -3.4970032e-02   5.5843770e-02  -3.5711033e-04   1.5911937e-04   7.5277383e-05
  -1.5961294e-02  -2.1065350e-02   8.4699609e-02  -8.9819460e-05   7.7164420e-05   1.1748024e-05
  -2.2265257e-02  -4.7025422e-02   9.5190677e-02  -2.5518492e-04   1.0210209e-04  -3.0154085e-05
  -1.9760791e-02  -1.8082279e-02   8.1706523e-02   1.9251353e-04   1.7391495e-05  -2.0920264e-04
  -1.6097626e-02   2.4423710e-03   7.1691006e-02  -4.5100280e-04   2.2834007e-04   3.3013551e-05
  -1.7873309e-02  -4.6802280e-03   5.6379453e-02   2.1890147e-04   1.8181232e-04   1.1943717e-04
  -2.6953150e-02  -3.9638615e-02   4.3898668e-02   5.3179839e-04   2.9249312e-04   3.6016258e-05
  -2.3935470e-02   2.6495643e-03   7.3828555e-02  -9.1354571e-05   1.8174311e-04   1.3181252e-04
  -2.9345767e-02  -3.7396258e-02   5.4010290e-02   7.6950006e-04   3.7188294e-04   1.0676201e-04
  -2.0487741e-02   5.5063383e-03   7.6472476e-02   1.6410928e-04   3.4906147e-04   3.7331085e-04
  -2.2406888e-02  -2.7406054e-02   8.5155696e-02   5.2243313e-04   5.2020484e-04   2.4934595e-04
  -2.6490678e-02   1.6168114e-02   7.5022884e-02   8.3147613e-04   5.4986905e-04   3.0070946e-04
  -3.2183900e-02  -1.4216990e-02   8.4011190e-02   7.5826684e-04   4.1743606e-04   1.3950791e-04
  -3.0461288e-02  -2.8448680e-02   7.7639495e-02   7.4311079e-04   4.8356567e-04   1.6773148e-04
  -3.1591658e-02  -7.3567453e-02   8.8812182e-02   7.6731226e-04   2.2892677e-04   5.6543767e-05
  -3.0849002e-02   5.1996346e-02   8.2715704e-02  -1.5119840e-06   4.0060140e-04   2.5049739e-04
  -3.4405696e-02   1.0230517e-02   7.7785888e-02   1.3677385e-03   4.6254708e-04   6.0324741e-05
  -3.1217794e-02  -5.7694395e-02   1.1468937e-01   6.6029428e-04   4.2550465e-04   3.4302802e-05
  -3.3940836e-02  -3.8309441e-02   6.4730554e-02   4.0041367e-04   2.7963026e-04  -8.3958724e-05
  -3.5090763e-02  -4.3651620e-02   7.3321187e-02   1.0767312e-03   4.7319714e-04   2.3176634e-04
  -4.2175589e-02   9.9279150e-03   7.0995918e-02   7.7236001e-04   5.3731390e-04   1.4311280e-04
  -4.5677691e-02  -1.3596027e-02   8.9134705e-02   8.5226472e-04   4.8017088e-04   6.5515006e-06
  -3.0129894e-02  -1.9736518e-04   8.2942775e-02   6.2509310e-04   3.1539505e-04   2.0063683e-04
  -2.8051948e-02  -1.6983196e-02   5.1820431e-02   1.2057218e-03   1.5439818e-04  -5.6824371e-05
  -2.5744359e-02  -9.0826170e-02   6.7916732e-02   1.1763078e-03   2.2296299e-04  -7.4072350e-05
  -2.1271514e-02  -8.1637845e-03   7.6622729e-02   1.3727721e-03   4.0726164e-04   1.0668899e-04
  -2.8651290e-02  -2.1836322e-02   8.8903271e-02   1.6542968e-03   3.6651199e-04   2.2648441e-05
  -3.8036581e-02  -3.9073643e-02   8.5437564e-02   1.4898916e-03   1.1539401e-04   9.7537778e-05
  -3.6134049e-02   2.3180185e-02   8.6286722e-02   1.3198142e-03   2.0257546e-04   1.4674106e-05
  -4.0775721e-02   1.9814048e-02   8.5552734e-02   1.4027829e-03   5.5516834e-04   4.8425429e-05
  -4.8154506e-02   8.8787727e-03   7.6772331e-02   1.7614410e-03   5.7269974e-04   1.4247747e-04
  -4.6750402e-02   4.8217873e-04   7.8386915e-02   1.6477124e-03   5.8835055e-04   1.2232246e-04
  -4.2625885e-02   5.2785762e-03   1.0775425e-01   1.7694841e-03   7.3534084e-04   1.2557680e-04
  -4.2915213e-02  -2.9091518e-02   1.0684013e-01   1.8014578e-03   6.7216327e-04   9.6076403e-05
  -5.0315482e-02   2.0421528e-02   1.1063686e-01   1.6169582e-03   6.7603705e-04   2.2849554e-04
  -4.9367039e-02   9.3201057e-03   9.3623751e-02   1.9102224e-03   6.5227680e-04   3.0171938e-04
  -4.6265623e-02   6.6123081e-03   8.4597651e-02   1.7213497e-03   3.0478759e-04   8.6224268e-05
  -4.9998278e-02   1.5328647e-02   8.9595211e-02   1.6359589e-03   4.1712292e-04   2.2627689e-04
  -4.7446255e-02   1.0853063e-02   8.0847493e-02   1.7733681e-03   6.0549650e-04   2.1590201e-04
  -5.2792179e-02  -2.2524139e-02   9.1584110e-02   2.0434076e-03   4.8008686e-04   1.8736532e-04
  -5.7618392e-02   1.3913881e-02   8.0367359e-02   1.3335510e-03   4.2556072e-04   1.7000951e-04
  -5.3500334e-02   1.0845997e-02   8.4253992e-02   2.0738148e-03   4.7997320e-04   1.9109549e-04
  -5.4788830e-02   1.9294631e-02   8.7336517e-02   1.5304961e-03   3.9673406e-04   1.4638901e-04
  -5.5433996e-02  -8.4978614e-02   9.8904506e-02   1.9639533e-03   6.0968454e-04   3.5453942e-05
  -5.2252174e-02  -3.1353536e-02   1.0411201e-01   1.8536748e-03   5.6031669e-04  -1.2403162e-04
  -5.4727732e-02   4.0381712e-02   1.3568519e-01   1.1508926e-03   5.8945970e-04   4.8626438e-05
  -5.2173440e-02  -6.2730007e-03   1.0989013e-01   2.0886974e-03   5.7684748e-04   8.0781038e-05
  -5.5259099e-02  -9.2745057e-02   1.2807484e-01   2.1495344e-03   6.4824320e-04  -7.8345797e-05
  -6.3013601e-02  -1.6856806e-02   6.7140343e-02   1.6513499e-03   3.8615043e-04  -2.9301570e-04
  -6.3054797e-02  -2.2974321e-05   4.7697440e-02   2.4094503e-03   3.5766637e-04  -3.8133499e-04
  -7.1690458e-02  -6.0520121e-02   8.5747305e-02   1.9728178e-03   5.5305283e-04  -4.3136761e-04
  -7.2352437e-02  -9.0026156e-02   9.4884374e-02   2.3854838e-03   4.1841618e-04  -4.5372896e-04
  -7.4880220e-02  -1.0061446e-01   1.1231976e-01   2.7001564e-03   4.7259132e-04  -6.5169749e-04
  -7.5659767e-02  -7.5386242e-02   1.2878207e-01   2.7586024e-03   4.4757562e-04  -6.0124318e-04
  -7.7667159e-02  -1.8685964e-02   1.3811956e-01   2.1820787e-03   6.6360905e-04  -6.2743359e-04
  -8.0032037e-02  -1.7350699e-02   9.0521622e-02   2.7876412e-03   5.3396113e-04  -7.4696774e-04
  -8.3812434e-02  -1.4316722e-02   1.1306484e-01   3.5230712e-03   8.3806186e-04  -6.2855507e-04
  -8.2842859e-02  -4.8564829e-03   1.2955075e-01   2.4624743e-03   8.4008862e-04  -4.9178678e-04
  -9.7236765e-02  -3.0682577e-02   1.1455155e-01   2.7406367e-03   9.3052057e-04  -6.5921132e-04
  -9.8893591e-02  -3.2676199e-02   1.0325294e-01   2.6913994e-03   9.6626691e-04  -6.0380214e-04
  -1.0446701e-01   1.4816744e-02   1.0023886e-01   2.5160521e-03   8.4779637e-04  -6.9076356e-04
  -1.0727536e-01  -2.4570574e-02   1.2269544e-01   3.1478922e-03   8.9523121e-04  -7.6991030e-04
  -1.0530287e-01  -4.8182510e-02   1.3289140e-01   2.8844992e-03   9.2144045e-04  -9.2076067e-04
  -1.1149812e-01   2.2954423e-02   1.2615029e-01   3.0913918e-03   1.0383336e-03  -8.7783207e-04
  -1.1720158e-01  -6.2061561e-02   1.1652798e-01   3.9666749e-03   1.2922734e-03  -6.8684267e-04
  -1.1576414e-01  -4.2495249e-02   1.4268562e-01   3.0837172e-03   1.1559911e-03  -7.1112041e-04
  -1.1526074e-01  -4.1407469e-02   1.5117468e-01   3.6082591e-03   9.4938160e-04  -8.1481278e-04
  -1.2822048e-01  -6.3712974e-02   1.2289136e-01   3.8262763e-03   8.6808144e-04  -9.7132389e-04
  -1.2208292e-01  -2.7279464e-02   1.1294833e-01   3.0593155e-03   6.2050979e-04  -1.0115114e-03
  -1.3324726e-01  -8.3239851e-02   1.0749875e-01   3.7122350e-03   7.0133517e-04  -1.0478920e-03
  -1.3391766e-01  -3.1259586e-02   9.9750930e-02   4.0437958e-03   5.0916701e-04  -9.8109314e-04
  -1.2989636e-01  -1.5541698e-02   1.0286243e-01   4.1522949e-03   5.6002069e-04  -9.1409713e-04
  -1.4677621e-01  -6.1189652e-02   1.0968026e-01   4.7890021e-03   7.9209434e-04  -1.0150475e-03
  -1.4273747e-01  -6.6501772e-02   1.1576047e-01   4.8033402e-03   7.3236372e-04  -1.0840842e-03
  -1.4463603e-01  -2.9330624e-02   8.8069886e-02   4.1626385e-03   6.4367974e-04  -1.1452734e-03
  -1.4292868e-01  -7.0965987e-02   8.5885761e-02   4.9799811e-03   4.6612343e-04  -1.2008291e-03
  -1.3062774e-01  -3.8236250e-02   9.7751986e-02   4.7517282e-03   3.1743500e-04  -1.1650041e-03
  -1.3108502e-01  -8.5396443e-02   7.8482463e-02   4.6501841e-03   1.8098690e-04  -1.2802898e-03
  -1.3498433e-01  -5.8300367e-02   4.8125803e-02   4.8792398e-03   1.6421217e-04  -1.3486337e-03
  -1.3894068e-01  -5.3748840e-02   6.8966030e-02   5.8587346e-03   4.5696044e-04  -1.3013569e-03
  -1.4117206e-01  -6.6049218e-02   8.7900281e-02   4.4461267e-03   3.2619931e-04  -1.4054712e-03
  -1.5739416e-01  -4.4046063e-02   1.2750029e-01   5.8480948e-03   8.0479266e-04  -1.7192009e-03
  -1.7613559e-01  -1.1310345e-01   2.3903514e-01   7.4666066e-03   1.5015988e-03  -1.7546026e-03
  -1.8244391e-01  -7.5130459e-02   1.8461282e-01   7.9880589e-03   1.4004086e-03  -1.9719038e-03
  -1.8327811e-01  -6.5821505e-02   2.5423242e-01   7.6069263e-03   1.5435391e-03  -1.9512207e-03
  -1.9111909e-01  -4.8145064e-02   2.6785829e-01   8.0302219e-03   1.8386056e-03  -2.0131759e-03
  -1.9974885e-01  -5.1254976e-02   2.7342227e-01   7.8180457e-03   2.0419716e-03  -1.8828842e-03
  -1.9988791e-01  -1.5379742e-02   2.5909895e-01   7.3706835e-03   1.9031134e-03  -1.9424674e-03
  -2.0708332e-01  -1.5580796e-02   2.2972371e-01   7.2494743e-03   1.9464422e-03  -2.2503718e-03
  -2.0141363e-01  -1.1015571e-02   2.3684511e-01   7.6633741e-03   2.2229803e-03  -2.0358830e-03
  -2.0221814e-01  -1.2716549e-01   2.6594867e-01   7.1976095e-03   2.2560718e-03  -1.9960781e-03
  -2.1205754e-01  -9.1709030e-02   2.5895350e-01   7.1149412e-03   2.4154737e-03  -2.0367016e-03
  -2.1600848e-01  -1.1968856e-01   2.8836399e-01   7.2955026e-03   2.2593042e-03  -2.1629281e-03
  -2.2507010e-01  -7.2046227e-02   2.6820264e-01   7.2770139e-03   2.3832362e-03  -2.2039239e-03
  -2.2063128e-01  -9.0804012e-02   2.5949235e-01   8.0639515e-03   2.6960960e-03  -2.0834508e-03
  -2.1494245e-01  -8.5763156e-02   2.5617438e-01   7.3423580e-03   2.2599607e-03  -2.2605507e-03
  -2.1869934e-01  -1.0527495e-01   2.6745884e-01   7.7978574e-03   2.3722076e-03  -2.4558299e-03
  -2.2389800e-01  -1.3415291e-01   2.9151621e-01   7.7049468e-03   2.6675876e-03  -2.2772216e-03
  -2.2787315e-01  -9.3950408e-02   2.8351789e-01   7.3764037e-03   2.8397174e-03  -2.1698223e-03
  -2.2993802e-01  -6.6889967e-02   2.5468539e-01   7.7624760e-03   2.9743523e-03  -2.2007869e-03
  -2.2630598e-01  -2.5958561e-02   2.7207808e-01   7.1942489e-03   2.9930785e-03  -2.1981903e-03
  -2.3621593e-01  -8.3481327e-02   2.5686627e-01   7.2066392e-03   3.0007842e-03  -2.3240531e-03
  -2.4097980e-01  -5.6993804e-02   2.7900937e-01   8.0266851e-03   2.9927917e-03  -2.2321008e-03
  -2.3695030e-01  -8.6479991e-02   2.9824238e-01   7.2199421e-03   2.5442956e-03  -2.3886055e-03
  -2.4718085e-01  -1.1280883e-01   2.8434817e-01   7.3988095e-03   2.6853157e-03  -2.8389326e-03
  -2.4488384e-01  -9.7800215e-02   2.8079151e-01   7.6649253e-03   2.4500787e-03  -3.3114539e-03
  -2.5357713e-01  -1.4097101e-01   2.7999922e-01   8.1746402e-03   2.7247301e-03  -3.3148126e-03
  -2.5455610e-01  -9.2619506e-02   3.0221937e-01   7.7102680e-03   2.6707093e-03  -3.1767683e-03
  -2.6715866e-01  -7.6911251e-02   2.8485786e-01   7.8428049e-03   2.5760771e-03  -3.4702344e-03
  -2.6146403e-01  -6.6990180e-02   2.4777171e-01   8.2585921e-03   1.7045226e-03  -4.0504016e-03
  -2.7174569e-01  -6.0136875e-02   3.0153769e-01   8.3416223e-03   2.0241791e-03  -3.9592604e-03
  -2.7390102e-01  -7.6853829e-02   3.0075614e-01   8.8350991e-03   2.2232549e-03  -3.9434224e-03
  -2.8808827e-01  -9.6190795e-02   3.0443742e-01   9.2160601e-03   2.1704515e-03  -4.1931375e-03
  -2.8287247e-01  -6.7082751e-02   2.8107730e-01   8.3485843e-03   1.6204450e-03  -4.2047520e-03
  -2.7933980e-01  -8.8989828e-02   2.8718606e-01   9.6861182e-03   1.7351270e-03  -4.4189226e-03
  -2.9279037e-01  -1.2934784e-01   3.5070517e-01   8.5788763e-03   2.1790835e-03  -4.3887380e-03
  -3.0372464e-01  -6.8131281e-02   3.0175590e-01   9.3239518e-03   2.3505256e-03  -4.3313280e-03
  -3.1648223e-01  -7.0360229e-02   3.4056334e-01   1.0078861e-02   2.6127519e-03  -4.4406448e-03
  -3.2406696e-01  -8.6016089e-02   3.4156954e-01   9.3548933e-03   2.5758003e-03  -4.6488508e-03
  -3.1926634e-01  -1.1704765e-01   2.8358041e-01   9.4496451e-03   2.3334518e-03  -4.9829042e-03
  -3.2303669e-01  -6.3274097e-02   2.8918999e-01   9.3995327e-03   2.5583813e-03  -4.9328630e-03
  -3.1268198e-01  -1.3518928e-01   3.2289229e-01   1.0006476e-02   2.5000758e-03  -4.8430535e-03
  -3.1808662e-01  -9.0682868e-02   3.2839386e-01   9.2172957e-03   2.4139491e-03  -4.7236280e-03
  -3.1964711e-01  -5.6936137e-02   3.4056139e-01   9.9983130e-03   2.3540591e-03  -4.7854825e-03
  -3.0807525e-01  -1.4912182e-01   3.2406492e-01   1.0014463e-02   2.2132622e-03  -4.8826438e-03
  -3.1356988e-01  -3.8534948e-02   3.1179001e-01   9.8484933e-03   2.3885544e-03  -4.9261991e-03
  -3.0919872e-01  -7.9819419e-02   3.2664242e-01   9.2101530e-03   2.2036811e-03  -4.7932086e-03
  -3.1561336e-01  -1.3028080e-01   3.2870979e-01   1.0465280e-02   2.4051269e-03  -4.9883727e-03
  -3.1189326e-01  -6.9937761e-02   2.9747214e-01   9.1865874e-03   2.2404992e-03  -4.7876570e-03
  -3.2200488e-01  -7.1219004e-02   2.7617039e-01   9.8000518e-03   2.2107101e-03  -4.9396827e-03
  -3.2498094e-01  -5.1902384e-02   2.6576020e-01   9.7606058e-03   2.1542181e-03  -4.9654221e-03
  -3.2956248e-01   4.2552345e-03   2.7087409e-01   8.5252163e-03   2.3152431e-03  -5.0431094e-03
  -3.2217639e-01  -1.0461141e-01   2.9325298e-01   9.5261416e-03   2.1401517e-03  -5.2091068e-03
  -3.2863488e-01  -1.0600479e-01   2.4954143e-01   9.6322677e-03   2.3110015e-03  -5.0677439e-03
  -3.2779904e-01  -5.8597009e-02   2.0500658e-01   9.0230889e-03   2.3022967e-03  -5.2758054e-03
  -3.1961376e-01  -1.0618121e-01   1.8695134e-01   9.9112459e-03   1.9857067e-03  -5.7655810e-03
  -3.1691431e-01  -1.4919530e-01   2.1135535e-01   9.1862825e-03   2.2085383e-03  -5.8735711e-03
  -3.0439696e-01  -8.8221795e-02   1.4474633e-01   9.4452210e-03   1.7676644e-03  -6.0397198e-03
  -3.1943342e-01  -6.5022704e-02   1.6068927e-01   9.2086487e-03   1.6585618e-03  -6.1404138e-03
  -3.3388325e-01  -1.0432763e-01   2.2606225e-01   9.1656001e-03   2.0181164e-03  -6.2424710e-03
  -3.1930922e-01  -2.0304212e-01   1.9479827e-01   9.2000471e-03   1.8967347e-03  -6.4041173e-03
  -3.2147535e-01  -1.2760343e-01   1.9630308e-01   9.4626602e-03   1.8299765e-03  -6.1570554e-03
  -3.3170963e-01  -1.1932195e-01   2.2279796e-01   9.1481505e-03   1.5847750e-03  -6.3901197e-03
  -3.3440710e-01  -1.2366514e-01   1.9372076e-01   9.1506170e-03   1.3875903e-03  -6.6820053e-03
  -3.3892436e-01  -1.3132453e-01   1.7748865e-01   9.3437168e-03   1.2479106e-03  -7.0827266e-03
  -3.4228724e-01  -8.4104958e-02   2.1766005e-01   9.2864024e-03   1.6051760e-03  -6.7318030e-03
  -3.4452877e-01  -1.2975324e-01   2.1948612e-01   9.5607188e-03   1.9071876e-03  -6.4508920e-03
  -3.4740332e-01  -1.0762024e-01   2.0849024e-01   9.0449052e-03   1.7038028e-03  -6.5044032e-03
  -3.5087590e-01  -2.2382036e-02   1.8426579e-01   8.7537914e-03   1.3962812e-03  -6.8516965e-03
  -3.5934929e-01  -3.5208234e-02   1.9859170e-01   9.1639086e-03   1.6437420e-03  -6.6096488e-03
  -3.4671980e-01  -1.3209627e-01   2.1167429e-01   9.9054821e-03   1.6179440e-03  -6.6282851e-03
  -3.4438038e-01  -1.2521389e-01   2.4316361e-01   9.6444896e-03   1.8166702e-03  -6.4303328e-03
  -3.4460756e-01  -1.2614702e-01   2.5296766e-01   9.7688114e-03   1.7350839e-03  -6.5351211e-03
  -3.4853772e-01  -1.5350808e-01   2.3100842e-01   1.0396348e-02   1.7717639e-03  -6.5928399e-03
  -3.5609778e-01  -1.3346845e-01   2.3379231e-01   9.6063806e-03   1.8145897e-03  -6.6254010e-03
  -3.6349096e-01  -1.1994866e-01   2.4384191e-01   1.0133318e-02   2.1255018e-03  -6.4784528e-03
  -3.6694135e-01  -1.3427960e-01   2.5733729e-01   1.0451055e-02   1.9942699e-03  -6.3583467e-03
  -3.6674282e-01  -9.8902308e-02   2.3299812e-01   9.4750242e-03   2.0718291e-03  -6.5037293e-03
  -3.7252227e-01  -1.1991078e-01   2.1833795e-01   1.0122624e-02   2.0332657e-03  -6.4250313e-03
  -3.5734395e-01  -1.1605891e-01   2.2158146e-01   9.5192290e-03   1.8161972e-03  -6.7163030e-03
  -3.5667823e-01  -7.3625123e-02   2.1242252e-01   9.2009527e-03   1.6387969e-03  -6.7732383e-03
  -3.6316461e-01  -1.1592569e-01   2.2577760e-01   9.9323147e-03   1.7994401e-03  -6.7784549e-03
  -3.6547524e-01  -6.1339299e-02   2.3214989e-01   9.5770153e-03   1.9012408e-03  -6.8239031e-03
  -3.5850432e-01  -1.0425730e-01   2.3532479e-01   9.6558232e-03   1.6390902e-03  -6.7660016e-03
  -3.5582938e-01  -1.3871193e-01   2.1346303e-01   9.6416600e-03   1.7071956e-03  -6.7951591e-03
  -3.6216363e-01  -8.3513048e-02   2.0461182e-01   9.8178180e-03   1.7963215e-03  -6.9031058e-03
  -3.6187811e-01  -1.1363791e-01   1.9930069e-01   9.9436051e-03   1.9545840e-03  -6.7978481e-03
  -3.6147768e-01  -1.0595455e-01   2.0039113e-01   1.0126052e-02   1.7967498e-03  -6.6379328e-03
  -3.6782533e-01  -6.1478716e-02   2.0059878e-01   9.4847436e-03   1.8428332e-03  -6.9352826e-03
  -3.6380004e-01  -8.6679383e-02   2.0746998e-01   1.0002460e-02   1.9017844e-03  -6.8968197e-03
  -3.5998325e-01  -1.2610725e-01   1.9341673e-01   1.0126501e-02   1.8894134e-03  -6.8238439e-03
  -3.6411584e-01  -1.0861514e-01   1.9346049e-01   9.6145121e-03   1.6961391e-03  -6.7146959e-03
  -3.6228963e-01  -1.2089350e-01   1.9737300e-01   1.0233046e-02   1.4339842e-03  -6.8982501e-03
  -3.6625076e-01  -8.1807224e-02   2.0809122e-01   9.7312664e-03   1.5619093e-03  -6.7871582e-03
  -3.6658770e-01  -7.9650015e-02   1.8347343e-01   9.8332532e-03   1.4048550e-03  -7.0304814e-03
  -3.7223079e-01  -8.6931539e-02   1.7156443e-01   1.0324921e-02   1.4075603e-03  -6.8619610e-03
  -3.7036602e-01  -9.0564570e-02   1.8587023e-01   1.0405806e-02   1.6219774e-03  -6.8050313e-03
  -3.6210289e-01  -7.4005966e-02   1.8981500e-01   9.3172498e-03   1.5311304e-03  -6.7812314e-03
  -3.6844344e-01  -9.7256736e-02   1.7921791e-01   1.0091293e-02   1.4924444e-03  -6.8963852e-03
  -3.6272415e-01  -1.1369782e-01   1.7673268e-01   1.0398415e-02   1.3474263e-03  -6.7479114e-03
  -3.6376079e-01  -9.7717215e-02   1.5137745e-01   1.0406516e-02   1.4728626e-03  -6.6401069e-03
  -3.6878508e-01  -1.2471471e-01   1.6199800e-01   1.0010027e-02   1.4131765e-03  -6.8698389e-03
  -3.6659643e-01  -1.0064601e-01   1.8216398e-01   1.0676866e-02   1.4587146e-03  -7.0253309e-03
  -3.6867820e-01  -1.0488362e-01   1.8528248e-01   9.7913682e-03   1.6446324e-03  -6.9417427e-03
  -3.6097798e-01  -1.2341630e-01   1.5127470e-01   1.0620293e-02   1.4269099e-03  -6.8829754e-03
  -3.6606587e-01  -1.2638701e-01   1.5554964e-01   1.0900854e-02   1.5888402e-03  -6.8347287e-03
  -3.6605775e-01  -1.1690124e-01   1.6068876e-01   9.8120756e-03   1.5133479e-03  -6.7712525e-03
  -3.7437475e-01  -9.1567468e-02   1.5604718e-01   9.9742259e-03   1.5885986e-03  -6.8369174e-03
  -3.7685786e-01  -6.6131565e-02   1.6111614e-01   1.0768674e-02   1.5709278e-03  -6.9545621e-03
  -3.7252706e-01  -8.6016029e-02   1.6226144e-01   1.0024696e-02   1.5661858e-03  -6.9141137e-03
  -3.6372160e-01  -8.3583395e-02   1.5582722e-01   1.0805585e-02   1.4602722e-03  -6.7278300e-03
  -3.7274766e-01  -1.0909506e-01   1.6608800e-01   1.0602231e-02   1.5460122e-03  -6.7436908e-03
  -3.7583983e-01  -5.7814129e-02   1.5597750e-01   1.0477422e-02   1.3889595e-03  -6.5542256e-03
  -3.8436883e-01  -1.4272436e-01   1.5075334e-01   1.0615345e-02   1.4994017e-03  -6.5494316e-03
  -3.8649772e-01  -1.0813060e-01   1.7754490e-01   1.0663200e-02   1.4872130e-03  -6.7364912e-03
  -3.8680519e-01  -1.1751971e-01   1.8112969e-01   1.0242317e-02   1.7609731e-03  -6.6702676e-03
  -3.8863080e-01  -1.0587575e-01   1.9149017e-01   1.0259648e-02   1.7478709e-03  -6.6082624e-03
  -3.8037013e-01  -1.0429744e-01   2.0536654e-01   1.0488068e-02   1.7474155e-03  -6.5771911e-03
  -3.8198814e-01  -1.2502210e-01   1.8810639e-01   1.0438248e-02   1.7680020e-03  -6.6222589e-03
