   0.0000000e+00   0.0000000e+00   0.0000000e+00   0.0000000e+00   0.0000000e+00   0.0000000e+00
   1.9808744e-02   1.2083306e-01  -5.3302909e-02   5.0157053e-04   5.2302876e-05  -2.9470816e-04
   2.5702576e-02   1.9408855e-01  -9.9886295e-02   1.4736763e-03   8.5790895e-05  -6.1584010e-04
   1.9817346e-02   1.3526586e-01  -1.3896441e-01   7.6314068e-04   4.4210558e-06  -5.5330458e-04
   1.2818441e-02   1.4117744e-01  -1.6799337e-01  -1.1247145e-03  -1.4059777e-04  -7.5415979e-04
   2.0110998e-02   1.9740791e-01  -2.2963942e-01  -1.6690702e-03  -3.1241511e-04  -3.2568417e-04
   2.7466321e-03   4.9074226e-02  -1.1577067e-01  -8.7235354e-04  -9.7585708e-04  -5.4652932e-04
  -1.1645861e-02  -5.6990116e-02   1.2710028e-01  -7.6231535e-04  -1.8706185e-03  -5.9052014e-04
  -1.7361874e-02   7.9781500e-02   4.2188488e-02   9.4966112e-04  -1.4639839e-03   1.7900116e-04
   5.9190301e-03   2.0006210e-01  -1.1700735e-01   2.5150836e-03  -1.0166715e-03  -5.9611078e-04
   1.6840801e-02   2.0157975e-01  -1.7364298e-01   1.1971582e-03  -8.3431800e-04  -1.0240420e-03
   1.4141797e-02   1.6571148e-01  -1.9050720e-01   1.0016766e-03  -6.6318662e-04  -1.0647384e-03
   9.3746331e-03   1.5175440e-01  -1.5773007e-01   6.3964234e-04  -5.8945566e-04  -9.5876369e-04
   1.6499716e-02   8.3484915e-05   5.5754215e-02   9.3776616e-04  -1.6852113e-03  -7.6966467e-04
   2.7247949e-03  -1.2491946e-02   7.7399078e-02   1.0244935e-03  -2.3388252e-03  -3.1840945e-04
   1.8517832e-02   2.4504922e-01  -6.4771478e-02   2.3212331e-03  -1.5405443e-03  -3.8442483e-04
   1.6293497e-02   2.2794317e-01  -1.3625533e-01   2.5358361e-03  -4.1613785e-04  -6.6700986e-04
   1.6673619e-02   1.5935961e-01  -9.7624213e-02   2.3503477e-03  -7.4717161e-04  -7.2283505e-04
   2.1309703e-02   1.7929568e-01  -1.0453323e-01   1.9816617e-03  -8.7493122e-04  -7.4983623e-04
   1.3895774e-02   1.5903882e-01  -7.6165117e-02   1.5940849e-03  -9.1131483e-04  -6.3704722e-04
   9.5148239e-03   5.9279295e-02   3.5178905e-02   1.2017576e-03  -1.7209354e-03  -3.9907368e-04
   6.9942333e-03   1.0985925e-01  -1.4121550e-02   1.0374906e-03  -1.7562419e-03  -1.1807779e-04
   1.5829825e-02   2.5698190e-01  -6.9877295e-02   2.3254976e-03  -1.3654405e-03  -2.4878250e-05
   8.7172025e-03   1.7935792e-01  -5.5971049e-02   2.9463696e-03  -1.3998573e-03   4.1215141e-05
   2.4415967e-03   1.7173782e-01  -8.4201902e-02   2.7504647e-03  -1.3654582e-03  -1.5685382e-05
   3.1161692e-03   1.7189120e-01  -9.6428845e-02   1.8761372e-03  -1.3232235e-03  -3.9630630e-05
  -5.8886848e-03   3.6409363e-02   2.7528090e-03   1.4982673e-03  -2.1300825e-03   6.3406128e-05
  -1.1993277e-02   7.6703099e-02  -5.0356810e-03   6.9229822e-04  -2.2580169e-03   1.3110238e-04
   1.6184837e-03   2.3476259e-01  -8.3289171e-02   2.2907578e-03  -1.8841593e-03   1.4679779e-04
   5.0791470e-03   2.5707993e-01  -9.6950890e-02   2.3569285e-03  -1.8298973e-03  -9.5102872e-05
   5.1986373e-03   1.9409168e-01  -1.0816068e-01   2.5302612e-03  -1.8141304e-03  -2.0064198e-04
   5.4031890e-03   1.9888464e-01  -1.0884131e-01   2.1647955e-03  -1.6529299e-03  -2.9070122e-04
  -7.2248911e-03   1.1512387e-01  -1.6460203e-02   1.1170848e-03  -2.1230739e-03  -1.2536176e-05
  -5.1800329e-03   1.2299929e-01  -4.2406737e-02   9.8372401e-04  -2.4985054e-03  -2.1698353e-05
   1.2371123e-03   2.7252494e-01  -7.8943500e-02   2.4305820e-03  -2.2359732e-03   1.1300006e-04
  -6.0166453e-03   2.3787380e-01  -7.9227673e-02   2.9745508e-03  -2.5256285e-03   3.3532389e-04
  -3.8661535e-03   2.6199056e-01  -8.8976357e-02   3.3718067e-03  -2.4440277e-03   1.1561298e-04
  -1.9415985e-02   8.7108169e-02   1.9064439e-03   2.1484184e-03  -2.8886959e-03   2.7907642e-04
  -1.0616844e-02   1.8821122e-01  -4.8184782e-02   2.0919163e-03  -2.8428390e-03   4.6276334e-04
   1.8816387e-03   2.3593794e-01  -8.3962305e-02   3.1279761e-03  -3.0226459e-03   1.6005690e-04
  -4.0782642e-03   2.1915658e-01  -1.0351706e-01   2.9909358e-03  -2.8683636e-03   1.8810284e-04
  -1.2924699e-02   1.7805681e-01  -1.5422829e-02   2.3410607e-03  -2.9711024e-03   1.8790913e-04
  -1.3217082e-02   1.6144276e-01  -3.0579743e-02   1.5970329e-03  -3.2646297e-03   5.1525826e-04
  -8.9286083e-03   2.4985340e-01  -1.1600529e-01   2.5451818e-03  -3.0628371e-03   3.8779987e-04
  -6.5267591e-03   3.0898444e-01  -1.3951636e-01   3.4625373e-03  -3.2360294e-03   4.7951276e-04
  -1.0176712e-02   1.6706972e-01  -8.4479056e-02   2.7382115e-03  -3.4385417e-03   1.8169413e-04
  -1.6569201e-02   1.6326466e-01  -2.6546135e-02   1.8881010e-03  -3.9262897e-03   5.4897968e-04
  -3.9174042e-03   3.3684846e-01  -1.4060107e-01   3.2009873e-03  -3.4836099e-03   6.1472320e-04
  -1.2271250e-02   2.8650266e-01  -9.7984506e-02   3.2211002e-03  -3.4906173e-03   5.1977430e-04
  -2.5063967e-02   1.7227187e-01  -2.9052431e-02   2.4858836e-03  -3.7502297e-03   7.8484033e-04
  -1.7048607e-02   2.0621528e-01  -1.0543887e-01   3.2904350e-03  -3.7181969e-03   6.6415674e-04
   1.5764166e-03   2.6332203e-01  -2.0431565e-01   2.8161117e-03  -3.2223926e-03  -5.7400337e-05
  -1.2971187e-02   1.0931984e-01  -2.1210164e-02   1.5669055e-03  -4.0046043e-03   2.0264477e-04
  -2.0753492e-02   1.0901530e-01  -2.7393430e-02   2.1779054e-03  -4.4164414e-03   6.0930542e-04
   4.9275336e-04   2.6802725e-01  -1.0444661e-01   2.8256647e-03  -4.3068614e-03   3.9666104e-04
  -9.5372513e-03   2.9604500e-01  -1.4575622e-01   3.5948264e-03  -4.0864182e-03   4.8865001e-04
  -1.4658762e-02   1.8444198e-01  -9.4553403e-02   3.3712254e-03  -3.9046581e-03   1.9988145e-04
  -1.6282611e-02   9.3485482e-02  -2.1291254e-02   2.7534310e-03  -4.8247231e-03   7.5306097e-04
  -1.6305491e-02   2.0038630e-01  -7.3216823e-02   2.7302533e-03  -4.5294813e-03   8.3245394e-04
  -1.3631816e-02   2.1775946e-01  -9.3680806e-02   4.0612604e-03  -4.6644707e-03   5.7587550e-04
  -1.7478787e-02   2.1398536e-01  -6.7783073e-02   3.2930808e-03  -4.6237085e-03   7.1766117e-04
  -2.2682690e-02   1.4968548e-01  -1.6118846e-02   2.7774149e-03  -4.8738714e-03   1.0099308e-03
  -1.8662539e-02   2.6128567e-01  -7.3650935e-02   2.9093056e-03  -4.6348930e-03   8.8701084e-04
  -2.6977465e-02   2.6141004e-01  -9.5632868e-02   4.1772274e-03  -4.5220000e-03   8.2164863e-04
  -2.3741271e-02   2.0347262e-01  -1.0766918e-01   4.3015100e-03  -5.0685615e-03   8.3757075e-04
  -2.2501449e-02   2.1273812e-01  -9.9284702e-02   4.2586223e-03  -5.1238922e-03   4.9224612e-04
  -3.4746009e-02   1.3740849e-01   1.2266315e-03   2.5443654e-03  -5.3567732e-03   9.0023477e-04
  -2.7198865e-02   1.7504632e-01  -7.7454466e-02   2.7261349e-03  -5.1371212e-03   8.5245056e-04
  -1.1846415e-02   3.3107681e-01  -1.0560803e-01   4.1860179e-03  -5.2011663e-03   9.1353473e-04
  -2.8270891e-02   2.3263009e-01  -1.0507858e-01   4.5068624e-03  -5.2840037e-03   9.7642202e-04
  -3.1545173e-02   1.6064713e-01  -3.3663742e-02   3.2468660e-03  -5.6297327e-03   1.0415217e-03
  -2.9950411e-02   1.8246586e-01  -7.1188274e-02   3.0109161e-03  -5.6586350e-03   1.2236310e-03
  -2.8092878e-02   2.9701197e-01  -1.1623800e-01   3.8927994e-03  -5.5570786e-03   1.1790012e-03
  -2.9634666e-02   2.3896176e-01  -1.0335275e-01   4.8311167e-03  -5.6498601e-03   8.8387020e-04
  -3.9312931e-02   1.4158728e-01  -1.5073916e-02   3.4528733e-03  -6.0293790e-03   1.0127974e-03
  -4.5822835e-02   1.4528405e-01  -2.8461725e-02   2.7072037e-03  -6.0632430e-03   1.3604343e-03
  -4.0972705e-02   2.6202080e-01  -7.4577249e-02   3.7712002e-03  -6.0452665e-03   1.2457113e-03
  -4.7318717e-02   2.6660516e-01  -1.0526975e-01   4.1252496e-03  -5.8557504e-03   1.2608709e-03
  -5.1428811e-02   1.8951574e-01  -5.9125049e-02   3.8661713e-03  -5.9926556e-03   1.1663611e-03
  -5.4350460e-02   9.8621657e-02  -9.6250631e-03   3.1003936e-03  -6.0451820e-03   1.2079463e-03
  -5.0750111e-02   1.7402598e-01  -4.3200099e-02   3.8294230e-03  -6.0926390e-03   1.3473445e-03
  -4.6480013e-02   2.1502524e-01  -8.5063753e-02   4.1965440e-03  -6.2016677e-03   1.3280034e-03
  -5.2435891e-02   2.0423572e-01  -4.4722153e-02   3.5578302e-03  -6.2143316e-03   1.4399997e-03
  -5.5414040e-02   1.9268631e-01  -4.8907221e-02   2.4083607e-03  -6.1309139e-03   1.6506562e-03
  -5.2498413e-02   2.7711685e-01  -1.1725656e-01   3.1991890e-03  -6.0583710e-03   1.6416105e-03
  -4.4209203e-02   3.1183393e-01  -1.3047032e-01   4.7701966e-03  -6.1393150e-03   1.4193126e-03
  -4.5864827e-02   2.1355214e-01  -1.1975700e-01   4.6364853e-03  -6.4350025e-03   1.3211825e-03
  -3.8061622e-02   2.3476343e-01  -9.6483515e-02   4.6051315e-03  -5.9861077e-03   1.1823284e-03
  -6.6935889e-02   1.2624658e-01  -3.3504581e-02   1.4805696e-03  -5.3986372e-03   1.6749321e-03
  -4.0791659e-02   3.0969291e-01  -2.0125305e-01   1.5769036e-03  -4.4027339e-03   1.0521365e-03
  -1.0213296e-02   4.1882678e-01  -2.8952565e-01   3.7527373e-03  -2.6259289e-03   2.1005792e-04
  -5.9551078e-03   2.7495088e-01  -2.5802847e-01   2.7281168e-03  -2.5077762e-03  -4.9959645e-05
   1.3334513e-04   3.2216998e-01  -3.0414573e-01   2.3615147e-03  -1.7006970e-03  -3.6409173e-04
   5.3576748e-04   1.9632877e-01  -1.6818375e-01   1.7244086e-03  -2.1044218e-03   4.7675960e-05
   9.1670506e-03   2.2224291e-01  -1.8971611e-01   1.7726015e-03  -1.7429759e-03   1.1119108e-04
   1.0530467e-02   3.0403155e-01  -3.1561370e-01   2.4862876e-03  -7.3217609e-04  -6.7142371e-04
   4.4698503e-03   2.4628671e-01  -2.8147934e-01   1.7906419e-03  -3.9625871e-04  -6.5371304e-04
   7.4466372e-03   3.4141719e-01  -3.0751110e-01   2.3593716e-03  -7.5451848e-04  -7.3183583e-04
   2.2682255e-03   2.2974550e-01  -2.0962946e-01   1.4016603e-03  -1.5055419e-03  -7.5473865e-04
  -5.7926738e-03   1.8685579e-01  -1.4926238e-01   1.6717104e-03  -2.3359045e-03  -1.4795535e-04
   2.9629694e-03   2.2853293e-01  -1.9037564e-01   2.0795538e-03  -2.4172103e-03  -9.6905759e-05
   9.7343578e-03   2.7298526e-01  -2.4141497e-01   3.0914767e-03  -2.5706084e-03  -6.8002892e-05
   1.0737273e-02   1.7860071e-01  -1.7376366e-01   2.5945563e-03  -2.9448221e-03  -8.3157008e-05
   4.6183278e-03   1.7308881e-01  -1.7496119e-01   1.2840782e-03  -3.2032605e-03   1.7054202e-04
   1.4976110e-02   3.4281088e-01  -2.3545280e-01   1.9949161e-03  -3.1560708e-03   6.5970125e-05
   1.1016382e-02   3.4488510e-01  -2.6408400e-01   2.3659014e-03  -3.0355338e-03   2.0325003e-05
   5.3057691e-03   2.4742991e-01  -1.9170913e-01   2.3230967e-03  -3.1301603e-03   6.3375514e-05
   7.2410410e-03   2.0158188e-01  -1.7710166e-01   1.9536958e-03  -3.6829487e-03   2.0645604e-04
   1.3348654e-02   2.8986594e-01  -2.1655673e-01   3.0370321e-03  -3.3997572e-03   1.3636126e-04
   1.8934015e-02   3.3246318e-01  -2.6456699e-01   3.0618926e-03  -3.5087992e-03   1.5804490e-04
   1.3722978e-02   2.5862383e-01  -2.3600887e-01   3.1671848e-03  -4.0183337e-03   7.3121371e-05
  -2.3162415e-02   7.0649600e-02  -5.6386839e-02   2.8884647e-03  -5.1812699e-03   6.8365094e-04
  -1.5744563e-02   1.7102710e-01  -1.4796513e-01   3.6490052e-03  -5.0764449e-03   7.6921681e-04
   6.9880935e-03   2.7187913e-01  -1.9263003e-01   4.4972283e-03  -4.9899041e-03   2.7108800e-04
  -4.4925458e-03   2.1227036e-01  -1.4174806e-01   3.6409227e-03  -5.1047965e-03   5.4754745e-04
  -1.1333866e-02   1.7646879e-01  -1.2493465e-01   3.0611320e-03  -5.3263923e-03   7.5948453e-04
  -1.1364406e-04   2.6779879e-01  -1.8671200e-01   4.1938235e-03  -5.3302621e-03   6.9875651e-04
  -5.0755104e-03   2.7991908e-01  -1.8574307e-01   4.0865353e-03  -5.3022702e-03   5.0009161e-04
  -9.3044348e-03   1.8653291e-01  -1.2621629e-01   3.4053660e-03  -5.8283549e-03   5.6444963e-04
  -8.3564506e-03   2.4419046e-01  -1.6479697e-01   3.1607075e-03  -5.7203218e-03   6.1525288e-04
  -1.2992121e-02   2.4739406e-01  -1.7657516e-01   4.2366878e-03  -5.6037854e-03   7.1659278e-04
  -1.5885388e-02   2.2953878e-01  -1.6674387e-01   4.1192414e-03  -5.6623662e-03   7.9698770e-04
  -1.0394594e-02   2.2318026e-01  -1.2182044e-01   3.5848149e-03  -5.9312024e-03   6.4002528e-04
  -1.1298789e-02   2.1908649e-01  -1.3368462e-01   3.2463726e-03  -5.9182552e-03   7.6429060e-04
  -9.6090752e-03   2.2509681e-01  -1.7145769e-01   4.6278823e-03  -5.8085083e-03   8.1439568e-04
  -9.5638140e-03   2.3244420e-01  -1.8142954e-01   3.7224717e-03  -5.8413738e-03   8.1767007e-04
  -8.3334167e-03   2.5376322e-01  -1.5308680e-01   3.7244960e-03  -5.7878770e-03   7.3765801e-04
  -2.7447104e-03   2.3785463e-01  -2.0110115e-01   4.8222674e-03  -5.9070379e-03   7.2815401e-04
  -5.0370678e-03   2.1271802e-01  -1.4740825e-01   4.3647926e-03  -5.9032434e-03   6.4293926e-04
  -9.1406166e-03   1.6489889e-01  -1.5638892e-01   2.7948998e-03  -6.0985150e-03   1.0430069e-03
  -1.9723551e-02   2.8135823e-01  -2.2542200e-01   3.3098860e-03  -5.4377167e-03   8.2696164e-04
  -1.6408653e-02   3.6674513e-01  -3.0973803e-01   3.7993215e-03  -4.8368346e-03   2.1948718e-04
  -1.8965634e-02   2.6963687e-01  -2.6784481e-01   4.4118765e-03  -5.0225894e-03   9.8304652e-05
  -2.1063021e-02   1.8266098e-01  -1.4531522e-01   3.5924740e-03  -5.7201327e-03   4.7378970e-04
  -1.8225283e-02   2.2137506e-01  -1.5922485e-01   3.9296903e-03  -5.8605720e-03   7.7868751e-04
  -1.0352756e-02   2.7757167e-01  -2.2064461e-01   5.0650797e-03  -5.5079884e-03   7.8344176e-04
  -7.8344126e-03   2.2381067e-01  -1.6111437e-01   4.0391895e-03  -5.8077285e-03   7.5904932e-04
  -1.8754276e-02   1.7734821e-01  -1.7295123e-01   3.7200053e-03  -5.7319860e-03   8.1108979e-04
  -1.2634970e-02   2.7052695e-01  -1.9377689e-01   4.7253833e-03  -5.8768910e-03   6.9365059e-04
  -1.2911360e-02   2.0738554e-01  -1.4180457e-01   3.4470567e-03  -6.1802943e-03   8.4579799e-04
  -1.9560136e-02   2.6338625e-01  -1.9008522e-01   3.5360654e-03  -5.9361285e-03   9.0979459e-04
  -1.2038007e-02   3.1725711e-01  -2.3758346e-01   4.9469097e-03  -5.8278261e-03   8.5142722e-04
  -8.7714686e-03   2.4489128e-01  -2.1174853e-01   4.0541921e-03  -5.9682421e-03   6.4967583e-04
  -1.9960358e-02   1.6040640e-01  -1.5720391e-01   3.6438816e-03  -6.1568115e-03   6.0647186e-04
  -8.9164189e-03   2.6983058e-01  -2.3569510e-01   4.5827012e-03  -6.2356447e-03   4.8265632e-04
  -1.0268988e-02   2.9865424e-01  -2.1210157e-01   4.1943883e-03  -6.0812055e-03   5.1950245e-04
  -2.9292221e-02   1.4206826e-01  -1.4008075e-01   3.5800240e-03  -6.2516231e-03   6.2778400e-04
  -1.6434069e-02   2.9487054e-01  -2.3096305e-01   3.9002786e-03  -6.2528705e-03   6.7277778e-04
  -1.1395673e-02   2.9650009e-01  -2.1135853e-01   4.6813769e-03  -6.5246773e-03   2.0517166e-04
  -2.7350345e-02   1.9480786e-01  -1.6733892e-01   3.4839750e-03  -6.6174465e-03   1.5310175e-04
  -2.0086784e-02   2.6740392e-01  -2.2407791e-01   3.8820819e-03  -6.4967243e-03   2.1377326e-04
  -1.4650767e-02   3.5621706e-01  -2.6495751e-01   5.0034407e-03  -6.4655785e-03  -1.1359927e-04
  -2.4106457e-02   2.4703446e-01  -1.7310395e-01   3.8600967e-03  -6.8775088e-03   7.0552686e-05
  -2.6685459e-02   2.1431514e-01  -2.1498004e-01   3.8820957e-03  -6.8756417e-03   2.7473814e-04
  -1.3435329e-02   2.5880163e-01  -2.2907617e-01   5.0253050e-03  -7.0130290e-03   6.5748884e-05
  -1.2997836e-02   2.1767442e-01  -1.8101869e-01   3.9022159e-03  -6.9373664e-03   6.8402117e-05
  -2.0199021e-02   2.3124851e-01  -2.1021264e-01   3.2521120e-03  -6.5573863e-03   1.6337404e-04
  -7.1318442e-03   3.7402299e-01  -2.7954743e-01   5.1117533e-03  -6.6597325e-03  -7.4300213e-05
  -1.7645379e-02   2.4461115e-01  -2.2905032e-01   4.1677298e-03  -6.7001244e-03  -1.0834655e-05
  -1.6090230e-02   2.1423261e-01  -2.3016759e-01   4.5876405e-03  -6.8468659e-03  -1.3883371e-04
  -1.5456730e-02   2.7871028e-01  -2.4658656e-01   4.9308211e-03  -6.5187241e-03  -2.1263929e-04
  -1.8693985e-02   2.8278038e-01  -2.1614653e-01   4.6038383e-03  -6.4133320e-03  -6.1650220e-06
  -1.3055211e-02   2.8586403e-01  -2.6311339e-01   5.0813556e-03  -6.4376707e-03  -3.9068861e-05
  -1.0723310e-02   2.4305683e-01  -2.0084536e-01   3.8513760e-03  -6.2243854e-03   1.7425903e-05
   5.7143003e-03   2.5308832e-01  -2.9090521e-01   4.0393627e-03  -6.2337533e-03  -2.3282002e-04
   1.6162790e-02   3.3420138e-01  -3.1738223e-01   5.6656888e-03  -6.1076411e-03  -6.6956568e-04
  -6.4319625e-03   2.5453713e-01  -2.3831510e-01   4.5828360e-03  -5.7939893e-03  -4.4628390e-04
  -1.8480203e-02   1.9317762e-01  -2.1698837e-01   4.4595394e-03  -6.4351934e-03  -2.9730150e-04
  -1.2530754e-02   3.4985410e-01  -2.9048788e-01   4.7656852e-03  -6.4399814e-03  -4.2874655e-04
  -2.5978168e-02   2.6610760e-01  -2.2334065e-01   4.5973973e-03  -6.7148502e-03  -3.6257420e-04
  -3.0655155e-02   1.7561368e-01  -2.4362995e-01   5.0881162e-03  -6.8936253e-03  -3.0941117e-04
  -1.0321241e-02   3.4862877e-01  -2.9364084e-01   5.4174657e-03  -6.9455859e-03  -4.2504788e-04
  -1.6034343e-02   2.7981349e-01  -2.3635797e-01   4.9842939e-03  -6.9399794e-03  -3.2542077e-04
  -3.0057376e-02   2.2224686e-01  -2.1858024e-01   4.1335895e-03  -6.9127362e-03  -2.6027460e-04
  -2.5605380e-02   3.0978829e-01  -2.6001519e-01   5.3705189e-03  -6.7360240e-03  -2.7009161e-04
  -3.1414237e-02   2.5308067e-01  -2.1462159e-01   4.5309588e-03  -6.9263112e-03  -9.6031776e-05
  -3.0218170e-02   2.4083548e-01  -2.4287303e-01   4.4296464e-03  -6.7670980e-03  -5.2287653e-05
  -2.1498236e-02   2.7878821e-01  -2.4077539e-01   5.2228501e-03  -6.9787651e-03  -1.8735326e-04
  -2.7215492e-02   2.3812477e-01  -2.2405770e-01   4.0971584e-03  -6.9397554e-03  -2.5764286e-04
  -2.7862462e-02   2.9043043e-01  -2.5857897e-01   4.1458862e-03  -6.8572640e-03  -3.5919150e-04
  -2.0464273e-02   3.5198926e-01  -2.9409210e-01   5.4865502e-03  -6.8104208e-03  -3.2245117e-04
  -3.5704021e-02   2.3431662e-01  -2.2368815e-01   4.3675285e-03  -6.9354814e-03  -2.7196447e-05
  -3.9978895e-02   1.8975024e-01  -2.4161985e-01   3.5886072e-03  -7.0124142e-03   1.5997988e-04
  -4.2226467e-02   2.7112376e-01  -2.6578048e-01   4.2934633e-03  -6.9349083e-03   1.5082979e-04
  -3.0990391e-02   3.1012703e-01  -2.6973847e-01   5.7364303e-03  -7.2534733e-03  -1.9888220e-05
  -2.9155957e-02   2.4487558e-01  -2.1753507e-01   4.8239920e-03  -7.3953374e-03   6.2876122e-05
  -4.6376277e-02   1.9581267e-01  -2.1981917e-01   3.9835252e-03  -7.3229687e-03   2.2006874e-04
  -3.3052089e-02   2.9069624e-01  -2.7839052e-01   5.4804086e-03  -7.2059283e-03  -4.3595661e-05
  -2.1280756e-02   2.5607273e-01  -2.9404847e-01   5.7219770e-03  -7.2035779e-03  -1.1265576e-04
  -2.2617148e-02   2.4553534e-01  -2.7603906e-01   4.6885234e-03  -7.1862528e-03  -2.2734855e-04
  -2.5389343e-02   3.1467552e-01  -3.0157960e-01   5.7922354e-03  -6.9958778e-03  -1.5210129e-04
  -2.4001515e-02   2.2119695e-01  -3.0874230e-01   6.0838141e-03  -6.9330614e-03  -2.6273738e-04
  -2.0281052e-02   1.8318081e-01  -3.0667784e-01   4.4204187e-03  -7.3207541e-03   2.8817882e-05
  -4.5710807e-03   3.7720093e-01  -3.7249815e-01   5.7660184e-03  -7.1408842e-03  -3.8121428e-04
  -2.0628495e-02   3.3715094e-01  -3.2686875e-01   4.5401207e-03  -7.1478595e-03  -3.2392078e-04
  -2.4432288e-02   2.8193922e-01  -2.4339289e-01   5.6873405e-03  -7.4795809e-03  -2.2866433e-04
  -1.5848072e-02   2.7241670e-01  -2.9175957e-01   5.8159718e-03  -7.6462286e-03  -3.3486361e-04
  -1.0843765e-02   2.5608076e-01  -2.5269621e-01   4.7505786e-03  -7.2762454e-03  -2.9818125e-04
  -1.9586997e-03   3.0203147e-01  -3.4204910e-01   4.9792641e-03  -7.4357525e-03  -2.4824325e-04
  -1.1838766e-02   3.1900501e-01  -3.3573453e-01   5.2848137e-03  -7.1490402e-03  -2.2196561e-04
  -1.7800187e-02   2.7957667e-01  -2.5696700e-01   5.1034945e-03  -7.6486916e-03  -2.9558146e-04
  -1.9454381e-02   3.4661723e-01  -2.9187659e-01   5.9712730e-03  -7.2358711e-03  -4.0192106e-04
  -2.2544021e-02   2.4979866e-01  -2.7350418e-01   4.8378943e-03  -7.2394540e-03  -4.1963544e-04
  -3.2792412e-02   2.7522774e-01  -2.8809362e-01   5.2893219e-03  -7.0013058e-03  -2.5579054e-04
  -2.2293536e-02   3.3449822e-01  -3.5102306e-01   6.7256855e-03  -7.1969491e-03  -2.6181063e-04
  -1.7812610e-02   2.7109641e-01  -2.8859575e-01   5.4040075e-03  -7.3756234e-03  -2.3142486e-04
  -2.5996016e-02   2.9225855e-01  -3.1144368e-01   5.3314480e-03  -7.3816793e-03  -1.6827475e-04
  -3.1750209e-02   3.4225928e-01  -3.0952770e-01   6.3471125e-03  -7.2214657e-03  -2.3697329e-04
  -2.6518662e-02   2.6278108e-01  -2.5310463e-01   5.5199729e-03  -7.3307677e-03  -2.5840813e-04
