   0.0000000e+00   0.0000000e+00   0.0000000e+00   0.0000000e+00   0.0000000e+00   0.0000000e+00
  -4.1953753e-04   2.3038471e-03   3.4644080e-03  -3.2158485e-04   4.9180780e-05   4.9064785e-05
   4.0722347e-03   7.3004464e-02  -6.8299752e-05  -7.1487451e-04  -8.5475068e-05   3.6472931e-04
   1.8273546e-03   4.7347866e-02  -9.4978346e-03  -2.4044043e-04   1.0774007e-04   3.0855008e-04
   1.6122902e-03   2.1942202e-02  -9.9114388e-03  -9.9853402e-04   1.9423612e-04   2.0539123e-04
   1.4244828e-02   9.4872900e-02  -1.0118783e-02  -1.0901614e-03   5.4788270e-05   4.5572924e-04
   1.7626673e-02  -1.7518200e-04   2.3140179e-02  -9.5527796e-04  -1.0802365e-04   5.2486259e-04
   6.4451011e-03   4.1413164e-02   1.5578507e-02  -1.6648853e-03   1.8871408e-04   2.4925325e-04
   7.0992471e-03   8.7002381e-02   2.9478862e-02  -1.9933801e-03   5.3015253e-05   1.1565222e-04
   1.9530826e-02  -4.9226798e-02   6.0003078e-02  -1.7673423e-03  -8.8978218e-05   2.7919837e-04
   1.3945973e-02   2.8869215e-02   3.8994307e-02  -1.9956387e-03   6.7794787e-05   4.6345889e-04
   9.2230400e-03   8.6930815e-02   4.4853444e-02  -1.9586057e-03   7.1609479e-05   1.8183406e-04
   1.8758014e-02   3.4780711e-03   5.3914511e-02  -1.7831031e-03   6.8168004e-06   2.3213717e-04
   2.4284127e-02  -8.3416665e-03   3.7431881e-02  -1.4131249e-03  -1.4300715e-04   1.1668565e-04
   2.5331570e-02  -8.0429415e-03   5.8499526e-02  -1.9684953e-03  -6.5039760e-05   1.3751440e-04
   2.5504193e-02   3.6279939e-02   2.4965834e-02  -2.2630246e-03   8.6476446e-06   4.7493328e-05
   3.3737591e-02  -3.4562483e-02   3.1059846e-02  -1.3911188e-03   4.0033671e-05   2.8250022e-05
   2.8592428e-02   2.2217325e-02   4.6217017e-02  -1.8278949e-03   1.9606424e-04  -1.3992465e-05
   2.8726765e-02   3.4843257e-02   5.9551448e-02  -1.8263969e-03   9.6469147e-05  -8.3004688e-05
   2.7793312e-02   2.6936157e-02   6.7988396e-02  -2.6365974e-03   6.8072881e-05  -2.5601993e-04
   3.0067033e-02   3.1743146e-02   5.6429730e-02  -2.4273008e-03  -3.1276108e-05  -1.3352983e-04
   3.1875017e-02  -6.2029244e-04   5.1707909e-02  -1.8923344e-03   1.9717310e-04  -1.6459188e-04
   2.5366030e-02   5.8160906e-02   5.0470754e-02  -2.0843400e-03   8.8680971e-05  -3.8211174e-04
   2.6995359e-02   5.0431688e-02   6.4442849e-02  -2.3180732e-03   6.8362486e-05  -5.0835045e-04
   3.1399647e-02  -1.0876196e-02   9.0271166e-02  -1.8244267e-03  -1.3799870e-05  -5.8016200e-04
   2.7979579e-02   3.4124548e-02   6.2650576e-02  -1.8938550e-03   1.3489003e-04  -8.5774304e-04
   2.6878599e-02   1.1411319e-01   2.9666054e-02  -2.1202062e-03   1.1742054e-04  -9.9015282e-04
   3.6074362e-02  -4.7271495e-02   4.2980944e-02  -1.8792897e-03   7.7916249e-05  -9.1763282e-04
   3.4287476e-02   4.2756061e-02   4.1447663e-02  -2.5309194e-03   7.2153463e-05  -9.7064479e-04
   2.9114447e-02  -8.1913883e-04   8.0048395e-02  -2.1259852e-03   3.8901060e-05  -1.0563558e-03
   3.3784469e-02   2.1347394e-02   4.6806656e-02  -2.3497172e-03  -6.7264034e-05  -1.1474498e-03
   2.4086079e-02   6.9706500e-02   2.9276010e-02  -2.7697506e-03   9.0487065e-05  -1.1563696e-03
   2.9674545e-02   3.0759296e-02   3.6947163e-02  -2.2943965e-03  -7.5440047e-05  -1.3859098e-03
   2.5871413e-02   5.7599978e-02   4.5537151e-02  -1.6674998e-03   3.2989144e-05  -1.5088476e-03
   2.7088966e-02   2.9292063e-02   6.1634973e-02  -1.6384990e-03  -6.0186437e-05  -1.5102587e-03
   2.4140436e-02   3.5813477e-02   7.7996469e-02  -1.9863263e-03  -4.9377161e-05  -1.5611538e-03
   3.0161391e-02   6.3068931e-03   8.0555746e-02  -1.7934017e-03  -1.7231002e-04  -1.6170812e-03
   2.8222301e-02   6.1829060e-02   8.6582946e-02  -2.1037299e-03  -2.2870511e-04  -1.5604298e-03
   2.5832388e-02   1.1502555e-01   4.6570540e-02  -2.5725358e-03  -2.0220972e-04  -1.7924052e-03
   3.2037532e-02   1.2163458e-02   5.9020652e-02  -1.9608719e-03  -1.8822598e-04  -1.7110670e-03
   3.6887396e-02  -2.8676544e-02   6.8891356e-02  -1.7969483e-03  -1.6506173e-04  -1.7107955e-03
   2.1323635e-02   5.3383852e-02   9.6245456e-02  -2.0992257e-03  -1.5003900e-04  -1.9624931e-03
   2.5970568e-02   2.2318780e-02   7.1637372e-02  -2.8334631e-03  -1.2196835e-04  -2.0462811e-03
   3.1837876e-02   2.2145053e-02   5.0464893e-02  -2.1313682e-03  -2.8767673e-04  -2.1185518e-03
   3.2268895e-02  -1.2282670e-02   7.1575684e-02  -2.0993740e-03  -1.2473084e-04  -2.0720414e-03
   1.9217167e-02   4.4117089e-02   8.9419333e-02  -1.7467820e-03  -6.6620389e-05  -2.2342478e-03
   2.3090619e-02   3.7212168e-02   8.0542895e-02  -2.3068983e-03  -4.7878461e-05  -2.2779311e-03
   2.3580386e-02   2.0121111e-03   8.0895645e-02  -1.8770963e-03  -4.9201143e-05  -2.3831521e-03
   2.1175732e-02  -1.1663182e-02   9.8939946e-02  -1.9845076e-03   8.4647092e-05  -2.4377134e-03
   1.8354171e-02   7.0454851e-02   9.0424758e-02  -2.8911211e-03   1.0448357e-04  -2.3958441e-03
   2.4660088e-02   2.7906803e-02   7.0581717e-02  -2.9382645e-03  -8.0253503e-05  -2.4317398e-03
   3.1030777e-02  -1.5694020e-02   7.6261655e-02  -2.5038201e-03  -1.1612898e-06  -2.4706453e-03
   2.3360099e-02   3.5798523e-02   1.0649748e-01  -3.7577245e-03   2.7570049e-04  -2.5789181e-03
   2.3622897e-02   2.4862545e-02   6.6604214e-02  -3.4974861e-03   4.0737924e-04  -2.8464888e-03
   2.6074949e-02   6.9027830e-03   6.9523584e-02  -2.8228998e-03   3.5925418e-04  -2.7085069e-03
   1.9352391e-02   1.2491346e-02   1.1008510e-01  -3.3247508e-03   4.8311972e-04  -2.8171860e-03
   2.0865328e-02   1.0991355e-01   8.4447002e-02  -3.7551309e-03   3.6351405e-04  -2.7445236e-03
   1.8871461e-02   7.1295402e-02   1.0157856e-01  -3.1077476e-03   4.1418240e-04  -2.7736351e-03
   2.3615676e-02  -2.8421676e-02   1.0863722e-01  -3.2380642e-03   8.2004913e-04  -2.8990984e-03
   1.9201466e-02   8.8306215e-02   9.5638055e-02  -4.2168266e-03   7.8184828e-04  -2.8678858e-03
   1.7855629e-02   3.8343675e-03   1.2183543e-01  -3.0690658e-03   7.6484774e-04  -3.1362083e-03
   1.8011100e-02   2.1543389e-02   1.2781063e-01  -3.4979748e-03   8.4700871e-04  -3.2933234e-03
   1.3920159e-02   1.0658948e-01   1.1466158e-01  -3.8994798e-03   7.6647678e-04  -3.3132986e-03
   2.1987161e-02   7.4257844e-04   1.2006459e-01  -3.2545562e-03   5.9719492e-04  -3.2322785e-03
   2.6841148e-02   2.3049229e-02   1.1071431e-01  -3.3063672e-03   5.7473806e-04  -3.2927497e-03
   2.0772389e-02   8.3861146e-02   8.6680314e-02  -3.3659999e-03   5.2377496e-04  -3.5118919e-03
   1.6628165e-02   4.8695448e-02   1.1617207e-01  -3.5270263e-03   4.8849705e-04  -3.6866680e-03
   1.6660283e-02   6.9741336e-02   8.6310115e-02  -3.6535980e-03   4.4056353e-04  -3.6757364e-03
   1.5071196e-02   1.2241079e-02   9.4046305e-02  -3.2249707e-03   5.5271420e-04  -3.8677936e-03
   1.9394595e-02   2.8484969e-02   1.1434426e-01  -3.9338707e-03   4.4588540e-04  -3.8325799e-03
   2.2634636e-02   2.6849213e-02   8.5437413e-02  -3.4686755e-03   2.1507080e-04  -4.1532165e-03
   2.4491029e-02   2.1794283e-02   7.5112496e-02  -2.8644455e-03   1.5895874e-04  -4.2455492e-03
   1.6596122e-02   8.9199866e-02   6.6298195e-02  -3.0354359e-03   2.7604758e-04  -4.3933080e-03
   2.2550509e-02   6.8527112e-02   7.5587202e-02  -3.5606497e-03   1.5410191e-04  -4.4168596e-03
   1.8828765e-02   7.4684503e-02   7.0463655e-02  -3.4403771e-03   2.1671834e-04  -4.5991933e-03
   2.0191905e-02   2.9281256e-02   7.0679528e-02  -2.4927490e-03   1.9754176e-04  -4.6344107e-03
   1.2784970e-02   4.7217473e-02   7.8479119e-02  -2.7883480e-03   2.4553976e-04  -4.6943838e-03
   1.5877657e-02   5.7052504e-02   8.7435347e-02  -3.1927515e-03   1.1892109e-04  -4.9123807e-03
   1.4947767e-02   3.8374083e-02   7.1156071e-02  -3.4248764e-03  -2.8417386e-05  -4.8134220e-03
   2.2297147e-02   9.9027372e-03   6.4468432e-02  -2.5264781e-03  -1.0844175e-04  -4.8630440e-03
   2.1311027e-02   4.0296530e-02   7.4279625e-02  -2.3443155e-03  -3.1981699e-05  -4.8824250e-03
   7.4468776e-03   9.7884135e-02   8.4338884e-02  -2.8489829e-03   3.0681546e-04  -5.0163838e-03
   7.8982706e-03   1.3697373e-01   5.5650256e-02  -2.9665407e-03   1.9517834e-04  -5.2969441e-03
   8.5538035e-03   5.8768646e-02   5.4034539e-02  -2.7965147e-03   3.4713445e-04  -5.3839872e-03
   1.1878482e-02   5.1620567e-02   7.1804258e-02  -2.4121543e-03   7.6577013e-05  -5.4951937e-03
   8.7947103e-03   3.0939989e-02   8.4358341e-02  -2.8087683e-03   1.2599092e-04  -5.6025058e-03
   7.3517128e-03   7.3566664e-02   5.4918014e-02  -3.3932620e-03   2.1884834e-04  -5.6803963e-03
   7.6225231e-03   5.0645379e-02   5.4115111e-02  -2.7654425e-03   3.9049846e-04  -5.8549697e-03
   1.7703713e-02   1.5535520e-02   8.0201901e-02  -2.6096026e-03   3.1850736e-04  -5.9556249e-03
   1.5374071e-02   1.4841685e-02   7.5978247e-02  -3.0170319e-03   3.3818632e-04  -6.1593376e-03
   1.9151053e-02   1.7555720e-02   8.1358985e-02  -2.8099612e-03   1.8684046e-04  -6.2252049e-03
   6.5977634e-03   4.8121114e-02   6.5049760e-02  -2.3960206e-03   3.5360540e-04  -6.2456670e-03
   1.0801185e-02   1.9965538e-02   7.5865304e-02  -2.6409601e-03   1.7973911e-04  -6.4002763e-03
   2.2800988e-03   3.4926942e-02   5.4622764e-02  -3.3697489e-03   6.4544145e-04  -6.6146828e-03
   4.5821536e-03   3.9172837e-02   5.0893300e-02  -2.8745031e-03   8.3375600e-04  -6.8684406e-03
   2.8948789e-03   4.0795053e-02   7.1053998e-02  -2.4324898e-03   9.5451647e-04  -6.8652353e-03
   1.6666440e-03   3.4657280e-02   5.4052187e-02  -3.2970529e-03   9.7716051e-04  -7.0173919e-03
  -4.1259268e-03   4.3150098e-02   4.9238361e-02  -3.4016487e-03   7.6687640e-04  -7.0268355e-03
   4.1274138e-03   4.0636976e-02   2.1290666e-02  -3.1355231e-03   8.2594457e-04  -6.8568542e-03
   4.5682143e-03   2.9364133e-02   4.7049267e-02  -3.1355895e-03   8.7341735e-04  -6.9297076e-03
   1.4637701e-03   6.7763961e-02   3.4852680e-02  -3.5072178e-03   9.1630131e-04  -7.1498010e-03
   9.7158062e-03  -1.1068611e-03   3.6676912e-02  -2.7952524e-03   9.4094729e-04  -7.2155836e-03
   7.5136724e-03   3.5168192e-02   4.9070610e-02  -3.0136788e-03   8.1387738e-04  -7.3122233e-03
   1.1774275e-02   4.5998962e-02   3.1671210e-02  -3.6218966e-03   6.2969868e-04  -7.3809045e-03
   1.3478701e-02   2.4946889e-02   2.2101434e-02  -3.3970960e-03   7.7281602e-04  -7.4881039e-03
   5.1808727e-03   5.5664996e-02   3.7283201e-02  -3.0358555e-03   6.2220782e-04  -7.4849379e-03
  -1.4862140e-03   6.3101307e-02   4.7657791e-02  -3.1133218e-03   5.9488872e-04  -7.5531459e-03
   3.9388897e-03   9.1063433e-02   6.3716439e-03  -3.3992999e-03   7.1604129e-04  -7.7480652e-03
   1.4191925e-02   1.7922642e-02  -3.2930313e-03  -2.9361495e-03   8.7570161e-04  -7.6741427e-03
   2.2454148e-02   3.4844102e-02   1.3674425e-02  -2.8888868e-03   9.0065427e-04  -7.5016799e-03
   2.8333547e-03   1.2373237e-01   3.0854993e-02  -3.3112845e-03   1.0968877e-03  -7.7058475e-03
   7.8264789e-03   1.0319219e-01   1.9044941e-02  -3.3927448e-03   8.9897347e-04  -7.8588691e-03
   1.0743739e-02   8.3726449e-02  -2.0964760e-02  -2.9071328e-03   1.0081167e-03  -7.8100057e-03
   9.4068907e-03  -1.4693768e-02  -3.9285155e-03  -2.3085740e-03   1.1662052e-03  -7.8045986e-03
   3.1223655e-03   4.9410733e-02   1.8414763e-04  -2.9298064e-03   1.1102097e-03  -7.9912492e-03
   1.0824430e-02   3.4918212e-02  -1.4031714e-03  -3.1990126e-03   8.2795861e-04  -7.9900894e-03
   7.0198254e-03   8.4714270e-02  -8.7269838e-03  -2.7719145e-03   9.3368633e-04  -8.0499406e-03
   9.4799942e-03   4.1987777e-02  -6.8778706e-03  -2.1742893e-03   9.7480853e-04  -8.0415047e-03
   1.0146063e-02   6.7478173e-02  -7.0285033e-03  -2.8820589e-03   7.7585150e-04  -8.2936820e-03
   7.1259937e-03   8.0471787e-02   2.4315646e-03  -3.1496236e-03   7.4494297e-04  -8.3299609e-03
   1.0565075e-02   6.0158154e-02  -3.2239532e-02  -3.2698389e-03   8.9563751e-04  -8.2130423e-03
   7.0111743e-03   8.0428458e-02  -2.8189008e-02  -3.1444333e-03   7.8674647e-04  -8.2462471e-03
   5.3137166e-03   5.9744851e-02  -1.0944294e-02  -2.9255887e-03   9.5667345e-04  -8.3925009e-03
   1.1257594e-02   7.9133750e-02  -3.4285042e-02  -3.4857805e-03   9.0169287e-04  -8.4830450e-03
   1.3485729e-02   9.2523642e-02  -5.1862608e-02  -2.9924623e-03   8.7377723e-04  -8.2461394e-03
   1.6861679e-02   3.2523321e-02  -2.2416130e-02  -2.9753454e-03   8.8747875e-04  -8.2363500e-03
   1.4970886e-02   6.6119252e-02  -2.1236264e-02  -3.6444562e-03   1.0396755e-03  -8.4617081e-03
   1.7410408e-02   5.5983431e-02  -2.7986195e-02  -3.6399079e-03   1.2340501e-03  -8.4183785e-03
   1.0451063e-02   8.1520349e-02  -7.7229415e-03  -3.0700279e-03   1.3344079e-03  -8.4838829e-03
   1.1627651e-02   5.9056103e-02  -3.8029180e-02  -3.8371590e-03   1.3292701e-03  -8.5655650e-03
   1.6590433e-02   9.4529381e-02  -4.4477959e-02  -4.1127813e-03   1.1272822e-03  -8.5531272e-03
   2.2655668e-02   2.1333839e-02  -2.8063331e-02  -3.3707766e-03   1.0529724e-03  -8.5578267e-03
   2.3312905e-02   8.3573762e-02  -4.0862764e-02  -3.5629250e-03   1.0896318e-03  -8.5255391e-03
   1.7707044e-02   1.0803262e-01  -3.6553929e-02  -3.5273560e-03   1.0952345e-03  -8.6156753e-03
   2.6329428e-02   3.1418227e-02  -6.6759116e-02  -3.1357517e-03   1.1334523e-03  -8.6966752e-03
   2.3262402e-02   7.4262596e-02  -4.1392612e-02  -2.9160506e-03   1.1493142e-03  -8.7284911e-03
   1.4391635e-02   5.3601334e-02  -4.4452878e-02  -3.2329699e-03   1.1706556e-03  -8.9117017e-03
   2.1211619e-02   4.2466818e-02  -4.9822980e-02  -3.6081458e-03   1.0103954e-03  -9.0115653e-03
   2.1118541e-02   2.9958898e-02  -5.7645015e-02  -3.0793291e-03   1.2136400e-03  -9.1468012e-03
   1.4498108e-02   5.5768156e-02  -5.2467060e-02  -3.4599470e-03   1.3516456e-03  -9.2746471e-03
   1.1738378e-02   1.0071793e-01  -5.2289101e-02  -3.4711221e-03   1.2740249e-03  -9.1437784e-03
   1.8646128e-02   4.9491736e-02  -6.4729738e-02  -2.9136264e-03   1.3741669e-03  -9.2671371e-03
   8.8643969e-03   7.8932888e-02  -5.6227896e-02  -3.2614468e-03   1.3537595e-03  -9.7069932e-03
   4.8395077e-03   8.3015075e-02  -5.1755616e-02  -3.2323358e-03   1.2052811e-03  -9.7896000e-03
   1.3421202e-02   2.3771426e-02  -6.8528297e-02  -3.5576111e-03   1.2513126e-03  -9.7937671e-03
   1.2498182e-02   4.5061336e-02  -8.3568167e-02  -2.7539200e-03   1.3359145e-03  -9.9950416e-03
   8.3448977e-03   9.7959315e-02  -6.9145121e-02  -3.8241590e-03   1.3952560e-03  -1.0037212e-02
   1.5841015e-02   7.7097701e-02  -5.8155660e-02  -3.3111729e-03   1.4107414e-03  -1.0097614e-02
   2.4506219e-02   3.0145204e-02  -8.3031584e-02  -2.8236371e-03   1.4127802e-03  -1.0208322e-02
   1.5367155e-02   9.3713207e-02  -8.1143353e-02  -3.7598942e-03   1.4522717e-03  -1.0365231e-02
   6.9955167e-03   6.9784492e-02  -7.2562583e-02  -2.8374987e-03   1.6792668e-03  -1.0486832e-02
   1.2266051e-02   3.7014784e-04  -8.7663154e-02  -2.6153576e-03   1.7371882e-03  -1.0586719e-02
   7.8224724e-03   8.3527022e-02  -5.8512487e-02  -3.3907814e-03   1.7554086e-03  -1.0695653e-02
   1.1553927e-02   3.7026017e-02  -7.7050418e-02  -2.7148313e-03   1.9013635e-03  -1.0638762e-02
   1.3767361e-02   4.4620945e-02  -7.3254339e-02  -2.1346657e-03   1.8759927e-03  -1.0760290e-02
   9.6066083e-03   8.8147669e-02  -5.1490366e-02  -2.9510726e-03   1.9455298e-03  -1.1021978e-02
   2.0260422e-02   7.5453471e-02  -6.9168809e-02  -2.8582613e-03   1.6517571e-03  -1.0995760e-02
   2.3275190e-02   1.2077657e-02  -7.9569696e-02  -2.5692077e-03   1.8565426e-03  -1.0962127e-02
   1.8871096e-02   4.9278160e-02  -6.4578687e-02  -2.3057081e-03   1.7690045e-03  -1.1098893e-02
   1.9281589e-02   3.1679511e-02  -8.5413661e-02  -2.4112184e-03   2.0197063e-03  -1.1346476e-02
   2.5585542e-02   4.3546932e-02  -8.5188524e-02  -2.7659433e-03   2.2802639e-03  -1.1412908e-02
   2.7748741e-02   3.6851652e-02  -6.3132196e-02  -2.3506431e-03   2.2779195e-03  -1.1378320e-02
   1.9453443e-02   9.4411416e-02  -9.3425660e-02  -2.8848506e-03   2.5340459e-03  -1.1588619e-02
   1.7517394e-02   1.0600439e-01  -9.3218391e-02  -2.6325837e-03   2.6244454e-03  -1.1582970e-02
   3.3533736e-02  -2.2310253e-02  -7.9469289e-02  -2.3972100e-03   2.5362379e-03  -1.1780362e-02
   2.6201519e-02   6.7860234e-02  -5.8757059e-02  -2.6842819e-03   2.3084181e-03  -1.1868889e-02
   2.2998727e-02   8.3729325e-02  -7.5574538e-02  -2.9755825e-03   2.4915165e-03  -1.1946046e-02
   3.3771223e-02   1.5190219e-02  -8.3129785e-02  -2.5668378e-03   2.3941259e-03  -1.1858701e-02
   2.8010912e-02   5.8447220e-02  -6.9825139e-02  -2.8260237e-03   2.4604180e-03  -1.1951202e-02
   2.6359916e-02   8.7694149e-02  -7.8490225e-02  -3.2175165e-03   2.4722817e-03  -1.1941584e-02
   3.0507367e-02   5.3505720e-02  -1.0110039e-01  -2.8907968e-03   2.6581877e-03  -1.1999764e-02
   3.0112503e-02   5.9672635e-02  -8.5510045e-02  -2.6890748e-03   2.7127978e-03  -1.2051190e-02
   2.9284740e-02   5.0537531e-02  -6.1827940e-02  -3.6847822e-03   2.7349323e-03  -1.2226704e-02
   3.2308442e-02  -5.9194495e-03  -6.2325871e-02  -3.0530568e-03   2.6484284e-03  -1.2274709e-02
   2.7517295e-02   3.1034202e-02  -5.6500685e-02  -2.8607497e-03   2.6271844e-03  -1.2242276e-02
   3.2570828e-02   7.2952617e-02  -8.6474109e-02  -3.1905042e-03   2.7517007e-03  -1.2269498e-02
   3.5363548e-02   4.7742406e-02  -8.3644203e-02  -3.0397606e-03   2.7683418e-03  -1.2433921e-02
   3.1512091e-02   7.1279115e-02  -6.5940093e-02  -2.7732210e-03   2.7563661e-03  -1.2211813e-02
   3.0548928e-02   4.7899345e-02  -6.8288980e-02  -3.5922261e-03   2.9818379e-03  -1.2372191e-02
   4.0682644e-02   7.1656345e-02  -7.8550851e-02  -3.7525572e-03   2.9024501e-03  -1.2171772e-02
   3.6244799e-02   7.1180326e-02  -9.4611260e-02  -3.0666572e-03   2.9939180e-03  -1.2299917e-02
   2.9199607e-02   1.2819706e-01  -1.0773798e-01  -3.4925887e-03   2.9318438e-03  -1.2373852e-02
   3.2409182e-02   9.7721144e-02  -1.0860168e-01  -2.7679961e-03   3.1046110e-03  -1.2400033e-02
   3.7656557e-02   2.1906601e-02  -9.4312411e-02  -2.9959454e-03   3.4850903e-03  -1.2040023e-02
   4.4317060e-02   4.3234685e-02  -1.1769174e-01  -3.6810070e-03   3.1526110e-03  -1.2088893e-02
   3.4358006e-02   5.8915851e-02  -1.1130151e-01  -2.3926141e-03   3.2092311e-03  -1.2061939e-02
   3.2955138e-02   3.7648570e-02  -8.8832054e-02  -3.3516217e-03   3.2356183e-03  -1.2246127e-02
   3.7452906e-02   6.2689849e-02  -8.1117256e-02  -3.1654050e-03   3.2339992e-03  -1.2261572e-02
   3.2583393e-02   8.1099652e-03  -8.6531958e-02  -3.4423811e-03   3.2213135e-03  -1.2511820e-02
   1.9818251e-02   7.1662190e-02  -1.1964435e-01  -3.2332086e-03   3.6855592e-03  -1.2238994e-02
   1.5090163e-02   5.8504783e-02  -9.5783197e-02  -2.9775667e-03   3.9711120e-03  -1.2046062e-02
   2.0986911e-02   6.3689063e-02  -1.1579618e-01  -3.7892582e-03   3.6600404e-03  -1.2367247e-02
   1.9368042e-02   7.5999095e-02  -7.8026247e-02  -3.0669378e-03   3.8148481e-03  -1.2246825e-02
   2.1304563e-02   6.6873139e-02  -6.6827109e-02  -3.7636869e-03   3.7294209e-03  -1.2355558e-02
   2.1944319e-02   8.0811835e-02  -7.9017871e-02  -4.4945031e-03   3.8902581e-03  -1.2438414e-02
   2.4770428e-02   4.3538317e-02  -8.8807294e-02  -3.9895391e-03   3.8833193e-03  -1.2355398e-02
   2.2052169e-02   3.5141378e-02  -9.8634936e-02  -3.9617531e-03   4.0218475e-03  -1.2541603e-02
   2.1392112e-02   6.6402253e-02  -9.7881170e-02  -4.8277129e-03   4.0106793e-03  -1.2617959e-02
   2.6287108e-02   4.3104682e-02  -9.0377731e-02  -4.3440544e-03   4.0699472e-03  -1.2557419e-02
   2.3147642e-02   1.2291719e-01  -8.0470204e-02  -4.2941627e-03   4.2748790e-03  -1.2496650e-02
   2.4022415e-02   1.2244180e-01  -5.4442295e-02  -4.7447431e-03   4.3219347e-03  -1.2606589e-02
   3.5178633e-02   4.8257586e-02  -8.4384877e-02  -3.9228491e-03   4.2343411e-03  -1.2831735e-02
   2.4395798e-02   9.9424726e-02  -7.8099215e-02  -3.8322070e-03   4.2226715e-03  -1.2960112e-02
   3.0224813e-02   1.2569613e-01  -8.4652862e-02  -4.4912292e-03   4.4099205e-03  -1.2934587e-02
   4.0056743e-02   4.6295391e-02  -9.0487406e-02  -4.2910078e-03   4.4193929e-03  -1.2904639e-02
   3.5543974e-02   5.9720608e-02  -9.1795144e-02  -3.8526059e-03   4.3785052e-03  -1.3020330e-02
   2.5718452e-02   1.3910903e-01  -8.6867303e-02  -4.6158284e-03   4.4819784e-03  -1.3076928e-02
   2.9597802e-02   1.0102077e-01  -9.6256618e-02  -3.9374669e-03   4.2626592e-03  -1.2976251e-02
   3.8164170e-02   6.4883137e-02  -9.0913695e-02  -3.6912118e-03   4.1750389e-03  -1.2850950e-02
