   0.0000000e+00   0.0000000e+00   7.1054274e-15   0.0000000e+00   0.0000000e+00   0.0000000e+00
  -9.4365575e-03  -1.0114574e-01  -7.5039386e-03   8.6469752e-04   1.0133004e-04  -7.3970288e-05
  -1.1043904e-02  -1.7768996e-01  -5.5852794e-03   8.9815329e-04  -3.6724011e-06  -2.8698463e-04
  -3.5385501e-03  -6.9397304e-02  -2.8319236e-02  -5.7311403e-05  -1.5873676e-04  -1.3209857e-04
  -1.9186684e-02  -1.9616708e-01  -2.8826449e-02   8.6874437e-04   2.0211032e-04  -1.2750236e-04
  -1.7726643e-02  -1.1080861e-01  -2.7767695e-02  -5.5655569e-04   4.8780780e-05   1.3173062e-05
  -1.9300670e-02  -9.7974247e-02  -1.0607231e-02   7.3950138e-04   3.3639111e-04   1.5926842e-05
  -2.2028541e-02  -2.0445313e-01  -1.3267971e-02   1.5661924e-04  -6.5758040e-05  -1.0736102e-04
  -8.9420887e-03  -7.6628946e-02  -1.0251370e-02  -1.6954677e-04   5.1249781e-05  -1.0071795e-05
  -2.9838295e-02  -2.2135437e-01  -9.7348611e-03   7.1928179e-04   2.6950631e-04  -1.6971166e-04
  -1.0765473e-02  -5.4764617e-02  -1.6972877e-03  -8.3593061e-04  -1.5607550e-04  -1.0285535e-04
  -2.2150220e-02  -1.2826411e-01  -9.8835830e-03   4.2842900e-04   2.1141967e-04   1.6544195e-05
  -2.4406268e-02  -9.6507790e-02  -1.1356864e-02  -1.1187209e-03   1.7608951e-04  -9.2679174e-06
  -2.2697282e-02  -8.5335056e-02  -5.7465400e-03   2.6440183e-04   4.1215586e-04  -3.4714372e-05
  -2.8327280e-02  -1.9534046e-01   1.0347548e-02   1.5023359e-04   1.8803043e-04  -2.3385649e-05
  -2.2295562e-02  -7.6504982e-02  -1.6525806e-02  -2.8766767e-04   4.1778102e-04   2.5806395e-05
  -2.1126470e-02  -1.1518685e-01  -5.2022759e-03   4.1258185e-04   4.0511117e-04  -7.1833253e-05
  -1.9123507e-02  -1.1256520e-01  -1.0409839e-02  -8.9437193e-04   2.1636452e-04  -8.0722827e-05
  -2.7052037e-02  -1.3936291e-01  -2.1538816e-03   4.7297314e-04   5.1877327e-04  -1.1855623e-04
  -3.4286547e-02  -1.7129863e-01   1.1337439e-02  -3.8807341e-04   3.1614926e-04  -2.1161196e-05
  -2.9594143e-02  -9.9906463e-02   1.2606454e-02   4.0983215e-04   3.9644462e-04  -1.2877050e-05
  -3.3453525e-02  -1.7240923e-01   2.8294528e-02  -4.4306007e-05   9.9626319e-05  -1.0179040e-04
  -2.7233017e-02  -9.4320909e-02  -1.9127532e-03   9.8352632e-05   1.9319516e-04  -6.9247594e-05
  -3.0734850e-02  -1.4081801e-01   3.3301353e-02   7.1311490e-04   2.2400692e-04  -8.7660907e-05
  -3.0506204e-02  -7.7387598e-02   7.5221297e-03   9.2384735e-05   2.6194777e-04   1.5556173e-04
  -3.6299147e-02  -1.8976561e-01   2.8357341e-02   5.3101114e-04   1.5965353e-05   3.8733891e-06
  -3.4140002e-02  -1.2784083e-01  -7.8981535e-04  -4.1374246e-04  -2.2774927e-05  -1.6710933e-04
  -3.0515060e-02  -7.1728257e-02   7.0737553e-03   8.5846159e-04   1.9138758e-04  -1.3450081e-04
  -2.5502956e-02  -6.1097155e-02  -2.9307931e-02  -8.2483907e-04   1.0777005e-04  -1.9611155e-04
  -3.3454287e-02  -9.5053631e-02  -1.5786895e-02   9.2556592e-04   5.0079090e-04  -8.4911173e-05
  -3.8636857e-02  -1.6291155e-01   7.6321048e-03   2.4711747e-04   1.5933163e-04  -1.1623294e-04
  -4.1553680e-02  -9.1439579e-02   6.3184972e-03   7.0577889e-04   6.3379060e-04   1.1797855e-04
  -3.6307149e-02  -1.4293033e-01   1.9868062e-02   1.0105485e-03   4.4797991e-04   2.3061490e-05
  -2.0845979e-02  -2.1534873e-02   8.1954825e-03   7.8854203e-05   2.6931136e-04   2.2021908e-04
  -3.1528718e-02  -1.5300643e-01  -2.3340961e-02   6.8393779e-04   3.0048703e-04   1.8066051e-04
  -2.6796487e-02  -9.7787006e-02  -2.9239613e-02   1.5288492e-04   3.1637697e-04  -1.3132894e-05
  -2.4034157e-02  -9.2708272e-02  -5.5650298e-02   4.9118894e-04   3.3469797e-04  -1.2723901e-04
  -3.2740122e-02  -1.3919579e-01  -2.7958488e-02   6.5608992e-04   2.3932982e-04  -1.8079681e-04
  -2.2071073e-02  -3.9433317e-02  -3.6209902e-02   2.1526497e-05   7.3498611e-05   1.1858767e-04
  -4.2085445e-02  -1.4885115e-01  -1.3989741e-02   1.1028035e-03   3.9241339e-04   2.5931736e-05
  -3.8360083e-02  -9.9604109e-02  -2.3966909e-02   2.0050073e-06   1.3339635e-04   1.7344994e-04
  -4.7109355e-02  -1.5018262e-01  -1.9337360e-02   5.9869487e-04   5.1269439e-04   1.3075455e-05
  -3.4009438e-02  -2.5177644e-02  -4.2231693e-02  -3.1461114e-04   3.9372293e-04   9.7807768e-05
  -4.1801085e-02  -8.0381668e-02   3.7699968e-03   9.0290551e-04   5.7854157e-04   2.8081252e-04
  -4.7756141e-02  -1.4771204e-01  -3.2120718e-02  -2.5019596e-04   5.1781032e-04   3.0882533e-04
  -3.0158005e-02  -5.6515740e-02  -2.0083421e-02   1.7939671e-04   4.3274673e-04   4.1632989e-04
  -4.0396649e-02  -1.7281618e-01  -5.3470600e-02  -4.5726465e-04   3.6379036e-04   4.1804731e-04
  -3.5004004e-02  -3.7167743e-02  -6.3530301e-02   1.8974800e-04   5.0442581e-04   5.0553401e-04
  -3.8687087e-02  -1.2512975e-01  -6.0625317e-02   2.9549172e-04   5.7526251e-04   3.7180601e-04
  -2.4872076e-02  -2.3658015e-02  -4.9067921e-02  -4.1035321e-04   7.0879480e-04   4.3264118e-04
  -3.9905971e-02  -1.7116371e-01  -4.5034524e-02  -3.3305744e-04   7.2060420e-04   5.3963481e-04
  -3.5883626e-02  -1.2547087e-01  -4.6326132e-02   4.9288979e-04   7.7440683e-04   6.2069559e-04
  -4.2861009e-02  -1.5899722e-01  -4.4553567e-02  -9.2858919e-04   4.8651598e-04   6.1082281e-04
  -4.5646262e-02  -4.2853057e-02  -1.0184788e-01  -1.8950947e-04   9.9835629e-04   7.8121807e-04
  -4.7787901e-02  -1.4822762e-01  -1.1952374e-01  -1.5197528e-04   8.6375038e-04   6.3546096e-04
  -5.4226667e-02  -1.0455158e-01  -1.5724991e-01  -5.7157794e-04   1.0943624e-03   5.8747637e-04
  -5.3515535e-02  -9.9008980e-02  -1.3768762e-01  -5.2804816e-05   1.0606246e-03   6.9593061e-04
  -3.5406864e-02   4.6457382e-02  -1.1171800e-01  -2.4391474e-04   8.4618535e-04   8.4294459e-04
  -6.2865242e-02  -1.7527355e-01  -9.4362790e-02   3.4156331e-04   1.1199429e-03   8.0716380e-04
  -5.4686464e-02  -2.4188941e-02  -1.3243126e-01  -4.7252840e-04   1.1119221e-03   9.9500909e-04
  -6.0873282e-02  -7.3021105e-02  -9.2372711e-02   5.8132283e-04   9.4421246e-04   9.8126646e-04
  -6.1194812e-02  -5.4495447e-02  -9.2657399e-02  -1.9453851e-04   9.4749466e-04   1.1760678e-03
  -7.0949236e-02  -1.4322779e-01  -7.3603428e-02  -6.2824481e-05   8.6802005e-04   1.1606872e-03
  -6.7973069e-02  -1.0450229e-01  -1.2452728e-01  -5.4072691e-04   8.6148461e-04   1.3736953e-03
  -6.1152717e-02  -4.4318305e-02  -8.1856275e-02  -1.9284962e-04   4.1285556e-04   1.6488298e-03
  -6.7864762e-02  -1.1804136e-01  -1.1350631e-01  -4.6793388e-04   2.7528482e-04   1.4953407e-03
  -6.4756398e-02  -6.8021829e-02  -8.5667637e-02   6.1237078e-04   3.3624405e-04   1.4375042e-03
  -6.5421616e-02  -3.8660398e-02  -1.1363241e-01  -1.1560646e-03   2.0326355e-04   1.6137445e-03
  -6.8532087e-02  -1.1218704e-01  -9.7844718e-02   4.1856787e-04   4.5263630e-04   1.6068752e-03
  -6.4421538e-02  -6.8649504e-02  -6.5464400e-02  -4.8510296e-04   1.1246650e-04   1.6677996e-03
  -7.5061876e-02  -4.6765628e-02  -5.5555329e-02  -1.4857238e-04   3.3100771e-04   1.8905764e-03
  -7.9318393e-02  -1.6265021e-01  -8.4314189e-02   3.1917069e-05   1.1783654e-04   1.7397640e-03
  -6.9934410e-02  -3.9039529e-02  -8.9923210e-02  -1.0742555e-03   9.9528525e-05   1.9238887e-03
  -7.9643953e-02  -9.9615397e-02  -8.8693109e-02   2.3046389e-04   1.9544077e-04   1.8924024e-03
  -8.8493407e-02  -6.2001807e-02  -5.4593622e-02  -9.4769550e-04   2.6648793e-04   1.8992686e-03
  -8.8265814e-02  -2.9221942e-02  -3.2999913e-02  -8.9394098e-05   5.4663801e-04   1.8863618e-03
  -9.0595602e-02  -1.7139342e-01  -2.2157034e-02   4.3420362e-04   4.0680405e-04   1.7302623e-03
  -7.5536040e-02  -4.2628243e-02  -5.6204048e-02  -1.2279709e-03   2.0459441e-04   1.9282298e-03
  -9.5259855e-02  -9.8612999e-02  -2.4776770e-02   5.6065719e-04   5.9020689e-04   1.7556111e-03
  -8.1865983e-02   1.0310374e-02  -2.6293523e-02  -4.8746553e-04   3.3397351e-04   1.7770200e-03
  -9.2937777e-02  -7.8815512e-02  -5.8114628e-03   1.3788628e-03   5.7998418e-04   2.0365054e-03
  -9.5062376e-02  -1.2351742e-01  -2.2650739e-02  -2.1916792e-04   4.3033071e-04   2.0575126e-03
  -9.7656378e-02  -1.1723847e-01  -4.0817695e-02   3.6921320e-04   5.9062304e-04   2.1336196e-03
  -1.0125034e-01  -1.1831301e-01  -4.8079059e-02  -3.4621117e-05   6.2256208e-04   2.0848803e-03
  -9.9836690e-02  -5.3907991e-02  -5.2809479e-02   2.6365322e-04   5.9871680e-04   2.1514845e-03
  -1.1539384e-01  -1.3961488e-01  -2.7955100e-02   6.8769317e-04   8.5798134e-04   2.0697242e-03
  -1.1017918e-01  -5.2453767e-02   1.1571056e-02   4.8587111e-04   7.7393655e-04   2.3018844e-03
  -1.1191734e-01  -1.1667330e-01  -3.6624829e-02  -5.6240460e-04   6.0677014e-04   2.2036309e-03
  -1.1299553e-01  -1.0158059e-01  -5.6945727e-02   3.8293020e-04   9.0007270e-04   2.2522078e-03
  -1.0803027e-01  -7.0793364e-02  -7.1973810e-02   1.3828728e-04   7.4409061e-04   2.3040006e-03
  -1.1831126e-01  -1.0172615e-01  -6.2394241e-02   3.6223368e-04   1.0329068e-03   2.4202715e-03
  -1.1082892e-01  -1.3125411e-01  -1.8651590e-02   8.4050546e-04   6.5145173e-04   2.3678958e-03
  -9.7794003e-02  -2.0287657e-02  -4.4974407e-02   9.0751068e-04   5.1153071e-04   2.3879223e-03
  -1.1896027e-01  -1.3763450e-01  -5.6794742e-02   1.8772759e-03   8.7959085e-04   2.4777080e-03
  -1.1508724e-01  -6.6595060e-02  -6.0126158e-02   5.2868333e-04   8.7405711e-04   2.4870556e-03
  -1.2141316e-01  -2.2628103e-01  -4.7345759e-02   1.3337760e-03   8.3121831e-04   2.2746380e-03
  -1.0307494e-01  -3.2611860e-01  -8.5219263e-03   1.4386903e-03  -4.6624851e-05   2.2585539e-03
  -7.3262829e-02  -2.7484726e-03  -1.9689498e-02   2.1261317e-04  -1.6353514e-04   2.4797931e-03
  -7.1566132e-02   1.7914588e-01   2.4137141e-02   5.4922333e-04   1.8393691e-04   2.8707563e-03
  -8.2621043e-02   1.4425454e-02   6.9051044e-02   8.3092843e-04  -9.0590462e-07   2.7826305e-03
  -9.1570723e-02  -1.0475485e-01   4.6724369e-02   1.0465412e-03   1.8724216e-04   2.6437543e-03
  -1.0964785e-01  -2.1323690e-01   6.4851589e-02   1.4406956e-03   1.7045530e-04   2.7415080e-03
  -1.1050200e-01  -2.7608581e-01   3.1327900e-02   4.9235675e-04   1.2532883e-04   2.5292926e-03
  -9.3869833e-02  -2.0486032e-01   1.5339796e-01   9.2766966e-04  -1.4717654e-04   2.6577879e-03
  -8.0432328e-02  -1.2707298e-02   1.0350337e-01   7.4352016e-04   6.3460542e-05   2.6932666e-03
  -7.3093835e-02   6.6445384e-02   1.4128897e-01   1.4933983e-03  -7.3631623e-05   2.9525961e-03
  -9.9583685e-02  -2.1745671e-01   1.1281362e-01   1.4809553e-03  -1.1748874e-04   2.8108355e-03
  -1.0697399e-01  -2.2136306e-01   7.7160870e-02   3.8462798e-04  -6.7381793e-05   2.6610393e-03
  -7.8041069e-02   8.4845125e-03   6.2179344e-02   1.2582037e-03  -1.1991851e-04   2.8593168e-03
  -8.7614908e-02  -9.1900151e-02   1.0045346e-01   1.6826303e-03  -9.9153784e-05   2.9365374e-03
  -8.3785561e-02  -1.4524503e-01   8.2916093e-02   9.1540707e-04  -3.7450674e-04   2.9076430e-03
  -7.6254993e-02  -6.2113356e-02   7.7718958e-02   1.0701981e-03  -2.2464580e-04   3.0200349e-03
  -7.1439476e-02  -9.5839866e-02   6.6576597e-02   1.5542612e-03  -2.4112145e-04   2.9328657e-03
  -7.4449340e-02  -8.0973477e-02   9.2424024e-02   9.8690410e-04  -5.0195825e-04   3.1374290e-03
  -7.9589606e-02  -1.8046485e-01   6.1106272e-02   3.7943411e-04  -3.9385265e-04   2.7504481e-03
  -6.6644315e-02  -7.7420863e-02   7.6303058e-02   1.4343294e-03  -3.2940630e-05   2.8413306e-03
  -7.3325795e-02  -1.7939031e-01   4.7741074e-02   1.1110385e-03  -6.1032674e-06   2.6931150e-03
  -5.5758393e-02   4.0488876e-02   3.9635821e-02   3.5479443e-04  -8.0468122e-05   3.2012964e-03
  -8.2341153e-02  -1.8581088e-01   5.2217101e-03   9.3881197e-04   5.0351301e-05   2.8919335e-03
  -5.8122487e-02   2.6579784e-02   3.1291855e-02   3.9793166e-04   2.5925241e-04   2.8800007e-03
  -7.4886860e-02  -1.3550864e-01   1.8914802e-02   1.8730119e-03   1.4418467e-04   2.9529041e-03
  -7.6494535e-02  -9.6725775e-02   5.6802050e-03   1.0756523e-05   1.4939720e-04   2.8627525e-03
  -8.1364140e-02  -1.6764291e-01  -1.8064943e-02   1.3261180e-03   1.0083258e-04   2.8283875e-03
  -7.5254408e-02  -6.8212642e-02   7.6428469e-03   9.8081082e-04   1.3520627e-04   2.8382108e-03
  -7.8713621e-02  -1.0406546e-01  -1.2988553e-03   1.0042807e-03   3.5464714e-04   3.0214102e-03
  -7.2804512e-02   2.5998938e-02   7.9204328e-02   1.7131379e-03   4.3866384e-04   3.0309106e-03
  -9.0541073e-02  -1.3252983e-01   4.1136302e-02   1.9014963e-03   3.1977288e-04   3.0167552e-03
  -9.5595726e-02  -5.3173122e-02   5.2171246e-02   1.7498409e-03   7.2323923e-04   3.0672169e-03
  -9.3137616e-02  -1.1895459e-01   9.2012752e-02   2.5045866e-03   8.7220502e-04   3.1489840e-03
  -8.6601187e-02  -1.1319180e-01   1.4525443e-01   2.6619925e-03   5.7949697e-04   3.1335963e-03
  -1.2103835e-01  -2.4148938e-01   1.1249051e-01   2.7915011e-03   9.2749564e-04   3.0985667e-03
  -1.0790701e-01  -7.3781311e-02   1.2931581e-01   2.2412500e-03   1.0112201e-03   3.3177226e-03
  -1.1829350e-01  -2.0387768e-01   9.1739945e-02   2.9856739e-03   7.1990908e-04   3.2072952e-03
  -1.0610238e-01  -4.0665974e-02   7.4237120e-02   2.6433330e-03   8.4734597e-04   3.2076779e-03
  -1.0913657e-01  -1.2747308e-01   6.2463108e-02   3.0911616e-03   7.1422879e-04   3.0949476e-03
  -1.0052521e-01  -7.8313077e-02   5.3061439e-02   1.8750337e-03   7.3827170e-04   2.9822868e-03
  -1.0175270e-01  -9.7848830e-02   6.6599986e-02   2.4161023e-03   1.0060222e-03   3.1940431e-03
  -9.3814374e-02  -6.4515110e-02   9.7773822e-02   2.7371362e-03   9.3566306e-04   3.0037189e-03
  -1.1419924e-01  -2.1268697e-01   8.3932481e-02   2.7886902e-03   9.3435470e-04   3.0193608e-03
  -1.0700507e-01  -1.5012282e-01   7.0236486e-02   1.9837057e-03   9.6740437e-04   3.0592515e-03
  -9.2943448e-02  -5.5073200e-02   8.4654779e-02   3.6494842e-03   1.0974611e-03   3.1007127e-03
  -9.6436954e-02  -8.5349009e-02   6.8011235e-02   2.2659719e-03   9.9381481e-04   3.0609732e-03
  -9.0733162e-02  -1.2138737e-01   1.4797104e-01   3.3342070e-03   6.5433236e-04   3.0704334e-03
  -8.5962076e-02  -1.3013287e-01   1.8288162e-01   3.9951145e-03   2.8693895e-04   2.4634588e-03
  -1.1189939e-01  -2.2989937e-01   1.8114855e-01   3.7216712e-03   5.8224845e-04   2.8131589e-03
  -9.9253617e-02  -1.4083189e-01   1.1561060e-01   3.2886074e-03   5.6656881e-04   2.7762953e-03
  -9.9815892e-02  -1.3597535e-01   1.3768289e-01   2.9651753e-03   5.7275771e-04   3.0368664e-03
  -9.1020475e-02  -1.3625557e-01   1.1082738e-01   2.7261493e-03   5.5979739e-04   2.9651105e-03
  -8.0137194e-02  -4.1055123e-02   2.2482392e-01   3.8507068e-03   3.9433716e-04   2.9690662e-03
  -9.4822062e-02  -1.9198653e-01   2.5949075e-01   3.3865223e-03   2.5733752e-04   2.7914672e-03
  -1.0984482e-01  -8.6828808e-02   2.0536730e-01   3.3508316e-03   7.6294071e-04   2.9219300e-03
  -1.1559856e-01  -2.4263177e-01   1.1702470e-01   3.4145556e-03   1.0399393e-03   2.7271221e-03
  -1.0056263e-01  -3.6135301e-02   1.4254372e-01   2.0805973e-03   1.1105489e-03   2.8943490e-03
  -8.3096212e-02  -1.1762619e-01   2.4116659e-01   3.7453389e-03   5.7921063e-04   2.8392826e-03
  -1.0231006e-01  -1.7872336e-01   2.8454725e-01   4.2356530e-03   3.0836933e-04   2.7700519e-03
  -1.1169871e-01  -1.5273714e-01   2.2998659e-01   3.0382733e-03   7.6336449e-04   2.9322009e-03
  -7.8526366e-02  -1.4543591e-01   2.8677623e-01   4.0781002e-03  -2.0491335e-04   2.6289742e-03
  -6.3129413e-02  -1.5427695e-01   3.3629098e-01   4.6436337e-03  -3.5704118e-04   2.5953124e-03
  -4.0705890e-02  -1.8742446e-01   2.8451610e-01   2.8529166e-03  -1.6260648e-04   2.5705115e-03
  -7.9451667e-02  -2.7599709e-01   2.0686513e-01   3.9799892e-03   3.5563939e-04   2.4235715e-03
  -6.3627886e-02  -6.5978132e-02   2.2445528e-01   2.9213228e-03  -2.0249378e-05   2.6768937e-03
  -7.6032523e-02  -1.3593774e-01   2.0126338e-01   4.4374485e-03   7.6942869e-04   2.3861050e-03
  -5.5886942e-02  -1.1875623e-01   2.9040008e-01   3.4376172e-03  -9.6690597e-05   2.4953752e-03
  -4.8209495e-02  -1.5329110e-01   4.0305172e-01   4.4020468e-03  -7.4101859e-04   2.5217889e-03
  -5.4025363e-02  -2.7471329e-01   4.8694591e-01   4.5692062e-03  -8.9239912e-04   2.2276029e-03
  -5.7148867e-02  -1.5777443e-01   3.9359197e-01   3.6825741e-03  -9.0276794e-04   2.2696781e-03
  -8.5412667e-02  -2.9773369e-01   2.5642445e-01   4.2747177e-03  -2.0689215e-04   2.2026213e-03
  -6.7276352e-02  -5.2398493e-02   2.3360983e-01   3.5601220e-03  -5.2208101e-05   2.2589610e-03
  -7.2882201e-02  -5.7792577e-02   2.8298355e-01   5.1640225e-03   1.8271683e-04   2.5028627e-03
  -7.9835412e-02  -1.2838820e-01   2.8480563e-01   3.3138292e-03  -8.3049727e-05   2.5682897e-03
  -7.4460877e-02  -1.1625620e-01   3.5292113e-01   4.6328412e-03   2.6280688e-04   2.3191956e-03
  -7.6732849e-02  -2.3715384e-01   3.9795784e-01   4.7356829e-03  -1.1963190e-04   2.4107013e-03
  -5.8994556e-02  -1.2503898e-01   4.0305087e-01   4.0708218e-03  -6.0469467e-04   2.6508137e-03
  -7.8028099e-02  -2.3293122e-01   3.6863890e-01   4.6984215e-03  -6.2582653e-05   2.2483077e-03
  -7.4441630e-02  -1.7447081e-01   3.6612600e-01   4.2531718e-03  -2.5837046e-04   2.5470705e-03
  -3.8546486e-02  -1.2032828e-01   4.1475239e-01   4.5730709e-03  -9.9133513e-04   2.2168954e-03
  -8.1740993e-02  -2.2336579e-01   3.6326803e-01   4.7315768e-03  -1.8814939e-04   2.3349043e-03
  -7.5720196e-02  -1.3455408e-01   3.4711360e-01   3.5334616e-03  -1.3053879e-04   2.4705949e-03
  -6.8500500e-02  -1.7741248e-01   4.5525406e-01   5.5230453e-03  -3.3133843e-04   2.2281378e-03
  -7.1115396e-02  -2.0528300e-01   3.5428750e-01   3.9961186e-03  -3.7056799e-04   2.4640275e-03
  -7.4450602e-02  -1.5314838e-01   4.0240152e-01   4.3230518e-03  -4.5955603e-04   2.6510953e-03
  -4.9128859e-02  -1.5491584e-01   4.4486681e-01   5.2643834e-03  -3.4310665e-04   2.2319728e-03
  -4.2476254e-02  -1.5337808e-01   4.5869723e-01   4.1584942e-03  -1.0366620e-03   2.3458488e-03
  -6.4280189e-02  -1.0179022e-01   3.1371070e-01   3.3220013e-03   8.5665369e-04   1.3998861e-03
  -7.1634019e-02  -2.2381063e-01   2.8450193e-01   2.8923855e-03   1.2611155e-03   1.2406051e-03
  -6.2497474e-02  -4.9355167e-02   2.6213691e-01   3.5904226e-03   4.5605391e-04   1.9913392e-03
  -7.4712681e-02  -1.3873052e-01   2.6116916e-01   4.1824751e-03   5.3738166e-04   1.9230601e-03
  -7.8264436e-02  -1.2655382e-01   2.1092067e-01   2.8936348e-03   7.4895674e-04   2.2066426e-03
  -7.7161739e-02  -8.5173943e-02   2.7780412e-01   4.1488829e-03   9.3087955e-04   2.3405803e-03
  -6.3270274e-02  -1.1578177e-01   3.3962560e-01   3.7419782e-03  -1.4856153e-04   2.5810469e-03
  -6.1152894e-02  -1.3440949e-01   4.5650610e-01   5.3735673e-03  -5.0399261e-04   2.5348638e-03
  -7.9904454e-02  -2.4457528e-01   4.0272687e-01   4.0719881e-03  -7.4890069e-04   2.6787547e-03
  -8.7315268e-02  -2.1075559e-01   3.1278952e-01   3.7435821e-03   1.4933500e-06   2.3813396e-03
  -6.9812726e-02  -1.3867304e-01   3.7677226e-01   3.5110816e-03  -7.4956422e-04   2.7771160e-03
  -4.7959389e-02  -6.2366606e-02   3.0334454e-01   3.3716204e-03  -3.4445778e-04   1.9582558e-03
  -8.0350201e-02  -2.0097402e-01   2.5294613e-01   4.2783997e-03   6.0257917e-05   2.2286037e-03
  -4.9299574e-02  -6.6709577e-02   3.3941368e-01   3.2940359e-03  -8.1396164e-04   2.2226468e-03
  -4.8741109e-02  -1.7408069e-01   4.6164077e-01   4.8728075e-03  -9.3673298e-04   2.1098072e-03
  -6.6682256e-02  -2.3626509e-01   3.8280022e-01   4.0898121e-03  -8.2071158e-04   2.2729464e-03
  -5.5753701e-02  -1.6444236e-01   3.3402119e-01   3.7347029e-03  -9.7865084e-04   2.1781781e-03
  -2.2083284e-02  -8.4191429e-02   4.3948919e-01   5.2019292e-03  -1.0304306e-03   2.0823511e-03
  -1.7115817e-02  -1.0443525e-01   4.5710611e-01   3.4756151e-03  -9.7003150e-04   2.0796886e-03
  -2.6825130e-02  -1.2916325e-01   4.7362730e-01   5.0935054e-03  -1.1785993e-03   2.1030509e-03
   6.9676101e-03  -1.0693453e-01   3.5377713e-01   3.6994093e-03  -1.2091013e-03   1.6668012e-03
  -1.5442335e-02  -1.5407227e-01   3.9574943e-01   4.5537213e-03  -1.1274954e-03   1.8054092e-03
  -2.1526249e-02  -1.1088560e-01   3.4123697e-01   4.0077105e-03  -9.5455306e-04   1.6296450e-03
  -3.2882077e-02  -7.6577484e-02   3.3250874e-01   3.8978899e-03  -7.0594534e-04   1.8704597e-03
  -3.7199404e-02  -1.6620200e-01   3.9447604e-01   5.0825282e-03  -4.9261344e-04   1.6904623e-03
  -2.4080701e-02  -7.9245012e-02   3.8820176e-01   3.8090300e-03  -7.0603766e-04   1.6162077e-03
