   1.3778682e-14   0.0000000e+00   0.0000000e+00   0.0000000e+00   0.0000000e+00   0.0000000e+00
   5.4770049e-03  -7.1859493e-02  -8.8546482e-03   6.5686208e-05  -1.0868291e-04  -8.4316408e-06
   5.3697481e-03  -7.5569888e-02  -1.4898832e-02  -1.6391422e-04  -1.5230097e-04   3.1912909e-05
   7.7205782e-03  -3.3764614e-02  -2.7311923e-02  -9.2337751e-05  -1.0923555e-04  -4.1350286e-05
   8.3842475e-03  -3.5628523e-02  -1.7821383e-02   7.4638648e-05  -3.0871339e-05   1.0427636e-04
   6.9754041e-03  -3.3670365e-02  -4.5354386e-03   3.0968591e-05  -5.2306974e-05   2.2507891e-04
   1.1978021e-02   3.3368182e-02  -1.7412338e-02  -2.8318174e-04   1.0855956e-04   2.2999058e-04
   6.1892685e-03   9.3794546e-03  -2.9130802e-05  -2.1759071e-04   1.3930389e-04   2.0121644e-04
   7.8701646e-03  -4.0088415e-02  -9.2921784e-03  -2.5332253e-04   1.4378317e-05   1.2426012e-04
   4.7130936e-03  -7.1405520e-03  -2.1741793e-02  -2.4672962e-04  -5.1091490e-05   1.3917965e-04
   1.0738050e-02  -1.1741335e-02  -2.5680408e-02  -2.4945105e-04  -1.2833706e-06   1.2359442e-04
   1.1577429e-02  -1.4850393e-02  -1.3255094e-02  -3.0760788e-04  -1.1203311e-04   1.3169359e-04
   1.1704600e-02  -5.5228851e-02  -9.4583753e-03   4.6555854e-05  -2.4321232e-04   7.3201528e-05
   5.6549955e-03   2.3800421e-02  -2.0961948e-02  -1.1167371e-03  -4.1351174e-04   9.4183745e-05
  -1.4777027e-03  -5.3554658e-02   2.0150090e-02  -1.1631786e-03  -4.3587416e-04   3.3797307e-04
  -1.0659012e-02  -1.6902418e-02   1.5647428e-02  -8.8786666e-04  -3.0226398e-04   2.2363188e-04
  -2.2055634e-02   3.1392577e-02   1.0521744e-02  -1.1170374e-03  -1.7091219e-04   6.5405364e-05
  -2.1122879e-02   1.5952712e-03   8.6941487e-03  -1.2381122e-03  -2.2106685e-05   6.3244206e-05
  -1.8546745e-02   6.6334736e-02   8.4366214e-03  -1.4255417e-03  -2.1923733e-04  -1.8304398e-05
  -2.1499126e-02   1.2754717e-02  -4.6890971e-03  -1.4896272e-03  -2.4843815e-04  -5.6131058e-05
  -2.0228508e-02  -4.5035163e-03  -1.8724958e-02  -1.4683425e-03   1.8890004e-05  -4.1372942e-05
  -1.9970265e-02   5.5638302e-02   7.7687902e-03  -1.4604956e-03  -6.3807889e-05  -1.2245957e-04
  -1.8142448e-02   7.2136940e-02   3.1774148e-03  -1.5753288e-03  -2.4525543e-04  -6.1415462e-05
  -3.0062059e-02   9.3354215e-02   2.5407261e-03  -2.1292064e-03  -2.4044546e-04  -2.7354405e-04
  -3.0313169e-02   1.2612779e-01   2.2997051e-02  -1.8933573e-03  -4.5881199e-04  -2.5900482e-04
  -3.5163131e-02   6.9663231e-02   4.4431187e-02  -2.1734698e-03  -5.3784130e-04  -2.7265649e-04
  -2.6809994e-02   9.5820632e-02   2.1153922e-02  -2.6817092e-03  -3.7845811e-04  -1.6882856e-04
  -2.2140766e-02   1.0082385e-01   5.1950209e-02  -2.1417038e-03  -3.8925791e-04  -2.7893008e-04
  -2.1771806e-02   8.1964301e-02   7.2745168e-02  -2.1200729e-03  -6.9696131e-04  -2.9839170e-04
  -2.0853677e-02   8.7736473e-02   6.0960179e-02  -2.4085123e-03  -6.2078016e-04  -2.1004416e-04
  -2.0179967e-02   9.0939905e-02   6.9889646e-02  -2.1363835e-03  -4.5469939e-04  -2.2803163e-04
  -1.9447567e-02   1.2454766e-02   6.3180785e-02  -2.0657187e-03  -5.2901248e-04  -3.7800023e-04
  -1.2828691e-02   6.2577708e-02   5.9273937e-02  -2.4102686e-03  -6.2227209e-04  -3.8977241e-04
  -6.3544893e-03   8.1940591e-02   7.1667727e-02  -2.2569769e-03  -6.1215778e-04  -3.4990531e-04
  -1.0211193e-02   2.5638456e-02   9.0091376e-02  -2.3140892e-03  -4.6612353e-04  -4.9708774e-04
  -2.1495643e-02   7.8015386e-02   8.1070264e-02  -2.6216156e-03  -5.9014997e-04  -5.5018275e-04
  -1.4815795e-02   1.1406731e-01   5.3455302e-02  -2.4904551e-03  -5.2056594e-04  -6.0242380e-04
  -1.1458751e-02   6.4936217e-02   6.6952491e-02  -2.0348016e-03  -5.0010840e-04  -6.7103589e-04
  -1.3165904e-03   8.0623168e-02   8.0817313e-02  -2.3616760e-03  -6.7585565e-04  -5.9284270e-04
  -7.5206135e-03   8.4671542e-02   8.5029311e-02  -2.3029525e-03  -6.1914738e-04  -6.4805609e-04
  -8.1307072e-03   8.2966562e-02   6.2604189e-02  -2.3312930e-03  -6.1959460e-04  -7.3076526e-04
  -1.0176431e-02   1.3235348e-01   4.0768005e-02  -2.2116719e-03  -7.8138160e-04  -8.3485210e-04
  -3.4639115e-03   1.2938225e-01   4.8376501e-02  -2.2060227e-03  -5.4918268e-04  -7.9352569e-04
   2.8192326e-04   1.3108457e-01   4.1553280e-02  -2.3266217e-03  -5.1440617e-04  -7.9162050e-04
  -9.6092738e-05   1.0780823e-01   2.9604679e-02  -2.4530117e-03  -7.0585003e-04  -8.4339591e-04
   4.9471233e-03   1.6869060e-01   4.6590275e-02  -2.3224919e-03  -8.5682143e-04  -7.8263684e-04
  -2.9299644e-03   1.7081638e-01   4.4847300e-02  -2.4908660e-03  -9.0926519e-04  -8.9845232e-04
   2.9864696e-03   1.0679674e-01   5.1268672e-02  -2.4252245e-03  -9.3835535e-04  -7.7139070e-04
   7.1776639e-03   1.2501657e-01   5.7081380e-02  -3.8057192e-03  -1.5686647e-03  -5.9424688e-04
   1.6125930e-04   1.3389222e-01   3.3759889e-02  -3.8687197e-03  -1.6400179e-03  -3.9028734e-04
  -9.7022293e-04   1.0117962e-01   3.9945762e-03  -3.7554755e-03  -1.6106895e-03  -7.0656688e-04
  -1.4934346e-02   2.3141727e-01   1.3820516e-02  -3.8603497e-03  -1.4690152e-03  -7.1711787e-04
  -1.2684128e-02   1.9518198e-01   1.0912838e-02  -3.5345019e-03  -1.5410679e-03  -7.5135611e-04
  -9.2500297e-03   1.4571040e-01   2.0362636e-02  -3.4091443e-03  -1.5769610e-03  -6.1083500e-04
  -1.0753495e-02   1.2656570e-01  -2.6534955e-03  -3.5105752e-03  -1.3400764e-03  -7.2485374e-04
  -1.4188461e-02   1.7417149e-01  -3.1178071e-02  -3.3678081e-03  -1.2078568e-03  -7.3140743e-04
  -1.8642739e-02   1.5612092e-01  -3.6796513e-02  -3.3814400e-03  -1.0820978e-03  -7.4583385e-04
  -2.3877626e-02   1.4430007e-01  -2.4507397e-02  -3.1268641e-03  -1.0644339e-03  -7.8983138e-04
  -1.8219730e-02   1.5389170e-01  -1.5166589e-02  -3.1425850e-03  -1.5308055e-03  -7.2279318e-04
  -1.3426727e-02   1.8184220e-01  -2.5373725e-02  -3.4403732e-03  -1.4384397e-03  -7.7285634e-04
  -8.7207818e-03   2.0077429e-01  -2.6513692e-02  -3.2106544e-03  -1.2930568e-03  -8.1114389e-04
   4.0194208e-03   1.8011226e-01  -2.9026445e-02  -3.3272825e-03  -1.6206545e-03  -8.3146004e-04
   1.4175877e-03   1.9770921e-01  -2.8481932e-02  -3.1250579e-03  -1.5558730e-03  -9.2091072e-04
  -6.8852467e-03   1.5779431e-01  -2.7780381e-02  -2.9930183e-03  -1.5092073e-03  -9.1278744e-04
  -4.4168169e-04   1.5094906e-01  -4.6756485e-02  -3.1513395e-03  -1.6524081e-03  -7.9667108e-04
   2.9988329e-03   2.1701498e-01  -2.3946051e-02  -3.2924231e-03  -1.6479188e-03  -9.2120687e-04
  -2.9423057e-03   2.6696799e-01  -5.0689255e-02  -3.5235380e-03  -1.5440923e-03  -9.7458908e-04
  -2.5436396e-03   2.0638171e-01  -5.9658294e-02  -3.2472405e-03  -1.5448388e-03  -1.0150891e-03
   2.4408378e-03   1.9882275e-01  -4.6955970e-02  -3.0195223e-03  -1.7187234e-03  -9.9290363e-04
  -7.3279105e-03   2.4929981e-01  -4.8185258e-02  -3.3886178e-03  -1.7155490e-03  -9.5668069e-04
  -1.0607105e-02   2.4134310e-01  -8.4989069e-02  -3.9492189e-03  -2.0518583e-03  -8.8344282e-04
  -1.2167773e-02   2.6823746e-01  -5.5690967e-02  -3.5809653e-03  -2.0588705e-03  -8.0651797e-04
  -5.4235209e-03   1.9091851e-01  -4.4813884e-02  -3.4419602e-03  -1.9669465e-03  -7.7571330e-04
   8.2507646e-03   2.2209229e-01  -2.8156680e-02  -3.9310777e-03  -1.9210513e-03  -7.2823493e-04
   1.8207508e-02   2.0940874e-01  -2.5103963e-02  -3.5027176e-03  -2.0536845e-03  -7.7802368e-04
   1.3869439e-02   2.3146417e-01  -3.2812215e-02  -3.6691036e-03  -2.0519224e-03  -7.3703022e-04
   1.8407324e-02   2.3276521e-01  -3.9846057e-02  -3.8183152e-03  -2.1649602e-03  -8.8155447e-04
   8.5513705e-03   2.3476353e-01  -4.1550233e-02  -3.3448453e-03  -2.0670275e-03  -9.5522980e-04
   8.2803248e-03   2.0754627e-01  -6.4935390e-02  -3.7476027e-03  -1.9744255e-03  -9.4804640e-04
   1.7151425e-02   1.9149772e-01  -4.5485392e-02  -3.9983704e-03  -1.9317425e-03  -8.8749360e-04
   1.7528297e-02   1.8704198e-01  -4.4586138e-02  -3.6187356e-03  -1.9718136e-03  -8.8912715e-04
   6.3863704e-03   2.0591665e-01  -4.9175633e-02  -4.4137452e-03  -2.0964149e-03  -8.4970955e-04
  -4.6581394e-03   2.4215336e-01  -4.2900283e-02  -4.0818546e-03  -2.0572704e-03  -8.9714664e-04
   5.6478155e-03   2.1278346e-01  -3.5186943e-02  -3.6404297e-03  -2.0847850e-03  -9.2553202e-04
   5.5357975e-03   2.5134179e-01  -4.8292128e-02  -3.7793699e-03  -1.9373519e-03  -8.0663222e-04
   5.7130134e-03   2.3458221e-01  -4.7012539e-02  -3.6961451e-03  -1.9794698e-03  -8.1959297e-04
   5.8814009e-03   2.1666262e-01  -5.5388377e-02  -3.5292575e-03  -2.1964489e-03  -8.6808205e-04
   2.3638669e-03   2.4684754e-01  -5.1794093e-02  -3.9714951e-03  -2.1333837e-03  -9.3411659e-04
   6.2253244e-03   2.8026170e-01  -7.0045106e-02  -3.6547188e-03  -2.0156806e-03  -8.9836258e-04
  -4.7251701e-03   2.6210128e-01  -5.1191126e-02  -3.6420452e-03  -2.1749613e-03  -1.0358518e-03
  -6.3539705e-04   2.8174952e-01  -5.3549678e-02  -3.4548590e-03  -2.3487562e-03  -1.0846831e-03
  -2.8268059e-03   2.4490528e-01  -4.9353552e-02  -4.4566814e-03  -2.2825417e-03  -9.6346659e-04
  -8.6091331e-03   2.1865914e-01  -6.0464761e-02  -3.9244216e-03  -2.3229332e-03  -7.9785777e-04
   1.7854885e-03   3.1861856e-01  -6.2946036e-02  -4.0802846e-03  -2.3743044e-03  -1.0025752e-03
   1.1266823e-03   2.5795158e-01  -5.9783210e-02  -3.7840807e-03  -2.5940530e-03  -8.6896317e-04
  -2.7442973e-03   3.0207694e-01  -6.4336613e-02  -3.8349921e-03  -2.4906750e-03  -8.7323100e-04
  -4.5443667e-03   3.2588667e-01  -5.1101549e-02  -3.7862705e-03  -2.5139852e-03  -9.7684260e-04
   1.4205899e-02   2.4626993e-01  -4.9199614e-02  -3.9451461e-03  -2.5705506e-03  -9.6076387e-04
   7.8233988e-03   2.8348163e-01  -4.7968253e-02  -3.7715818e-03  -2.7197113e-03  -8.4644384e-04
   1.0723630e-02   2.7926238e-01  -5.3660888e-02  -3.7969906e-03  -2.9991583e-03  -9.6563245e-04
   1.1764754e-02   3.5041046e-01  -6.3846682e-02  -3.7437456e-03  -2.8179516e-03  -1.0964704e-03
   2.0875835e-03   3.0488177e-01  -6.2475796e-02  -3.9488286e-03  -2.4839371e-03  -1.1447280e-03
   8.5589265e-04   3.2179015e-01  -8.6932271e-02  -4.0274953e-03  -2.6693048e-03  -1.0052123e-03
   8.6267876e-03   2.8521879e-01  -7.4860784e-02  -4.4913476e-03  -3.0040654e-03  -9.1343116e-04
   1.4299959e-02   2.8616344e-01  -9.5260049e-02  -3.7758534e-03  -3.0086167e-03  -9.1392757e-04
   1.3497264e-02   3.4906201e-01  -7.1945184e-02  -3.9900348e-03  -3.0177910e-03  -7.7656538e-04
   6.4578407e-03   3.4165487e-01  -4.2457567e-02  -3.7668155e-03  -3.2777124e-03  -6.4192811e-04
   1.7495842e-02   3.2867965e-01  -4.5817297e-02  -4.3309600e-03  -3.3636921e-03  -7.8674401e-04
   2.0644314e-02   3.3358108e-01  -3.4934603e-02  -3.7915100e-03  -3.1740068e-03  -7.9423980e-04
   2.6169618e-02   2.9657922e-01  -6.0023657e-02  -3.8439097e-03  -3.1402549e-03  -7.4238831e-04
   3.7721222e-02   3.1628296e-01  -4.3808958e-02  -3.9570475e-03  -3.2245195e-03  -6.6157217e-04
   4.4788095e-02   3.1623661e-01  -4.1232412e-02  -3.6015319e-03  -3.2242219e-03  -5.7694036e-04
   4.2657566e-02   3.3003059e-01  -7.9433402e-03  -4.4961073e-03  -3.8844995e-03  -7.0396622e-04
   3.2480784e-02   3.0940748e-01   1.3904421e-02  -4.1918017e-03  -4.2933000e-03  -1.8522075e-04
   4.7592871e-02   3.0409850e-01  -1.2184028e-02  -3.8736658e-03  -4.2449569e-03  -2.6859958e-04
   4.5988876e-02   3.5231384e-01  -2.5789827e-02  -4.2414822e-03  -4.2467579e-03  -3.7997474e-04
   4.8037455e-02   3.4487022e-01  -1.8686345e-03  -3.6952237e-03  -3.9497549e-03  -3.1765006e-04
   4.5995407e-02   3.1355808e-01   4.3511748e-03  -3.8332213e-03  -4.2169135e-03  -2.2149546e-04
   5.2490725e-02   2.5431969e-01  -7.0337699e-03  -3.8582807e-03  -4.3756704e-03  -1.2085827e-04
   5.2064318e-02   3.2213478e-01  -7.2690445e-03  -3.5423903e-03  -4.1954831e-03  -2.4247176e-04
   5.6575739e-02   3.0267890e-01  -6.5551903e-03  -3.3630185e-03  -4.1016653e-03  -2.3719893e-04
   5.9790742e-02   3.6160949e-01  -3.2018478e-02  -3.5863928e-03  -4.1210830e-03  -2.1383326e-04
   4.8932982e-02   3.5932405e-01  -1.6571740e-02  -3.1039621e-03  -3.9543535e-03  -7.0276652e-05
   4.4330488e-02   2.9394590e-01  -5.1759479e-02  -3.3261943e-03  -4.0455671e-03  -1.5038810e-04
   4.3330152e-02   3.1253483e-01  -1.7002896e-02  -3.8165709e-03  -4.0806998e-03  -3.1859948e-04
   4.2823159e-02   2.8290602e-01  -2.5844807e-02  -2.8984021e-03  -4.2319264e-03  -3.5868326e-04
   4.3974740e-02   3.6027050e-01  -3.6532072e-02  -3.8793830e-03  -4.1555243e-03  -3.9387895e-04
   4.1898357e-02   3.9904705e-01  -5.2610172e-02  -3.8030266e-03  -4.2181734e-03  -4.5601477e-04
   4.5986728e-02   2.9635695e-01  -3.0583225e-02  -3.8114023e-03  -4.3550751e-03  -3.5204888e-04
   5.2978440e-02   3.7484864e-01  -6.0444570e-02  -3.7679351e-03  -4.3040319e-03  -4.3561251e-04
   4.4943284e-02   3.5791703e-01  -3.6443366e-02  -3.3437280e-03  -4.4984826e-03  -4.7338964e-04
   4.0446269e-02   3.7932553e-01  -4.1685116e-02  -4.0487438e-03  -4.4726391e-03  -5.2781943e-04
   4.0216401e-02   3.6322997e-01  -3.9282301e-02  -3.6208167e-03  -4.1749682e-03  -4.4934367e-04
   4.2010181e-02   3.2828598e-01  -5.6741120e-02  -3.7066931e-03  -4.0548170e-03  -6.7273078e-04
   4.3935043e-02   3.6759582e-01  -5.0562514e-02  -3.8075677e-03  -4.3363187e-03  -5.8375123e-04
   4.8214578e-02   3.5486869e-01  -3.2956846e-02  -3.7523607e-03  -4.2709062e-03  -5.8869756e-04
   4.2729131e-02   3.4743008e-01  -3.8912569e-02  -3.8949799e-03  -4.2987548e-03  -4.9104668e-04
   3.9976053e-02   3.3780315e-01  -3.3196713e-02  -3.4111801e-03  -4.3231143e-03  -5.0944022e-04
   3.2635216e-02   3.1915812e-01  -7.5819021e-03  -3.9413130e-03  -4.2749485e-03  -5.4632744e-04
   2.9379568e-02   3.8625474e-01  -3.9241290e-02  -3.8949332e-03  -4.0884126e-03  -5.8845490e-04
   2.7655734e-02   3.5232116e-01  -1.2147416e-02  -3.6257725e-03  -4.1307612e-03  -7.1034634e-04
   3.4846009e-02   2.5616210e-01  -1.5246305e-02  -3.8159054e-03  -4.0970130e-03  -5.8831827e-04
   2.4797514e-02   2.9446158e-01  -1.8543354e-02  -3.8449319e-03  -4.1262395e-03  -5.8335782e-04
   2.3352432e-02   3.2326192e-01  -6.2816884e-03  -3.5888181e-03  -3.9214865e-03  -5.7605172e-04
   2.2687993e-02   3.4188356e-01  -1.6944779e-02  -3.8914035e-03  -4.0057137e-03  -5.7651935e-04
   1.6194753e-02   3.2498556e-01  -1.4804730e-02  -3.8162911e-03  -3.7632383e-03  -6.2874691e-04
   1.9975588e-02   2.9546930e-01  -2.0152625e-02  -3.7872422e-03  -3.8295116e-03  -6.6960488e-04
   2.0920248e-02   3.5143675e-01  -1.7202413e-02  -4.0621975e-03  -3.9600670e-03  -6.7058690e-04
   1.4894611e-02   3.7108807e-01  -1.6158264e-02  -3.8660701e-03  -3.7771758e-03  -6.7092305e-04
   1.0401837e-02   3.4494170e-01   1.0462534e-02  -3.3823391e-03  -3.6593642e-03  -6.6527600e-04
   1.5340298e-02   3.0048083e-01  -1.0498053e-02  -3.3538600e-03  -3.7905459e-03  -5.1570058e-04
   1.5120407e-02   3.2902515e-01  -2.0319889e-02  -3.6844416e-03  -3.5807759e-03  -4.9193496e-04
   1.4648552e-02   3.3857388e-01  -8.5190478e-03  -3.0424120e-03  -3.8154571e-03  -5.9276724e-04
   1.7220869e-02   2.7966918e-01  -3.7785381e-03  -3.3344869e-03  -3.8755880e-03  -5.5438790e-04
   1.9239186e-02   3.7807220e-01  -1.0841927e-02  -3.5135706e-03  -3.9638004e-03  -7.3261722e-04
   2.1688674e-02   2.1982324e-01   6.0537484e-02  -3.5617086e-03  -4.5028392e-03  -4.7145667e-04
   1.0897141e-02   3.3190784e-01   3.3866786e-02  -3.5651488e-03  -4.2691810e-03  -5.2998436e-04
   6.0054392e-03   3.8857799e-01  -7.6522861e-04  -3.0954077e-03  -4.5091750e-03  -5.6353890e-04
   2.0183060e-02   3.4554871e-01  -8.0255320e-03  -3.4302093e-03  -4.6593642e-03  -5.3640305e-04
   1.4970229e-02   4.1988562e-01   7.1120762e-03  -3.0441578e-03  -4.4130605e-03  -4.9108844e-04
   1.9591363e-02   3.8986767e-01   4.9553981e-03  -3.2992102e-03  -4.1962916e-03  -5.8160640e-04
   2.4888827e-02   4.1817758e-01   4.3868758e-03  -3.3916679e-03  -4.4007232e-03  -6.1212620e-04
   1.6141287e-02   4.4426315e-01   3.8695473e-02  -3.7818698e-03  -4.6793046e-03  -4.6271054e-04
   1.7356792e-02   3.5230642e-01   4.6004245e-03  -4.1936372e-03  -4.5745415e-03  -5.7575251e-04
   1.9546072e-02   3.5769986e-01   5.5049704e-03  -4.1197070e-03  -4.7413882e-03  -7.7493896e-04
   1.5061426e-02   3.9250352e-01  -1.4910291e-02  -4.3575718e-03  -4.8555983e-03  -9.1910013e-04
   2.7889743e-03   4.0762094e-01   1.9575051e-02  -4.0617427e-03  -4.8609886e-03  -8.6007348e-04
   3.6609105e-03   3.3177083e-01   8.6754792e-03  -3.9493169e-03  -5.0330415e-03  -8.0280508e-04
   4.8965271e-03   4.3237892e-01  -9.9842891e-03  -4.1663339e-03  -5.1168561e-03  -8.1205984e-04
  -5.5961613e-03   5.0426620e-01  -1.2841480e-02  -4.1941460e-03  -5.0784925e-03  -9.0675707e-04
  -6.2715675e-03   4.2047307e-01  -8.4661050e-04  -3.7666898e-03  -5.1599724e-03  -7.9130683e-04
  -1.1824264e-02   4.1322608e-01  -8.5488987e-03  -3.9613940e-03  -5.1561271e-03  -7.0414890e-04
  -4.4703201e-03   4.2927694e-01  -1.1968347e-03  -3.7869906e-03  -5.1461392e-03  -5.6982131e-04
  -3.0573693e-03   4.3825993e-01  -2.2871275e-02  -3.9280387e-03  -4.9045041e-03  -8.8157304e-04
  -5.0528543e-03   4.5079567e-01  -9.6636055e-03  -4.2741399e-03  -5.2095357e-03  -1.0528963e-03
  -1.0587781e-04   4.0893001e-01   6.6743125e-03  -4.0654879e-03  -5.1019167e-03  -7.5699929e-04
   9.0937922e-04   4.1616418e-01   4.3654206e-03  -4.0440768e-03  -5.0598750e-03  -7.2921783e-04
   6.0113342e-03   3.9562448e-01  -2.1684123e-02  -3.8617265e-03  -5.1726244e-03  -6.8943609e-04
   8.1539254e-03   4.1362101e-01  -2.7157908e-02  -4.0950483e-03  -5.0739356e-03  -7.5251823e-04
   5.6236490e-04   4.3087992e-01  -2.1316454e-02  -3.8044874e-03  -5.1359895e-03  -7.2253129e-04
  -1.5295611e-03   4.6414672e-01  -9.7085483e-03  -3.8392030e-03  -5.2674675e-03  -7.5973577e-04
  -8.6506714e-03   4.3685409e-01  -1.3308965e-02  -4.1019492e-03  -4.9916214e-03  -8.5877268e-04
  -6.6499563e-04   4.0573585e-01  -1.4438455e-02  -4.3524120e-03  -5.1594160e-03  -8.3746131e-04
  -1.2066961e-03   4.3090055e-01   2.8063559e-03  -3.7516827e-03  -5.2019892e-03  -8.7406418e-04
   6.2582701e-05   4.3076011e-01   2.8649887e-03  -3.5802314e-03  -5.3160579e-03  -7.5708782e-04
   4.0111136e-04   4.4355891e-01  -2.4915129e-02  -4.0132539e-03  -5.2371377e-03  -9.5788015e-04
   7.2623150e-03   4.3846803e-01  -1.7395817e-03  -4.0776373e-03  -4.9312647e-03  -8.4361295e-04
   1.3449575e-02   3.9415458e-01   1.8635593e-02  -3.7654456e-03  -4.7581068e-03  -7.4849004e-04
   2.1892221e-02   3.9192500e-01   2.1367598e-02  -4.4388316e-03  -5.1350497e-03  -6.7216418e-04
   1.5892236e-02   4.6386845e-01   2.6038034e-02  -3.9467978e-03  -5.0766592e-03  -6.4117437e-04
   9.4817241e-03   3.6703994e-01   2.3983789e-02  -4.1884238e-03  -5.0438935e-03  -6.7655303e-04
   2.8568589e-03   4.5249369e-01  -6.9475360e-03  -4.4292002e-03  -5.1424363e-03  -8.5812255e-04
   3.0362176e-03   4.5244061e-01   3.0214744e-03  -4.3898953e-03  -4.9815843e-03  -7.9879673e-04
   6.6858949e-03   4.8942436e-01   2.2338914e-02  -4.0932695e-03  -4.9946404e-03  -7.7565643e-04
   1.1017906e-02   4.4824262e-01   1.2555318e-02  -4.4595848e-03  -5.0251923e-03  -5.9595833e-04
   4.7462329e-03   4.4087843e-01   8.8549352e-03  -4.3554763e-03  -4.9129976e-03  -4.5237496e-04
   1.1186830e-02   3.8440854e-01   2.3457843e-02  -3.9150585e-03  -4.9894535e-03  -5.3779611e-04
   1.4457250e-02   4.1801763e-01   1.3732399e-02  -4.1436792e-03  -4.8768617e-03  -4.6051659e-04
   1.5914739e-02   4.3703375e-01   2.6151774e-03  -4.3853472e-03  -4.9621413e-03  -4.7839675e-04
   2.2468891e-02   4.8382243e-01   9.5539576e-03  -4.4076820e-03  -5.0168805e-03  -5.5362247e-04
   1.8630854e-02   4.3093328e-01   2.2778323e-02  -4.4080101e-03  -5.0459912e-03  -5.5326041e-04
   2.6980513e-02   4.2826581e-01   1.3000003e-02  -4.2958062e-03  -5.1998644e-03  -5.8239262e-04
   2.3830539e-02   4.5011969e-01   1.6068963e-02  -4.2026182e-03  -5.2273112e-03  -4.9755727e-04
   3.2551490e-02   5.2489468e-01  -2.3672797e-03  -4.5727081e-03  -5.4872002e-03  -6.4167974e-04
   9.4116892e-03   5.3506924e-01   2.5648977e-02  -4.1727014e-03  -5.0057415e-03  -5.6767828e-04
   1.1282805e-02   3.8110363e-01   2.2527264e-02  -3.7148385e-03  -5.1693724e-03  -5.2516404e-04
   1.0242017e-02   5.0429782e-01   2.0110033e-02  -4.2092068e-03  -4.9190680e-03  -6.5738695e-04
   1.9492453e-02   4.8578239e-01   3.2029996e-02  -3.8567555e-03  -5.2060041e-03  -4.1527247e-04
   2.8320426e-02   4.7929535e-01   2.7869064e-02  -3.8192556e-03  -5.3283448e-03  -6.4261189e-04
