   0.0000000e+00   0.0000000e+00   0.0000000e+00   0.0000000e+00   0.0000000e+00   0.0000000e+00
   5.7596925e-03  -1.6244325e-01   2.3446236e-02  -1.5945089e-04   1.5846175e-04  -2.5707704e-05
   1.2522013e-02  -1.1210375e-01  -7.2865506e-03  -3.2439675e-05   2.3458337e-04   9.8647219e-05
  -1.3573796e-03  -3.8170258e-02  -3.8328558e-02   1.7427328e-04   6.9272603e-05   1.0289102e-04
   1.5159203e-02  -1.3168939e-01   2.9795961e-02  -1.3092681e-03   3.0635607e-05   1.5938086e-04
   1.3447971e-02  -7.1834229e-02  -2.4857665e-02  -9.0130660e-04  -3.0505092e-05   1.4954240e-04
   1.7912993e-02  -7.3881026e-02  -7.8063927e-02  -1.3058080e-04  -7.0034983e-05   1.2408193e-04
   2.2877690e-02  -3.2408963e-02  -4.7356222e-02  -1.0163867e-03  -5.6383123e-05   1.7519261e-04
   2.2543430e-02  -5.9999211e-02  -4.7277906e-02  -1.0144620e-03  -3.8165721e-05   1.6273738e-04
   3.2735166e-02  -7.7937084e-02  -8.0777263e-02  -6.5519097e-04  -1.7102126e-04   1.7997851e-04
   5.3766615e-02  -1.4854585e-01   2.2048465e-02  -1.5288422e-03  -4.2978710e-04   8.2008043e-05
   4.0704245e-02  -4.0096627e-02  -6.7628620e-02  -6.1351645e-04  -4.1396102e-04   1.4239484e-04
   4.6360439e-02  -1.1145369e-03  -4.0780558e-02  -7.8725837e-04  -5.2752760e-04   2.3634944e-04
   5.8624539e-02  -1.6701996e-01  -1.7569261e-02  -1.6066840e-03  -5.4327362e-04   1.4867042e-04
   4.8819781e-02   9.5513684e-03  -1.0999658e-01  -3.9651928e-04  -5.7217319e-04   1.9249175e-04
   5.1391864e-02  -4.2504775e-02  -1.1099601e-01  -7.9789133e-04  -5.2529443e-04   5.8588658e-05
   6.0731655e-02  -1.1002854e-01  -3.0289970e-02  -6.5540113e-04  -5.3427830e-04   9.0663642e-05
   4.8934587e-02  -5.5058228e-02  -1.1835936e-01  -8.8264934e-04  -5.4251796e-04   1.1542020e-04
   4.2279371e-02  -2.9770579e-02  -1.4006534e-01  -4.3362565e-04  -5.6866896e-04   1.5485153e-04
   6.4490429e-02  -1.0715962e-01  -4.3316020e-02  -1.3917780e-03  -8.7617838e-04   1.7423238e-04
   5.9983881e-02  -1.7579242e-02  -5.9692738e-02  -1.0980125e-03  -6.9158406e-04   2.1235082e-04
   4.9690122e-02  -6.3840761e-02  -1.1043926e-01  -5.1372573e-05  -6.5423607e-04   3.0071060e-04
   7.0732918e-02  -1.0279322e-01  -5.5877349e-02  -1.3013717e-03  -7.3879836e-04   3.5655230e-04
   6.7756619e-02  -1.4170161e-01   2.3759844e-04  -1.3200777e-03  -6.3995417e-04   2.5095105e-05
   5.0775538e-02   1.7308970e-03  -4.5584090e-02   9.4925560e-05  -7.7426326e-04   1.2802374e-04
   3.7425959e-02   5.2808525e-03  -1.0577407e-01  -3.0561527e-04  -3.9378452e-04   2.0285328e-04
   3.9997647e-02  -3.3225780e-02  -8.4893633e-02  -7.9348594e-04  -3.1567575e-04   1.6036198e-04
   4.0898993e-02  -5.7797383e-02  -9.4484865e-02  -7.2115127e-04  -5.6679021e-04   1.0359039e-04
   3.4572918e-02  -8.6588953e-02  -1.1302622e-01  -6.0231169e-04  -5.5954859e-04   3.8960587e-05
   4.3778449e-02  -3.8449372e-02  -6.1966182e-02  -1.5359355e-03  -5.0216770e-04   8.8445904e-05
   5.2557059e-02  -1.5142579e-01  -1.3535242e-02  -2.0142844e-03  -6.1159583e-04   2.7050207e-05
   3.4927819e-02  -6.2606309e-02  -1.5406067e-02  -1.2434876e-03  -9.3955920e-04   3.0201588e-05
   3.6430343e-02   2.7758954e-02  -4.9382499e-02  -1.2973569e-03  -1.2059239e-03  -4.6924455e-05
   3.5159195e-02  -4.2382369e-02  -6.8043709e-02  -1.2857013e-03  -1.1097965e-03  -1.3933439e-04
   5.0927944e-02  -7.3852468e-02   2.0552807e-03  -1.8561412e-03  -1.3887067e-03  -9.5565991e-05
   2.2588910e-02  -1.0119569e-01  -2.7607214e-02  -1.7361865e-03  -1.0824528e-03  -3.0530601e-04
   5.9439275e-03  -1.6204694e-02  -6.6151520e-02  -1.0040731e-03  -1.0921277e-03  -1.7906863e-04
   9.0302452e-03  -1.8888748e-02  -5.2979594e-02  -1.9325228e-03  -1.2274432e-03  -2.2828208e-04
   2.1984121e-02  -8.6153634e-02  -7.6049134e-03  -2.5811067e-03  -1.5058005e-03  -3.4455788e-04
   8.7388887e-03   2.9185127e-03  -7.1306059e-02  -1.3591088e-03  -1.6479101e-03  -3.1464519e-04
   1.2323915e-02   9.0447644e-03  -6.5748192e-02  -1.9497074e-03  -1.7502715e-03  -4.3887288e-04
   1.1070895e-02  -2.3456517e-02  -8.3828155e-02  -1.7698218e-03  -2.0321901e-03  -4.2798738e-04
   1.1150742e-02  -1.5984277e-02  -8.5586272e-02  -1.7974112e-03  -1.8986562e-03  -5.0287414e-04
   7.4492668e-03  -3.1453913e-02  -9.2866504e-02  -1.8923636e-03  -2.0576252e-03  -5.3784733e-04
   1.6484671e-02   3.1902464e-02  -1.1849184e-01  -1.9794638e-03  -2.3206687e-03  -6.5620814e-04
   1.9538368e-02  -8.8403029e-03  -7.9175017e-02  -1.9659204e-03  -2.3929418e-03  -6.9189992e-04
   2.7527027e-02   1.9252566e-02  -9.9031774e-02  -1.9566101e-03  -2.5689389e-03  -7.3189369e-04
   2.8616786e-02  -4.9704586e-02  -4.7629057e-02  -1.6138637e-03  -2.6397678e-03  -7.8890888e-04
   2.4203252e-02   4.4414244e-03  -9.1944015e-02  -1.4947006e-03  -2.7771478e-03  -8.1042255e-04
   2.6804271e-02   2.2954389e-02  -7.7315812e-02  -1.2458257e-03  -2.7639668e-03  -8.7793034e-04
   1.6609205e-02  -3.9707790e-02  -1.2632781e-01  -1.0573233e-03  -2.6838387e-03  -9.4303951e-04
   1.8916684e-02  -4.7086821e-03  -1.0444655e-01  -9.6279573e-04  -2.7495188e-03  -9.7820623e-04
   1.7627293e-02  -3.0261913e-02  -9.4492573e-02  -1.1772848e-03  -2.5823543e-03  -9.3616580e-04
   2.3371814e-02   4.0910990e-02  -9.1520740e-02  -1.4582504e-03  -2.7214892e-03  -9.0096126e-04
   2.1799752e-02   1.3542278e-02  -1.2468509e-01  -2.4288343e-04  -2.8883776e-03  -8.2236922e-04
   4.8295181e-02  -1.0918990e-01  -5.7776315e-02  -2.4389149e-03  -2.6343855e-03  -8.6313571e-04
   3.0633210e-02  -2.9435987e-02  -8.1013335e-02   4.9624695e-06  -2.5975427e-03  -7.5251460e-04
   1.9663060e-02  -3.4714927e-02  -4.5135130e-02  -2.4441138e-04  -2.4574733e-03  -9.1713936e-04
   2.5977993e-02  -6.1968360e-02  -6.7551379e-02   1.2863348e-04  -2.5551552e-03  -7.9384751e-04
   1.6536487e-02  -1.1356171e-02  -5.5904316e-02  -2.0925455e-04  -2.7496490e-03  -8.6611286e-04
   6.7495434e-03  -1.0899752e-01   2.2410848e-02  -1.1000014e-03  -2.6655345e-03  -1.0878875e-03
  -6.9155594e-03  -5.8616839e-02   1.8499935e-02  -2.1694101e-04  -2.9691423e-03  -9.5956252e-04
  -2.3445064e-02  -4.8649958e-02  -4.2949449e-03   8.1069370e-04  -2.8681352e-03  -1.0268551e-03
  -1.9398624e-02  -1.2935284e-01   5.3737056e-02  -5.7322147e-04  -2.7486879e-03  -1.0765961e-03
  -1.8143470e-02  -1.6336231e-02   1.2933006e-02   1.4526473e-04  -2.7843607e-03  -1.0169697e-03
  -9.9753644e-03  -2.6191618e-02   2.8573304e-02  -1.5316525e-04  -2.7937081e-03  -1.0163798e-03
  -1.4341833e-02  -1.1741078e-01   4.3966826e-02  -4.1369174e-04  -2.6627713e-03  -1.1355564e-03
  -2.8496016e-02  -5.2136777e-02   4.0028686e-02  -8.0077173e-05  -2.7266418e-03  -1.1017355e-03
  -3.2140247e-02  -1.9295061e-02   1.3847541e-02  -5.1811917e-04  -2.3706165e-03  -1.1634716e-03
  -6.8493822e-03  -1.1722874e-01   9.6766411e-02  -8.1900640e-04  -2.5820286e-03  -1.0731612e-03
  -1.5903511e-03  -1.9426326e-01   7.2762514e-02  -4.5735287e-04  -2.7639189e-03  -1.2121439e-03
  -1.4234417e-03  -6.8097948e-02   5.9162001e-03   6.2460016e-04  -3.1758381e-03  -1.2083775e-03
  -7.6349566e-03  -6.2564731e-02   9.4774233e-03   2.5777201e-04  -3.1429482e-03  -1.3297559e-03
  -1.0579903e-02  -8.6946914e-02   1.7114764e-02   4.7555976e-04  -3.1296595e-03  -1.3133464e-03
  -1.1711982e-02  -3.5301105e-03  -1.3939901e-02  -2.5854138e-05  -3.0807280e-03  -1.3754463e-03
  -1.6441763e-02  -7.7652373e-02   2.4187204e-02  -5.6732058e-04  -3.1645006e-03  -1.4307924e-03
  -1.9133409e-02  -2.3697011e-02  -6.8134428e-03   5.6951690e-06  -3.4842089e-03  -1.3907631e-03
  -2.2135328e-02  -5.9495767e-02   3.1630097e-02  -9.7924013e-04  -3.4454283e-03  -1.6398031e-03
  -1.8967778e-02  -5.7560936e-02   1.2036699e-03  -2.3092043e-04  -3.6748618e-03  -1.6398675e-03
  -1.6804801e-02  -2.0785417e-02   1.8867078e-02  -8.8196401e-04  -3.3737388e-03  -1.7222516e-03
  -1.7185563e-02  -2.5378084e-02  -1.1118437e-02  -6.4821425e-04  -3.2845905e-03  -1.8163263e-03
  -4.0628816e-03  -4.2637633e-02  -2.3337709e-02  -5.3851877e-04  -3.3872548e-03  -1.6542795e-03
  -1.5295020e-02  -6.1857867e-02  -2.4765583e-02  -8.3234402e-04  -3.2879722e-03  -1.8665050e-03
   1.0697721e-04  -8.7088345e-02  -3.4547764e-02  -7.4638542e-04  -3.4379735e-03  -1.8149164e-03
  -5.7362270e-03  -1.7578785e-02  -5.3906867e-02  -8.3858607e-04  -3.3294953e-03  -1.9429113e-03
  -8.8801589e-03  -2.7654449e-02   4.6634006e-04  -7.5431651e-04  -3.3650638e-03  -1.8638459e-03
  -4.0605218e-03  -1.0881701e-02  -3.7812274e-02  -9.4476709e-04  -3.5531000e-03  -2.0096255e-03
  -1.2935397e-02  -6.1340822e-02   2.3110188e-02  -1.2205987e-03  -3.3301868e-03  -1.8903033e-03
  -7.5036133e-03  -1.3050011e-01   2.0137018e-02  -1.2425043e-03  -3.4463454e-03  -2.0576243e-03
  -1.7198864e-02   9.0459583e-02  -1.2586349e-02   1.6168467e-04  -3.3488734e-03  -2.0591812e-03
  -2.2774703e-02   7.5353710e-04   6.1194260e-02  -6.5411359e-05  -3.4889013e-03  -1.9922919e-03
  -3.5612507e-02  -1.8197666e-02   3.9665088e-02   4.6603133e-04  -3.5140414e-03  -1.8296147e-03
  -3.5417749e-02  -2.8140772e-02   4.2012720e-02   5.7957992e-05  -3.4152509e-03  -1.7478677e-03
  -4.3841080e-02  -2.6912584e-02   6.0668601e-02  -2.1815943e-04  -3.2273721e-03  -1.8021812e-03
  -4.2404577e-02   1.3101700e-02   5.3813705e-02  -8.4949372e-04  -3.3424927e-03  -1.6985409e-03
  -4.0043413e-02  -4.1064826e-02   6.2333192e-02  -6.4622939e-04  -3.4097093e-03  -1.6261617e-03
  -4.0279542e-02  -1.2033689e-01   5.3588786e-02  -7.8620732e-04  -3.4100791e-03  -1.6827583e-03
  -4.5169285e-02  -6.2428951e-03   6.0375751e-02  -7.4430092e-04  -3.3643915e-03  -1.9355740e-03
  -5.1151712e-02  -4.7475318e-02   4.6852471e-02  -6.9442583e-04  -3.5935601e-03  -1.8154758e-03
  -4.6752325e-02  -3.5657543e-02   3.3586013e-02  -5.6448206e-04  -3.5321842e-03  -1.9597198e-03
  -3.6180822e-02  -1.1190201e-01   2.6610519e-02  -1.6770723e-04  -3.7361189e-03  -1.9606367e-03
  -4.3233887e-02  -6.2793191e-02  -4.3287787e-03  -4.7687545e-04  -3.6156682e-03  -2.0721420e-03
  -4.0896957e-02  -8.8960840e-02   1.5988848e-02  -7.9233276e-06  -3.5351201e-03  -1.9788960e-03
  -3.4763019e-02  -8.3473816e-02   1.1558137e-02  -2.2066751e-04  -3.6201778e-03  -2.2078936e-03
  -3.5126496e-02  -5.7546166e-02   2.0129021e-02   1.8217422e-04  -3.6382817e-03  -2.2047433e-03
  -2.5744914e-02  -4.5060970e-02   2.0475635e-02   4.0934806e-04  -3.6759756e-03  -2.2646149e-03
  -2.0595435e-02  -1.0442869e-01   4.0996241e-02   4.2119388e-04  -3.6336813e-03  -2.2730769e-03
  -2.4106839e-02  -6.1703213e-02   5.0136388e-02   4.7865551e-04  -3.6746873e-03  -2.3305792e-03
  -2.5867830e-02  -6.4135194e-02   5.0588740e-02   2.1503120e-04  -3.6469904e-03  -2.3199845e-03
  -1.8876251e-02  -7.7177982e-02   5.0006245e-02   3.7998425e-04  -3.7600457e-03  -2.3395483e-03
  -1.9508029e-02  -8.1834087e-02   9.5655309e-02   2.7802857e-04  -3.6092057e-03  -2.5010850e-03
  -2.0525656e-02  -3.4467294e-02   4.8875223e-02   6.6350414e-04  -3.7341041e-03  -2.3769997e-03
  -2.1118182e-02  -2.5591067e-02   5.0452307e-02   3.5387945e-04  -3.6832255e-03  -2.4341887e-03
  -3.3155067e-02  -7.9615350e-02   3.2932884e-02   1.1804941e-03  -3.8258080e-03  -2.6179767e-03
  -3.8107722e-02  -7.7088729e-02   4.5648289e-02   1.4704772e-03  -3.9236043e-03  -2.6015025e-03
  -3.5744342e-02  -1.2711664e-01   5.8589780e-02   1.0091566e-03  -3.8201908e-03  -2.4738342e-03
  -3.8678933e-02  -9.1896880e-02   5.2929400e-02   9.3324901e-04  -3.5641672e-03  -2.5592408e-03
  -3.5020205e-02  -7.9483179e-02   6.4964871e-02   1.7353825e-03  -3.5909236e-03  -2.4360806e-03
  -3.4395588e-02  -6.8629808e-02   5.0865007e-02   2.8443818e-04  -3.6214529e-03  -2.5386724e-03
  -2.9106194e-02  -9.7962272e-02   1.2261480e-01   8.0281410e-04  -3.6921142e-03  -2.5214354e-03
  -3.9252984e-02  -1.7116892e-01   1.7908551e-01   9.8765418e-04  -3.1354449e-03  -3.0499322e-03
  -3.9753301e-02  -2.9538935e-02   1.2457042e-01   2.4578475e-03  -3.5192066e-03  -2.7473545e-03
  -2.8533056e-02  -5.2994342e-02   1.6356358e-01   7.7408593e-04  -3.6331574e-03  -2.7565829e-03
  -4.1812879e-02  -1.0953621e-01   1.4526843e-01   1.5521695e-03  -3.5508997e-03  -2.5618445e-03
  -2.6763616e-02  -1.1142997e-01   1.7642473e-01   6.4490192e-04  -3.6772241e-03  -2.7537984e-03
  -3.5446433e-02  -8.5816366e-02   1.5686976e-01   1.0895014e-03  -3.6170806e-03  -2.6619042e-03
  -3.3680890e-02  -5.6188914e-02   1.4938760e-01   3.0963489e-04  -3.4964210e-03  -2.5824547e-03
  -3.7628719e-02  -8.5101765e-02   1.4998685e-01   8.8428771e-04  -3.6785533e-03  -2.5293675e-03
  -3.9217494e-02  -5.2729554e-02   1.2486839e-01   2.1864637e-04  -3.5777437e-03  -2.6050774e-03
  -3.9079797e-02  -3.3786697e-02   1.2360228e-01   5.3889184e-04  -3.6390404e-03  -2.5319944e-03
  -4.3136562e-02  -7.3887937e-02   1.1233407e-01   3.2759766e-04  -3.6964399e-03  -2.7341125e-03
  -5.5078712e-02  -3.5156491e-02   9.0243501e-02   9.6002795e-04  -3.4976488e-03  -2.6841060e-03
  -4.1923662e-02  -1.2150690e-01   1.0387970e-01   1.6615604e-04  -3.4870156e-03  -2.6440810e-03
  -5.6916632e-02   3.1003995e-03   6.7030977e-02   4.6147720e-04  -3.4290868e-03  -2.5564890e-03
  -5.3353107e-02  -9.8912821e-02   1.1892289e-01   1.2919520e-04  -3.1920238e-03  -2.8120679e-03
  -6.5575919e-02  -3.6297986e-02   4.1649433e-02   2.7044413e-04  -3.1846595e-03  -2.7870199e-03
  -5.8473971e-02  -3.2608222e-02   6.5255255e-02  -7.0032906e-05  -3.3350296e-03  -2.8356389e-03
  -7.0745597e-02  -4.2285087e-02   1.9763999e-02   2.7827840e-05  -3.2699541e-03  -2.8257252e-03
  -6.2023899e-02  -1.6023333e-02   2.8398486e-02  -5.3754889e-04  -3.3572691e-03  -2.8455524e-03
  -7.7929642e-02   2.5587128e-02   8.8333819e-03  -3.8673087e-05  -3.3089243e-03  -2.9405083e-03
  -7.5025284e-02  -1.0375139e-01   8.0209445e-02  -5.8287611e-04  -3.3110395e-03  -2.9979902e-03
  -8.7612142e-02  -3.6964891e-02   6.9480262e-02  -4.4843879e-04  -3.1992654e-03  -2.9976433e-03
  -8.1812342e-02  -6.8523341e-03   5.2285969e-02  -1.4352442e-04  -3.2939294e-03  -2.9183795e-03
  -8.6940408e-02  -5.6971864e-02   6.8280795e-02   2.5704613e-04  -3.1711698e-03  -2.9699890e-03
  -7.1882200e-02  -6.3615965e-02   8.2206993e-02   4.3607903e-04  -3.3574030e-03  -2.9271176e-03
  -8.0151949e-02  -4.8630154e-02   6.9301338e-02  -1.1801780e-04  -3.1584790e-03  -3.0171346e-03
  -8.1190532e-02  -9.0161920e-03   1.1196757e-01  -2.0867327e-04  -3.2167043e-03  -2.8978533e-03
  -8.7732687e-02  -4.4147888e-02   1.0726957e-01   2.5864193e-04  -3.1916679e-03  -2.9229440e-03
  -8.7491498e-02   1.6227348e-02   1.0121773e-01   6.1583119e-04  -3.3198932e-03  -2.9042105e-03
  -8.7779987e-02  -1.3533864e-01   1.5463005e-01  -5.1014339e-04  -3.2390035e-03  -3.1906684e-03
  -1.0703400e-01  -6.5582236e-02   1.0879699e-01  -1.0695166e-05  -3.3841046e-03  -3.1692859e-03
  -1.0883535e-01   6.7758386e-03   1.3489168e-01   1.5166018e-03  -3.5144211e-03  -3.1463956e-03
  -1.0705171e-01  -5.7667527e-02   1.6130116e-01   1.1176220e-03  -3.5638433e-03  -3.2169776e-03
  -1.1694841e-01  -3.7422344e-02   1.3505251e-01   1.0360469e-03  -3.3487096e-03  -3.3884147e-03
  -1.1994111e-01  -5.8061607e-02   1.4658997e-01   6.8863178e-04  -3.2413663e-03  -3.4183151e-03
  -1.3105962e-01  -8.9185611e-02   1.1765886e-01   1.4110120e-03  -3.3027915e-03  -3.2713029e-03
  -1.2512212e-01  -2.4647836e-02   1.2383133e-01   1.0625277e-03  -3.3580043e-03  -3.3137268e-03
  -1.1988714e-01  -6.4262310e-02   1.5437729e-01   8.8693943e-04  -3.3997303e-03  -3.4335946e-03
  -1.0529736e-01  -6.8090835e-02   1.1093558e-01   8.7075242e-04  -3.5810893e-03  -3.4336420e-03
  -1.0344347e-01  -2.1963071e-02   1.0629040e-01   1.0521557e-03  -3.5870332e-03  -3.4512322e-03
  -1.0639677e-01  -7.7317265e-02   8.0921281e-02   9.6641017e-04  -3.4330077e-03  -3.3737520e-03
  -9.9667820e-02  -3.9096511e-02   8.5031773e-02   1.1842808e-03  -3.7457815e-03  -3.5324528e-03
  -1.0449391e-01  -7.7316585e-02   7.2627966e-02   6.1788363e-04  -3.4320491e-03  -3.6297402e-03
  -9.2102578e-02  -2.9225025e-02   6.8264395e-02   1.1878416e-03  -3.5495347e-03  -3.5657574e-03
  -9.9276408e-02  -3.7057636e-02   7.0217283e-02   1.0169474e-03  -3.5035124e-03  -3.6805348e-03
  -1.0029643e-01   2.1746984e-02   4.3309988e-02   8.5328936e-04  -3.6124844e-03  -3.6549443e-03
  -9.4399342e-02  -6.3298551e-02   8.6537962e-02   3.8662618e-04  -3.5270864e-03  -3.8002889e-03
  -8.5862813e-02  -2.6591227e-02   8.5164708e-02   2.9214814e-04  -3.9496403e-03  -3.6888748e-03
  -9.9656748e-02  -1.1531189e-02   6.1633112e-02   4.5894564e-04  -3.6123039e-03  -3.6882770e-03
  -9.8611242e-02   1.3135122e-03   5.9018598e-02   7.1193317e-04  -3.4999129e-03  -3.7761943e-03
  -9.9833304e-02  -3.4304123e-02   4.2090461e-02   6.7715484e-04  -3.7417655e-03  -3.7432225e-03
  -1.0587148e-01  -3.6500776e-02   4.3630409e-02   2.9669936e-04  -3.5455258e-03  -3.8521839e-03
  -1.0505769e-01  -4.1209014e-02   5.5621338e-02   6.2780653e-04  -3.6547094e-03  -3.8799344e-03
  -9.8266374e-02  -2.5857796e-03   4.1621400e-02   4.9735519e-05  -3.4953791e-03  -3.8804265e-03
  -9.7275704e-02  -9.0825874e-03   5.5630381e-02   3.0338862e-04  -3.5012476e-03  -3.8523717e-03
  -8.6029609e-02  -3.1465915e-02   5.3653592e-02   3.7846891e-04  -3.8863253e-03  -3.9286012e-03
  -9.5429195e-02   3.5665661e-03   6.3730634e-02   6.5862266e-04  -3.7914294e-03  -3.9309583e-03
  -9.7686339e-02  -1.8258418e-02   5.3138600e-02   5.1340356e-04  -3.7476490e-03  -3.9304247e-03
  -1.0082937e-01  -2.8644983e-04   5.5909334e-02  -1.0873783e-04  -3.4685209e-03  -4.1202498e-03
  -1.0815431e-01  -2.5452578e-02   6.4291968e-02   5.8526932e-04  -3.7481160e-03  -4.0916435e-03
  -1.0847049e-01  -1.6683542e-02   1.7522915e-02  -2.0138369e-04  -3.5678924e-03  -3.9208275e-03
  -1.0218634e-01   2.8399501e-02   3.7697593e-02  -1.6838618e-04  -3.6228685e-03  -3.8854484e-03
  -9.4286936e-02  -1.1564858e-02   3.4425494e-02  -2.6376150e-04  -3.7744455e-03  -4.0293447e-03
  -9.6842549e-02   3.7612932e-03   1.6933579e-02   4.9806971e-04  -3.8533580e-03  -4.2387744e-03
  -8.7684093e-02  -2.9209460e-02   4.2876231e-02  -2.7985008e-04  -3.7657505e-03  -4.2287122e-03
  -8.2212699e-02  -2.2258447e-02   8.4652232e-02   3.3177760e-04  -3.7531724e-03  -4.3106902e-03
  -8.7286293e-02  -4.2084320e-02   7.3977527e-02   1.2446533e-03  -4.0811446e-03  -4.3064077e-03
  -8.8299696e-02  -4.2746028e-04   9.4898843e-02   8.1344021e-04  -3.9979567e-03  -4.4387124e-03
  -9.3839679e-02  -3.9744625e-02   7.7732200e-02   1.3622007e-03  -4.2460031e-03  -4.3363334e-03
  -9.7671266e-02  -4.7211850e-02   8.9925902e-02   5.1143250e-04  -3.7442849e-03  -4.4412030e-03
  -9.7389155e-02  -5.0318691e-02   8.1397162e-02   1.2374951e-03  -4.1670515e-03  -4.3958165e-03
  -8.8574076e-02   1.9754073e-02   7.6662497e-02   5.0136615e-04  -4.2275788e-03  -4.3870944e-03
  -9.0854347e-02  -2.5392726e-02   8.8056447e-02   6.9026088e-04  -4.2284355e-03  -4.2754353e-03
  -8.5870580e-02   1.6857794e-02   5.9116748e-02   4.8642841e-04  -4.1754083e-03  -4.3492457e-03
  -8.3643039e-02   3.7344173e-03   7.6560376e-02   5.2423115e-04  -4.3846193e-03  -4.5411055e-03
  -8.6522253e-02  -4.6648307e-02   7.5308019e-02   9.1966993e-04  -4.3134647e-03  -4.5547486e-03
  -9.3326830e-02  -4.5207788e-02   7.1402966e-02   1.6035295e-03  -4.5176616e-03  -4.6212107e-03
  -8.8711176e-02  -4.0997249e-02   5.7036535e-02   1.2335741e-03  -4.5736490e-03  -4.6352154e-03
  -1.0175388e-01  -5.7553308e-02   4.3116516e-02   1.5303518e-03  -4.5366608e-03  -4.6478260e-03
  -1.0115536e-01  -2.2332352e-02   1.7116750e-02   8.6926130e-04  -4.4402191e-03  -4.6913396e-03
  -1.1064103e-01  -6.1948047e-03   2.0883075e-02   1.3520892e-03  -4.6208150e-03  -4.7841076e-03
  -1.0990290e-01  -1.0880583e-01   4.1919627e-02   6.2020853e-04  -4.4176843e-03  -4.8342277e-03
  -9.5237138e-02  -1.1163894e-01   1.1624719e-01   7.8984610e-04  -4.3623855e-03  -4.8698820e-03
  -1.0617270e-01   1.0394128e-02   2.6116582e-02   1.3969932e-03  -4.6722879e-03  -4.6644378e-03
  -1.0829188e-01  -1.3823626e-02   6.2415665e-02   1.3159085e-03  -4.5699078e-03  -4.7325365e-03
  -1.1708357e-01  -7.8216940e-02   4.7330398e-02   1.5790669e-03  -4.4803327e-03  -4.6875160e-03
  -1.1670289e-01  -8.0521393e-03   7.3012858e-02   1.8098857e-03  -4.4033518e-03  -4.6183500e-03
  -1.2275801e-01  -1.1697249e-02   4.1634015e-02   1.1727406e-03  -4.2357319e-03  -4.5543055e-03
  -1.2012252e-01  -4.7878925e-03   7.6466374e-02   1.2907824e-03  -4.3128072e-03  -4.4360975e-03
