   0.0000000e+00   0.0000000e+00   0.0000000e+00   0.0000000e+00   0.0000000e+00   0.0000000e+00
   2.1831676e-02  -9.5626579e-05   5.2571763e-02  -6.6959896e-04   4.9091266e-04  -4.6323060e-04
   3.9309011e-02  -6.6056464e-02   1.2573487e-01  -1.5654867e-03   3.0582142e-04  -5.8029916e-04
   3.4843805e-02  -1.9386379e-02   5.5701789e-02  -2.1211557e-03   6.0901613e-05  -4.8769124e-04
   3.6902856e-02  -7.0028114e-02   1.0146711e-01  -1.8543737e-03   6.7601170e-05  -4.3734192e-04
   4.1893230e-02  -5.9788129e-02   8.4677796e-02  -1.3101177e-03   2.6009248e-04  -4.4909003e-04
   5.2140670e-02  -2.1150206e-02   7.8930803e-02  -1.5586625e-03   2.0819458e-04  -5.2706336e-04
   4.3031565e-02  -3.2459558e-03   6.3831238e-02  -1.6264168e-03   2.9857303e-04  -4.5961011e-04
   4.6383291e-02   4.9303688e-03   8.5683510e-02  -1.4215293e-03   2.7931062e-04  -4.9203466e-04
   5.0209144e-02  -6.1228113e-03   3.8063946e-02  -2.3532752e-03   9.6193638e-05  -5.9257987e-04
   4.2227123e-02  -3.8475158e-02   7.1835385e-02  -2.2442507e-03   1.8802749e-04  -5.7557417e-04
   3.8865639e-02  -6.1884487e-02   3.3633495e-02  -1.7731977e-03   2.9413489e-04  -5.9206960e-04
   4.3839518e-02  -4.8369046e-02   4.7150247e-02  -1.6344056e-03   3.0863145e-04  -6.4173147e-04
   3.4474026e-02  -4.6422859e-02   5.1798734e-02  -1.5247234e-03   2.5579046e-04  -4.6261973e-04
   3.5397131e-02  -2.7280517e-02   3.8222892e-02  -1.7244313e-03   2.2866428e-04  -5.6294564e-04
   4.1628965e-02  -1.0329917e-03   3.5832199e-02  -2.0934792e-03   1.9950923e-04  -6.2621844e-04
   4.8431177e-02  -3.6862036e-02   5.2946484e-02  -1.8998062e-03   8.9561799e-05  -4.9639779e-04
   3.4669547e-02  -1.1420954e-01   8.5806038e-02  -1.6438353e-03   1.0175467e-04  -3.3424060e-04
   4.3826030e-02  -1.4741843e-02   4.8740173e-02  -2.2512719e-03  -3.9774644e-05  -3.8624961e-04
   3.8350373e-02  -9.2054510e-03   5.6465680e-02  -2.1318327e-03   1.4730827e-04  -4.1805053e-04
   4.1195757e-02  -3.5315743e-02   8.0411825e-02  -1.4835305e-03   2.7055005e-04  -3.9210824e-04
   4.2154096e-02  -1.5886707e-02   5.8900164e-02  -1.8208451e-03   3.1497700e-04  -4.7099431e-04
   3.7292937e-02  -2.1936172e-02   5.5536076e-02  -2.2503812e-03   7.1964805e-05  -5.1232177e-04
   4.1738553e-02  -1.3863885e-02   8.2661826e-02  -2.4638110e-03   1.7857167e-04  -4.9548930e-04
   3.5312460e-02  -5.8055818e-03   4.0601480e-02  -2.1822821e-03  -9.5712168e-06  -3.4152137e-04
   3.9522166e-02  -3.7864857e-02   4.3954861e-02  -2.5042482e-03   5.4787332e-05  -5.0938117e-04
   2.8820651e-02  -2.4532146e-02   8.1956197e-02  -2.2020204e-03   3.1131041e-04  -3.6560159e-04
   2.2793163e-02  -3.6422417e-02   3.4794217e-02  -1.9085569e-03   4.4431497e-04  -3.8547864e-04
   2.8511108e-02  -4.9556753e-02   4.5514038e-02  -2.4545760e-03   4.0523033e-04  -1.7292650e-04
   3.7753498e-02  -4.7814327e-02   8.4087521e-02  -2.2593547e-03   3.2154996e-04  -1.3605721e-04
   3.4785239e-02  -1.6953444e-02   6.0448600e-02  -2.5081165e-03   2.3568092e-04  -1.7157997e-04
   3.1853252e-02  -4.3126402e-02   7.2481237e-02  -2.2708275e-03   6.5866497e-04  -2.1976370e-04
   3.2024162e-02  -5.1154593e-02   7.3181302e-02  -1.9242086e-03   8.0567863e-04  -1.3025009e-04
   3.3688876e-02  -8.1679589e-03   2.8752571e-02  -2.1974410e-03   5.4961148e-04  -9.0881952e-05
   2.9468629e-02  -2.6578722e-02   2.9745828e-02  -2.3532786e-03   5.7908680e-04  -1.5915668e-04
   3.6567011e-02  -3.1879763e-02   3.7225633e-02  -2.0604482e-03   3.7926982e-04  -2.0977263e-05
   2.8152439e-02  -4.7731718e-02  -3.8423398e-03  -1.2201319e-03   6.6061230e-04  -2.3545442e-05
   2.3233442e-02  -3.7145117e-02   4.7147935e-03  -1.5403890e-03   8.7227435e-04  -9.0572809e-05
   2.4956109e-02   9.6378645e-03   4.7173553e-02  -2.0712169e-03   1.0488061e-03   2.9513706e-06
   3.7124383e-02   1.0325069e-02   2.9333353e-02  -1.9035030e-03   6.7745074e-04   1.3256287e-05
   3.8257894e-02   5.8296131e-03   1.5222515e-02  -1.5699313e-03   1.0834919e-03  -1.9289488e-04
   3.0861175e-02  -6.2880996e-02   3.8217531e-02  -1.5183733e-03   1.0555200e-03   6.3845325e-05
   3.1487109e-02  -3.1346546e-03   8.6570978e-03  -1.7322140e-03   1.0715978e-03   6.3351537e-05
   2.8431467e-02   2.2423935e-02   2.6492094e-02  -1.8317865e-03   8.6530638e-04  -6.9083257e-05
   2.2329643e-02  -3.9086358e-02   6.9645565e-02  -1.4415950e-03   1.0622599e-03   1.4876193e-04
   2.8660484e-02  -5.3112457e-02   7.5743980e-02  -1.2217109e-03   7.4617869e-04   4.1272116e-04
   2.8459213e-02  -5.9525774e-02   6.9328265e-02  -1.6448661e-03   8.9578939e-04   3.7189865e-04
   2.2986407e-02  -5.7847213e-02   7.4041931e-02  -1.4416472e-03   1.1752352e-03   4.1680985e-04
   3.7629100e-02   4.8434123e-03   8.0130604e-02  -1.4825062e-03   9.5955326e-04   5.8444584e-04
   4.5104555e-02   2.1919645e-02   4.2106612e-02  -1.4566051e-03   9.6930750e-04   5.8083612e-04
   3.6562623e-02  -1.5461050e-02   3.7682259e-02  -1.3824635e-03   1.1674928e-03   5.0824008e-04
   3.8017974e-02  -3.1606722e-02   6.7272584e-02  -1.2152507e-03   6.4507700e-04   6.0225356e-04
   3.7384012e-02  -4.5473590e-02   4.7871073e-02  -1.2792153e-03   6.5832104e-04   5.9770280e-04
   4.3531284e-02  -1.4045049e-02   3.4263360e-02  -1.1394810e-03   9.1219443e-04   5.2641384e-04
   3.6666010e-02  -2.5603548e-02   5.3051941e-02  -5.1592406e-04   1.0813758e-03   4.9885901e-04
   4.0364423e-02  -9.8671631e-03   1.9655381e-02  -9.1960743e-04   7.8493401e-04   5.4140311e-04
   3.5626284e-02  -2.4390735e-02   4.0862862e-02  -1.6619914e-03   9.6914235e-04   4.9230844e-04
   4.1999051e-02  -3.5678106e-02   4.9385336e-02  -1.4616288e-03   1.1001610e-03   6.2477574e-04
   3.3801335e-02  -3.6583436e-02   7.3538820e-02  -1.0294690e-03   6.4063620e-04   8.2577549e-04
   3.2466520e-02  -1.1230639e-02   5.9974390e-02  -1.5116179e-03   7.7022927e-04   7.6353786e-04
   3.2526854e-02   1.3881832e-02   3.6070124e-02  -1.7794415e-03   6.9478132e-04   5.6258797e-04
   2.3355983e-02  -1.6507225e-02   4.3685026e-02  -1.1343487e-03   6.8944825e-04   5.3364034e-04
   1.6735959e-02   3.8762187e-05   2.3174397e-02  -1.4150870e-03   8.4284748e-04   5.6385000e-04
   3.3620533e-02   4.9559171e-02   3.0350788e-02  -1.2572698e-03   8.7298358e-04   6.0431388e-04
   1.5241510e-02  -1.7620713e-02   3.6336793e-02  -1.0558310e-03   7.2450871e-04   7.1423136e-04
   2.7542387e-02  -2.2476385e-03   3.5837053e-02  -1.1822667e-03   6.1331309e-04   5.5035694e-04
   3.3761053e-02   1.1762599e-03   5.8749254e-02  -1.1371503e-03   7.2602295e-05   7.1330081e-04
   1.6600160e-02   3.0302153e-02   1.2653515e-02  -1.1751507e-03  -1.2541189e-03   1.1620414e-03
   1.2483811e-02  -5.5237739e-02   5.3473363e-02  -9.2047041e-04  -1.7174110e-03   1.6952563e-03
   2.3101585e-02   4.9294299e-02  -3.6072896e-03  -1.8670755e-04  -1.8105030e-03   2.0471439e-03
   3.4992623e-02   5.7830057e-02   2.1461306e-02   3.5750667e-04  -1.6579652e-03   2.0304274e-03
   3.0512542e-02   3.1715442e-02   7.5425428e-02   1.3396044e-03  -2.1580071e-03   2.1690020e-03
   3.2245090e-02   2.6044954e-02   8.0021550e-02   4.4353661e-04  -1.5983850e-03   2.1870717e-03
   4.4952345e-02   2.2257710e-02   6.9448432e-02   1.6086408e-04  -2.2193842e-03   2.5748800e-03
   3.2050593e-02  -1.3291283e-03   5.8534496e-02   5.7740613e-04  -2.3473462e-03   2.5189874e-03
   2.5593375e-02   3.1717679e-02   3.1744493e-02   3.8166520e-04  -2.2281841e-03   2.4355392e-03
   2.1182309e-02  -4.7522596e-03   4.0059659e-02   3.1611409e-04  -2.1783438e-03   2.4579557e-03
   1.5452518e-02  -8.7780706e-03   7.0165543e-02   2.8251765e-04  -2.3959218e-03   2.6983509e-03
   2.2005857e-02   4.4035842e-02   8.9404395e-02   4.3689476e-04  -3.0317020e-03   2.5271023e-03
   1.1432620e-02  -7.4577694e-02   2.0193483e-01   1.1619884e-03  -3.5904195e-03   2.6766063e-03
   5.4648498e-02   2.7331611e-02   7.1816137e-02   1.6197733e-03  -4.3279367e-03   2.1514884e-03
   6.5713124e-02   3.5081022e-03   1.2205556e-01   1.4484013e-03  -4.8389380e-03   1.6382640e-03
   4.0089216e-02  -6.8825996e-02   7.4799280e-02   1.3956383e-03  -4.4311936e-03   1.8815291e-03
   3.8134812e-02  -5.5913069e-02   9.4788216e-02   2.6044685e-03  -4.0062554e-03   1.9244238e-03
   4.2685864e-02  -1.9825710e-02   6.6424937e-02   1.9154964e-03  -4.2028464e-03   2.0522657e-03
   2.5597137e-02  -4.3393406e-02   7.8187008e-02   1.9729401e-03  -4.1508382e-03   2.3504609e-03
   1.8195717e-02  -3.4361126e-02   9.5833976e-02   1.5842791e-03  -3.8438399e-03   2.5659652e-03
   1.2862966e-02  -1.1485757e-03   1.0796203e-01   1.5088234e-03  -4.0326660e-03   2.6416082e-03
   1.4379496e-02  -4.6034523e-02   1.3377031e-01   1.1713278e-03  -3.8212618e-03   2.8604398e-03
   1.8732366e-02  -3.6398369e-02   1.0769563e-01   9.6981131e-04  -3.7869606e-03   2.6879721e-03
   2.4229611e-02  -3.4303847e-02   1.0923577e-01   8.4020181e-04  -3.6488264e-03   2.6944582e-03
   4.9774768e-02  -1.7877637e-02   1.1395156e-01   9.0149132e-04  -3.9418102e-03   2.7745452e-03
   3.7720733e-02   9.6027842e-03   9.8633147e-02   1.1336549e-03  -3.5491882e-03   2.9149792e-03
   1.9848214e-02  -2.7901300e-02   1.1963268e-01   7.4383288e-04  -3.7941285e-03   2.9439151e-03
   2.8893291e-02   7.5514129e-03   5.9964667e-02   7.5165666e-05  -3.6953004e-03   2.8818726e-03
   3.0087196e-02  -2.5823746e-02   6.1384481e-02   2.7193550e-04  -3.3896952e-03   2.9679545e-03
   5.3743637e-02  -2.2580932e-03   1.1303819e-01   5.7170133e-04  -3.6867792e-03   2.8485473e-03
   4.7792922e-02   2.9863434e-02   8.7494504e-02   5.8092098e-04  -3.5672621e-03   2.9694076e-03
   4.4799767e-02   1.9743466e-02   7.6318603e-02   9.8427633e-05  -3.7151603e-03   3.0810032e-03
   3.7636685e-02   3.5838102e-03   1.0308484e-01   6.6647582e-04  -3.4467734e-03   3.0894362e-03
   4.7097252e-02   3.9459051e-03   8.1975298e-02   2.8568999e-04  -3.3171568e-03   3.1078983e-03
   5.8332271e-02   3.0236295e-02   6.9403317e-02  -9.0705719e-05  -3.1587037e-03   3.1634008e-03
   6.2918037e-02  -1.9352420e-02   9.9320658e-02   2.2165316e-04  -3.4924516e-03   3.4359864e-03
   5.4657356e-02   3.1953054e-03   1.1820159e-01   3.0372636e-04  -3.3093700e-03   3.5629355e-03
   4.5465007e-02   3.0023961e-02   1.0648310e-01   2.1751071e-04  -3.4017713e-03   3.3421262e-03
   3.1994834e-02  -5.0353632e-02   7.5182094e-02  -6.0393387e-05  -3.2506377e-03   3.4880857e-03
   3.9172283e-02  -6.8849934e-04   7.1568611e-02  -6.2110125e-04  -3.2786449e-03   3.4863634e-03
   4.0731299e-02   3.7666052e-02   9.5271176e-02   2.0767532e-04  -3.2890728e-03   3.6183913e-03
   3.7077149e-02   3.9994080e-02   6.7962321e-02  -1.9465590e-04  -3.1412511e-03   3.3632780e-03
   2.2457111e-02  -1.6420079e-02   5.8369195e-02  -8.4334872e-04  -3.4075227e-03   3.4658891e-03
   2.0479446e-02  -3.2311069e-02   7.9446273e-02  -7.0461935e-04  -3.3050127e-03   3.6163273e-03
   3.6194984e-02   5.1992022e-02   5.1197483e-02  -3.3367884e-04  -3.0386487e-03   3.3590425e-03
   2.6762216e-02   1.3417892e-02   3.6978301e-02  -2.7591720e-04  -2.8587874e-03   3.4733871e-03
   3.3412459e-02   3.9282974e-03   6.5346280e-02  -1.5261294e-04  -2.7092746e-03   3.6071276e-03
   3.4542742e-02  -2.7422430e-02   7.5593839e-02  -3.9214272e-04  -2.8846798e-03   3.6300623e-03
   3.8198057e-02   9.5288423e-03   3.7893730e-02  -7.1170138e-04  -2.6234326e-03   3.4946512e-03
   4.4422606e-02  -1.9674411e-02   6.4001969e-02  -7.9641203e-04  -2.9773006e-03   3.5223230e-03
   2.7908410e-02  -3.0799486e-02   5.3206518e-02   1.2638299e-03  -2.5695941e-03   3.6005889e-03
   2.8865083e-02   4.1708657e-02   2.2656459e-02   2.2675028e-03  -2.5634998e-03   3.6472773e-03
   3.4478033e-02   4.7434576e-02   9.8291499e-03   8.3635928e-04  -2.4497588e-03   3.7350925e-03
   2.5133279e-02  -5.3717375e-03   7.7080338e-03  -2.8016911e-04  -3.6002640e-03   4.1375843e-03
   2.6086994e-02  -3.2070312e-02   1.9817085e-03  -1.0219494e-03  -3.4082858e-03   4.2254964e-03
   4.5683274e-02   5.6272678e-02  -7.4242545e-03   1.7474430e-04  -3.1202635e-03   4.2505890e-03
   4.2538246e-02   2.0425690e-02  -1.1299683e-02  -3.8941695e-04  -3.5129718e-03   4.1135221e-03
   4.4349375e-02   9.9619981e-02  -5.7766646e-02   6.2106679e-04  -3.2410287e-03   4.3106117e-03
   3.1810801e-02   6.8626977e-02  -2.3006323e-02   2.2377944e-03  -3.4367501e-03   4.1392983e-03
   3.0439304e-02   4.1474034e-02  -8.3020752e-02   9.1591075e-04  -3.0849697e-03   4.4680839e-03
   4.9464572e-02   9.1877880e-02  -2.5424544e-02   5.8269010e-04  -2.9909214e-03   4.4831413e-03
   2.2686553e-02  -1.4166334e-02  -2.9632404e-02   5.8535090e-04  -3.1273590e-03   4.5979461e-03
   3.9967678e-02   5.4014269e-02  -1.5758345e-01   1.5215004e-03  -4.9212289e-03   4.3398800e-03
   4.9155119e-02   6.9335334e-02  -1.1265023e-01   7.1196528e-04  -3.6754416e-03   4.2084715e-03
   3.8262921e-02   1.0526043e-01  -1.1954428e-01   5.5827691e-04  -4.3309436e-03   4.5793200e-03
   4.1748981e-02  -1.2462845e-03  -9.9407208e-03   8.6699789e-04  -3.9786878e-03   4.4598138e-03
   4.2833073e-02   9.8271666e-02  -1.1897709e-02   1.0497985e-03  -4.4983566e-03   3.8648292e-03
   2.9312946e-02  -4.4864156e-02   7.4781519e-02   5.0900556e-04  -5.1647501e-03   3.6455523e-03
   4.7269623e-02   5.2631156e-02  -5.7169263e-02   1.9169230e-03  -4.7251528e-03   3.8367988e-03
   4.6049988e-02  -1.1899073e-02   4.5863027e-02   3.5932279e-03  -5.6323380e-03   3.8716346e-03
   3.8542844e-02  -3.3473253e-02   3.8086118e-02   2.1473717e-03  -5.9876044e-03   3.5463617e-03
   2.3387126e-02  -6.7234394e-03   2.1618512e-02   2.3032445e-03  -5.8479378e-03   3.8428450e-03
   3.4266812e-02   6.1563413e-02   2.9967031e-02   1.8479370e-03  -5.6954317e-03   3.9130268e-03
   2.7510323e-02   8.1277372e-02   1.9805650e-02   1.6103239e-03  -6.2712029e-03   3.9826832e-03
   1.4922434e-02   4.7270516e-02   6.1569364e-03   2.2116398e-03  -6.0664743e-03   3.8458470e-03
   1.9383847e-02   6.1401610e-02  -2.9740258e-02   1.7441464e-03  -5.6220590e-03   3.8874685e-03
   1.3819245e-02   4.7505615e-02  -4.1157779e-02   1.8131179e-03  -5.2384260e-03   4.0534175e-03
   9.5784172e-03  -1.5018573e-02   7.6351596e-03   2.1424857e-03  -5.3506742e-03   4.2255681e-03
   1.4589075e-02   5.0676660e-02  -2.0284202e-02   1.0695830e-03  -5.8613699e-03   4.3713125e-03
   1.2510361e-02   7.7343466e-02   1.6161046e-02   1.2871180e-03  -5.9679972e-03   4.2519279e-03
  -6.0297982e-03   3.6361536e-02  -1.1748333e-02   8.8568225e-04  -5.7790204e-03   4.1797484e-03
  -9.1218979e-03  -8.0750664e-04  -1.2940629e-02   7.6232933e-04  -5.7365729e-03   4.1207447e-03
  -9.8674986e-03   3.9946764e-02  -1.1670883e-02   1.1596901e-03  -6.0063099e-03   4.3186573e-03
  -4.1136360e-03   4.5047233e-02  -4.2768031e-03   8.5848054e-04  -5.8027606e-03   4.1783783e-03
  -8.8917573e-03   1.6062494e-02  -4.2213607e-02   6.6814292e-04  -5.7216065e-03   4.0557406e-03
  -2.8206173e-03   3.9916319e-02  -2.7919368e-02   2.1717512e-04  -5.6794455e-03   4.0940595e-03
  -1.0782743e-02   1.4414426e-03  -3.4962528e-03   6.1699616e-04  -5.8634381e-03   4.2945120e-03
  -6.9326688e-03   1.8258596e-04  -1.2332322e-02   7.2934830e-04  -5.8798584e-03   4.0590977e-03
  -1.7398700e-03   4.9109709e-02  -2.3882458e-02   5.9100541e-04  -5.6847135e-03   4.1394432e-03
  -9.2027457e-03   1.7984221e-02   2.0238117e-02   6.3126160e-04  -6.0071180e-03   4.3160131e-03
  -7.3946070e-03   3.8533579e-03  -1.9648568e-02  -1.7642574e-04  -6.3436238e-03   4.3349338e-03
  -7.4559393e-03  -1.5986044e-02  -5.2235095e-03   8.6961636e-05  -5.8927558e-03   4.1070080e-03
   1.2711354e-02  -1.3688206e-02   5.4329744e-02   9.1031769e-04  -6.0425346e-03   4.0580476e-03
   1.3851366e-02  -1.0553338e-02   1.6029692e-02   4.9724183e-04  -6.2041326e-03   4.2367337e-03
   5.3886268e-03   6.5324565e-03  -3.2747645e-03  -6.5729269e-05  -6.2083076e-03   4.1360997e-03
   4.4046295e-04  -2.2135570e-02   3.1037181e-02   8.5524187e-04  -6.1693840e-03   4.1970592e-03
   1.9763604e-03  -2.4294207e-02  -1.5928862e-02   2.7627236e-04  -5.8606606e-03   4.3131448e-03
   1.5848660e-02   6.2064438e-02  -3.4793769e-02   4.1669584e-06  -5.6259884e-03   4.2233747e-03
   1.2449636e-02   4.4774919e-02  -1.9850563e-02  -1.0733176e-05  -5.6141207e-03   4.3865600e-03
   2.2540426e-02   2.1471690e-02  -1.9376998e-02   5.2691015e-04  -5.6574208e-03   4.4976504e-03
   3.3905576e-02   3.4661949e-02   2.2538149e-02  -4.5318247e-05  -6.0831679e-03   4.3961979e-03
   2.5078316e-02  -4.5149816e-02   5.3644545e-02   6.4843562e-04  -6.5151549e-03   4.3904289e-03
   2.3744479e-02  -1.1054169e-02   6.1147988e-03  -1.5735722e-04  -5.7136988e-03   4.4354068e-03
   3.1258070e-02   2.3577452e-02   3.1220217e-03  -2.6436674e-04  -5.2930601e-03   4.5378390e-03
   1.7000067e-02  -1.7831262e-02  -4.7650199e-03   3.3424103e-04  -5.6577934e-03   4.8223641e-03
   2.9839140e-02   2.1050058e-02   1.1031589e-02  -3.7056597e-04  -5.2646869e-03   4.4894630e-03
   2.8557111e-02   4.1270703e-02   4.4410649e-03  -9.3913310e-04  -5.2072393e-03   4.4476061e-03
   2.3049352e-02  -7.1158481e-04   2.7690593e-02  -3.0328467e-04  -5.4299307e-03   4.8003535e-03
   1.1451022e-02  -4.5156392e-03   6.5331320e-03  -3.9211276e-04  -5.5503014e-03   4.8457634e-03
   2.0452340e-02   7.2817714e-02  -4.4232081e-03  -1.1420685e-03  -5.4719254e-03   4.6196692e-03
   1.9184755e-02   1.1077453e-02   1.9730255e-02  -3.3985561e-04  -5.1289630e-03   4.5524817e-03
   2.2543725e-02  -3.1775096e-02   3.6273382e-02  -4.8408431e-04  -5.1043339e-03   4.6827104e-03
   4.4235893e-02   3.8955677e-02   2.8086301e-02  -9.9273482e-04  -4.9889504e-03   4.6326442e-03
   3.9765999e-02  -1.1350594e-02   3.2668050e-02  -6.6562791e-04  -5.3258661e-03   4.6048788e-03
   2.1381849e-02  -1.1256796e-02  -1.4387870e-02  -1.0352686e-03  -5.3730477e-03   4.6994667e-03
   2.5891156e-02   2.7443868e-02   6.8197007e-02  -3.1056802e-04  -5.6869728e-03   4.5492328e-03
   2.7233687e-02   2.5425627e-02   2.5765600e-02  -3.6421315e-04  -5.7183048e-03   4.5740078e-03
   2.4511878e-02   8.9759162e-03   3.3602730e-02  -5.8839970e-04  -5.8825247e-03   4.5420586e-03
   2.1146603e-02  -4.7888206e-02   3.2648299e-02  -2.5428937e-04  -5.5105656e-03   4.6356836e-03
   3.4992536e-02  -1.7570195e-02   3.8472396e-02  -7.9464337e-04  -5.5602942e-03   4.4737221e-03
   6.5811253e-02  -5.3093646e-02   1.0637258e-01  -3.9809968e-04  -5.9889574e-03   4.4177381e-03
   5.0967730e-02   2.3904124e-02   5.2084566e-02   2.6556773e-04  -5.7780191e-03   4.6440203e-03
   4.6992485e-02   5.5891454e-02   4.3774201e-02  -3.2397668e-04  -5.9768472e-03   4.7576996e-03
   3.8458341e-02   9.7704214e-03   5.7157195e-02  -4.7404431e-04  -5.8284013e-03   4.7056092e-03
   4.7964202e-02  -1.0142884e-02   8.4482119e-02   3.4730331e-04  -5.8693469e-03   4.7900972e-03
   5.1680965e-02   7.3665564e-02   5.1184272e-02   1.0832299e-04  -5.6123748e-03   4.7158281e-03
   5.1175665e-02   2.7257902e-02   1.1816048e-01   3.4740627e-05  -5.6513486e-03   4.6612304e-03
   5.5701504e-02   5.1140444e-02   6.0756793e-02  -1.4346172e-04  -5.8856956e-03   4.7512984e-03
   4.6706354e-02  -3.1742703e-03   7.3372931e-02   4.8224069e-04  -5.8283282e-03   4.6922968e-03
   3.6306992e-02  -5.5462236e-02   1.0359652e-01   4.4995716e-04  -5.8396292e-03   4.8729278e-03
   6.2871140e-02   8.8374197e-02   7.2780140e-02  -9.8996275e-05  -5.7571879e-03   4.7000952e-03
   6.6706130e-02   1.9212730e-02   9.6741338e-02   8.0725829e-04  -5.7639788e-03   4.6868630e-03
   6.3055402e-02  -1.4044834e-03   9.6252863e-02   2.5993754e-04  -5.8618207e-03   4.8473433e-03
   6.8313950e-02   8.3380386e-02   8.7036640e-02  -8.6861784e-04  -6.2759256e-03   4.8383795e-03
   6.3769712e-02  -3.0311433e-03   1.2523413e-01  -1.4367523e-05  -6.4349068e-03   4.8533858e-03
   5.8963117e-02   4.7169080e-02   4.8505541e-02   3.9479141e-06  -6.2347299e-03   4.7780496e-03
   4.9213050e-02   6.2798778e-02   9.1966148e-02  -5.8883197e-05  -6.1766758e-03   4.8867582e-03
   5.1166113e-02   3.4823529e-02   4.5042402e-02  -2.7991622e-04  -6.1305288e-03   4.9320739e-03
   5.5938562e-02   6.2289140e-02   3.2677662e-02  -5.5555058e-04  -6.5835619e-03   5.1175507e-03
   3.8020025e-02   4.1360075e-02   5.2698261e-02  -3.0658079e-05  -6.2793318e-03   5.1904279e-03
   3.7471499e-02   3.7015987e-02   7.7345753e-03  -9.0678276e-05  -6.2342067e-03   5.0029681e-03
   5.0537223e-02   1.0146877e-01  -1.5448654e-02  -6.7540409e-04  -5.8029076e-03   4.7825576e-03
