   0.0000000e+00  -1.4202105e-14   0.0000000e+00   0.0000000e+00   0.0000000e+00  -6.9388939e-18
   3.1172532e-03   2.2293373e-02   4.6505347e-03  -1.2278590e-03   2.8772266e-06  -2.1510542e-04
  -2.5140650e-03   5.0778016e-02  -4.3527603e-03  -5.5321387e-04   2.0846573e-05  -3.7383369e-04
  -3.3175814e-03   4.7032322e-02   5.7746686e-03  -1.3088895e-03   1.1937647e-04  -4.5348481e-04
  -1.6669927e-02   2.0537562e-02   5.7297874e-03  -9.3672093e-04   3.6870680e-04  -4.0221146e-04
  -9.8316682e-03   6.3778365e-03   9.9294711e-04  -1.3264381e-03   3.1014414e-04  -3.4591906e-04
  -1.9186611e-02   5.1075278e-02   1.3983719e-02  -1.0430584e-03   3.3287494e-04  -3.2960046e-04
  -1.4415552e-02   4.6920465e-02   2.0283908e-02  -8.2147784e-04   2.9974053e-04  -1.8210119e-04
  -1.3153462e-02   6.7478939e-02   2.0305684e-02  -1.3570404e-03   2.6448973e-04  -3.3377244e-04
  -1.4384101e-02   1.9274678e-02   2.4657131e-02  -1.0904918e-03   2.2581965e-04  -3.5197033e-04
  -1.4637727e-02   5.6104977e-02   1.1339702e-02  -1.5743434e-03   2.3382781e-04  -6.5238500e-04
  -1.1663274e-02   4.0140907e-02   3.4101682e-02  -1.0678545e-03   4.2723366e-05  -5.2579571e-04
  -1.5415790e-02   8.6435235e-02   1.1761323e-02  -1.6534670e-03   1.9392413e-04  -6.3671464e-04
  -9.8959254e-03   3.9822336e-02   3.6201171e-02  -7.8494630e-04   3.9523779e-05  -6.0105651e-04
  -1.0129364e-02   4.1896069e-02   3.0482810e-02  -1.6797406e-03   4.8083333e-05  -6.9511821e-04
  -2.1765462e-02   8.6139357e-02   4.4687991e-02  -7.0196567e-04   1.9401836e-04  -7.1551228e-04
  -1.1357916e-02   6.6220111e-02   2.4006843e-02  -1.6516545e-03   1.1386665e-04  -9.6125727e-04
  -2.0302242e-02   6.7661680e-02   4.8241835e-02  -4.9848761e-04   1.2589473e-04  -8.8039199e-04
  -1.7470757e-02   5.5814773e-02   3.1393427e-02  -2.0053311e-03   1.5886247e-04  -1.1414393e-03
  -3.2507062e-02   9.5598911e-02   5.9332532e-02  -6.0843289e-04   2.7479642e-04  -8.2352082e-04
  -2.2156103e-02   9.4373868e-02   4.8943431e-02  -2.0522262e-03   2.4741479e-04  -1.0024364e-03
  -2.2700009e-02   8.3707287e-02   6.3141467e-02  -5.3569860e-04   1.9424070e-04  -8.0532265e-04
  -1.2098227e-02   8.0842350e-02   5.5520882e-02  -1.4467504e-03  -3.7020315e-05  -8.9756618e-04
  -9.8639731e-03   4.0813923e-02   6.9136294e-02  -9.0122465e-04   9.7885529e-05  -1.0255608e-03
  -7.0969097e-03   4.3650306e-02   8.7098939e-02  -1.3939305e-03  -1.1526585e-05  -9.6916897e-04
  -1.6759269e-02   6.7791040e-02   8.2474739e-02  -8.3486505e-04   1.3291037e-04  -9.8516188e-04
  -1.7786173e-02   4.3159962e-02   7.8513459e-02  -8.6435837e-04   1.4086136e-04  -9.8964817e-04
  -1.6946271e-02   6.1127365e-02   5.3242387e-02  -9.9702922e-04   1.4593840e-04  -1.2830341e-03
  -1.1046924e-02   5.3535182e-02   9.4527971e-02  -2.4303446e-04  -2.1057381e-05  -1.1817320e-03
  -5.9694017e-03  -1.6342827e-02   8.5243689e-02  -5.8255500e-04  -5.8492858e-05  -1.2235017e-03
  -3.8962614e-03   1.7700494e-02   1.0773733e-01  -2.8858315e-04  -1.1225635e-04  -1.1162043e-03
  -7.1421015e-03  -9.7738364e-03   1.0519031e-01  -7.7708884e-04  -4.3865130e-07  -1.3603338e-03
  -5.8957993e-03   1.7245961e-02   1.2044701e-01  -4.9779821e-04  -1.1178198e-04  -1.1457292e-03
  -9.9816563e-03   5.2288812e-02   8.8895223e-02  -1.3867683e-03  -1.9914545e-04  -1.4584352e-03
  -5.2835006e-03   7.2613896e-02   9.6104889e-02  -3.8070343e-04  -2.0421416e-04  -1.1451326e-03
   2.9223459e-03   1.1238822e-01   6.8789027e-02  -1.4698979e-03  -2.7696532e-04  -1.6087683e-03
  -2.3856660e-03   7.6484760e-02   1.0335014e-01  -3.6312627e-04  -3.1747715e-04  -1.4333521e-03
   8.5635861e-03   4.0606438e-02   9.0485317e-02  -1.1830490e-03  -4.0311438e-04  -1.5203396e-03
   1.4151281e-02   2.6278478e-02   1.1205552e-01  -5.2627472e-04  -7.0593472e-04  -1.8333681e-03
   2.1375743e-02   1.9002536e-02   1.1104215e-01  -8.5163669e-04  -8.9988434e-04  -2.0445323e-03
   3.4634709e-02   4.5263122e-02   1.0062938e-01  -8.1271978e-04  -1.0277200e-03  -2.2015093e-03
   3.2250197e-02   6.9352835e-02   1.3496164e-01  -1.7458503e-04  -1.1051326e-03  -2.2181236e-03
   3.7203098e-02   2.9995506e-02   1.2562599e-01  -1.0601142e-03  -1.1113717e-03  -2.5455417e-03
   3.3735410e-02   1.1583649e-01   1.5315886e-01  -4.7634849e-05  -1.5037770e-03  -2.4830155e-03
   3.4605626e-02   3.9269434e-02   1.2974396e-01  -1.3269585e-03  -1.4105573e-03  -2.5307506e-03
   4.6348543e-02   5.8952421e-02   1.9645851e-01   4.9015827e-04  -2.0768302e-03  -2.1906671e-03
   5.2143221e-02   7.1156861e-02   1.7520197e-01  -7.9791839e-04  -2.0434988e-03  -2.3267572e-03
   4.6923649e-02   1.0488128e-01   1.8030143e-01  -5.7042643e-05  -2.0453525e-03  -2.2977619e-03
   7.6619255e-02   6.5158192e-03   2.2504173e-01  -7.6891824e-04  -2.1766055e-03  -2.4348770e-03
   7.7173876e-02   5.1175355e-02   2.4912275e-01  -3.9681437e-04  -2.4007731e-03  -2.4328823e-03
   7.2565331e-02   1.0550471e-01   1.9123849e-01   3.3352277e-04  -2.3682139e-03  -2.2343976e-03
   6.7004738e-02   7.0815014e-02   1.2393134e-01  -2.8756364e-04  -2.1304435e-03  -2.3253062e-03
   4.9644376e-02   1.6336839e-01   1.6593509e-01   5.2878500e-04  -1.8907056e-03  -2.3553399e-03
   6.8358987e-02   9.3473694e-02   1.9311056e-01   1.3177520e-04  -2.1713161e-03  -2.6762449e-03
   6.8570380e-02   6.6213874e-02   2.3732741e-01   4.2337105e-04  -2.3584419e-03  -2.5378821e-03
   7.5866739e-02   9.1350256e-02   2.2485051e-01   1.5229650e-04  -2.6115630e-03  -2.6273061e-03
   7.2125964e-02   1.7659067e-02   2.4079733e-01   4.0880204e-04  -2.5875521e-03  -2.7856627e-03
   7.1329618e-02   7.1925770e-02   2.3716986e-01   3.8697616e-04  -2.6470680e-03  -2.6987396e-03
   7.2354434e-02   7.7910497e-02   2.2433166e-01   5.9446567e-05  -2.5764026e-03  -3.0191909e-03
   7.9613072e-02   1.2749542e-02   2.6146109e-01   1.0613570e-03  -2.6363656e-03  -2.6032829e-03
   8.5308218e-02   5.1374787e-02   2.2323728e-01  -5.3693173e-04  -2.7264129e-03  -2.7793437e-03
   8.0561565e-02   5.1550981e-02   2.5944718e-01   8.6149174e-04  -2.7957194e-03  -2.7330268e-03
   8.4358804e-02   1.9946215e-02   2.4242968e-01  -1.7242099e-04  -2.7775981e-03  -2.8233527e-03
   7.9829884e-02   3.0308088e-02   2.3265014e-01  -4.5669832e-06  -2.6114176e-03  -2.7991480e-03
   9.4518532e-02   1.6146773e-02   2.3873273e-01   6.3917782e-05  -2.9191353e-03  -2.8870825e-03
   8.8225175e-02   3.1089725e-02   2.3515810e-01  -4.6793096e-04  -2.7498560e-03  -3.0613109e-03
   7.8895165e-02   4.2400555e-02   2.2231385e-01   4.3029741e-04  -2.7732632e-03  -2.9563969e-03
   8.0247610e-02   6.8966853e-02   2.1144661e-01   2.1618105e-04  -2.7702615e-03  -2.8485550e-03
   8.1263357e-02   1.0645649e-01   2.1210655e-01  -1.7187561e-04  -2.8137170e-03  -2.9347135e-03
   8.0903825e-02   9.5000561e-02   2.2570621e-01   9.0863105e-04  -2.9288068e-03  -2.6731852e-03
   9.8783676e-02   8.7508115e-02   2.3213668e-01  -3.0268704e-04  -3.1056268e-03  -3.0514343e-03
   9.1440598e-02   9.7364130e-03   2.5291329e-01   8.7272287e-04  -3.0633307e-03  -2.9249333e-03
   9.9479607e-02   3.5292627e-02   2.3997476e-01  -3.3172413e-04  -3.0927677e-03  -2.9709219e-03
   9.0095936e-02   1.1813105e-01   2.5889196e-01   6.5806075e-04  -2.9978828e-03  -2.8741978e-03
   9.7868159e-02   6.2953070e-02   2.6743169e-01  -4.5199183e-04  -3.1176292e-03  -2.8894997e-03
   9.2357156e-02   1.2735362e-01   2.6903349e-01   2.7156629e-04  -3.2643905e-03  -2.7064346e-03
   1.0098568e-01   5.0708421e-02   2.6961926e-01  -2.2725613e-04  -3.3910295e-03  -2.8994543e-03
   9.2502831e-02   4.9208913e-02   2.2696588e-01  -3.9482215e-04  -3.1108417e-03  -3.0096689e-03
   9.0139563e-02   1.0405843e-01   2.5494829e-01  -1.7667718e-04  -3.1913447e-03  -2.9059058e-03
   8.6600592e-02   5.3468690e-02   2.3403816e-01   1.6211481e-05  -3.0646086e-03  -2.9609593e-03
   9.5048254e-02   1.4007364e-01   2.6382125e-01   5.4139011e-04  -3.3733485e-03  -2.9186899e-03
   9.5270671e-02   7.2166699e-02   2.3643308e-01   3.4641610e-04  -3.3786759e-03  -2.8974987e-03
   9.6408689e-02   1.1950562e-01   2.4192683e-01  -2.6357011e-05  -3.3789087e-03  -2.6531537e-03
   9.8632442e-02   9.4582608e-02   2.4006149e-01   4.0214948e-04  -3.4401603e-03  -2.8111977e-03
   1.1048051e-01   7.0862904e-02   2.6886826e-01   2.6013772e-04  -3.6613256e-03  -2.7495872e-03
   1.0926994e-01   1.9473331e-02   2.6448150e-01   2.0336294e-04  -3.6237990e-03  -2.7983952e-03
   1.0913292e-01   7.4464085e-02   2.6933348e-01   2.1226119e-04  -3.7641066e-03  -2.6213815e-03
   1.1114001e-01   9.4609420e-02   2.5722981e-01   3.1635146e-04  -3.6495453e-03  -2.9533824e-03
   1.1462989e-01   1.2103035e-01   2.5460316e-01   1.3319746e-04  -3.6286063e-03  -3.0090110e-03
   1.1163450e-01   6.0331721e-02   2.4563230e-01  -3.8024430e-06  -3.5485976e-03  -2.9422253e-03
   1.0568206e-01   6.5214194e-02   2.9552339e-01   2.4279253e-04  -3.6532184e-03  -2.8853141e-03
   1.1512375e-01   3.6844700e-02   2.8403127e-01   1.2980637e-04  -3.7943709e-03  -3.0610911e-03
   1.1986645e-01   4.6278138e-02   2.9644644e-01   3.7069245e-04  -3.8913464e-03  -2.8401558e-03
   1.1875340e-01   1.0433503e-01   2.8374820e-01  -3.7791378e-05  -3.9645343e-03  -2.9496504e-03
   1.1180018e-01   8.6659671e-02   3.0639365e-01   4.0263731e-05  -3.8704797e-03  -2.9780516e-03
   1.1277806e-01   6.2649500e-02   2.9900281e-01   7.2454144e-04  -3.9520610e-03  -2.8821106e-03
   1.0973708e-01   4.9491962e-02   2.8666753e-01   1.3909547e-04  -3.8694153e-03  -3.0332293e-03
   1.0808966e-01   1.3056941e-01   2.8670435e-01   5.6259155e-04  -3.9396792e-03  -2.8395625e-03
   1.2012263e-01   5.1714854e-02   2.6619820e-01   4.8823298e-04  -3.9005957e-03  -3.0213733e-03
   9.8641680e-02   1.4969615e-01   2.7586698e-01   3.1448821e-04  -3.7190320e-03  -3.0301281e-03
   1.0588412e-01   1.1734619e-01   2.7725629e-01   3.6145673e-04  -3.9033313e-03  -2.9011662e-03
   1.0560343e-01   8.8663813e-02   2.7706195e-01  -2.2456454e-04  -3.7608147e-03  -3.0517343e-03
   1.0913154e-01   6.7959573e-02   2.8505467e-01   1.0283168e-03  -3.7713365e-03  -2.8653455e-03
   1.1183522e-01   7.3560912e-02   2.5567451e-01  -5.8127072e-05  -3.7729080e-03  -3.1948835e-03
   1.0104263e-01   1.0331050e-01   2.9576154e-01   1.6499183e-03  -3.7204738e-03  -2.7376093e-03
   1.1003381e-01   1.2942582e-01   2.5410407e-01   1.4575811e-05  -3.7986172e-03  -3.0423955e-03
   1.0645214e-01   1.3274401e-01   3.0774200e-01   1.4158007e-03  -4.0199012e-03  -2.5895460e-03
   1.1963686e-01   9.1082897e-02   2.7425585e-01  -1.6109202e-04  -4.2294871e-03  -2.9255451e-03
   1.0901572e-01   1.1058066e-01   2.6696274e-01   9.8973833e-04  -4.0522668e-03  -2.8432872e-03
   1.1585198e-01   1.6227714e-01   2.4440093e-01   9.2159127e-05  -4.2431360e-03  -2.8686909e-03
   1.1359787e-01   1.2255554e-01   2.5931169e-01   1.2553825e-03  -4.0919233e-03  -3.0187875e-03
   1.1628080e-01   1.2000991e-01   2.6033971e-01   5.8355065e-04  -4.1572108e-03  -2.7629954e-03
   1.2769715e-01   8.6646317e-02   2.6768852e-01   7.6024225e-04  -4.4090553e-03  -2.6153442e-03
   1.2417895e-01   1.4032855e-01   2.9722976e-01   5.8776530e-04  -4.5395300e-03  -2.7034706e-03
   1.1980151e-01   7.3461185e-02   2.8957122e-01   5.3250000e-04  -4.3566144e-03  -3.0386772e-03
   1.1776153e-01   6.5067707e-02   2.9233034e-01   1.2520051e-03  -4.3934136e-03  -2.6183312e-03
   1.1327083e-01   5.2512107e-02   2.4812860e-01   5.9074788e-04  -4.1481020e-03  -3.0573644e-03
   1.0600505e-01   1.0235713e-01   2.7180073e-01   1.4659064e-03  -4.1852994e-03  -2.6119056e-03
   1.1529950e-01   8.4027236e-02   2.8050559e-01   6.0633914e-05  -4.2940739e-03  -3.3516732e-03
   1.2349538e-01   7.1606749e-02   2.8482351e-01   6.4637974e-04  -4.5519434e-03  -2.9881129e-03
   1.3829190e-01   1.9437948e-03   2.7040949e-01   2.4513180e-03  -4.4905994e-03  -3.0008413e-03
   1.5728598e-01   4.9816334e-02   2.2607088e-01   1.8040242e-03  -4.9529231e-03  -2.5762528e-03
   1.4356000e-01   4.4406186e-02   2.8226705e-01   1.2012850e-03  -5.1612250e-03  -2.7799353e-03
   1.2783867e-01   1.0902521e-02   3.3209854e-01   1.0067046e-03  -5.0823772e-03  -2.6943539e-03
   1.3578465e-01  -1.7827235e-02   3.2230202e-01   1.1716543e-03  -5.1325469e-03  -2.7662928e-03
   1.2563831e-01   4.6073199e-02   3.3353661e-01   1.1559003e-03  -5.0219643e-03  -2.7683113e-03
   1.3616101e-01   3.0730766e-02   3.5370659e-01   8.7745873e-04  -5.0644578e-03  -2.8526776e-03
   1.3874925e-01   1.4782308e-02   3.4619467e-01   4.4234256e-04  -5.1343167e-03  -3.0417912e-03
   1.3716787e-01   2.9917455e-02   3.5733022e-01   1.7625186e-03  -5.1172373e-03  -2.9391317e-03
   1.3779411e-01   8.6135422e-03   3.5055721e-01   1.1270220e-03  -5.1570802e-03  -3.2762282e-03
   1.3088540e-01   6.1704765e-02   3.8162903e-01   1.6285547e-03  -5.2195694e-03  -3.0587103e-03
   1.2945874e-01   4.6173495e-02   3.5519516e-01   4.7727675e-04  -5.1619947e-03  -3.1366950e-03
   1.3288138e-01   2.8962016e-02   3.5250103e-01   1.1239245e-03  -5.1817779e-03  -3.0290893e-03
   1.2793263e-01   8.9782591e-02   3.5964679e-01   5.2935586e-04  -5.0836101e-03  -3.0446359e-03
   1.2941200e-01   9.1793656e-02   3.3995039e-01   1.5861316e-03  -5.1937896e-03  -3.0414117e-03
   1.3389564e-01   7.5725777e-02   3.6348594e-01   1.7985067e-03  -5.3373658e-03  -2.8131903e-03
   1.3680283e-01   4.8616026e-03   3.3946406e-01   1.0347410e-03  -5.0516460e-03  -2.8731483e-03
   1.2961748e-01   6.0243701e-02   3.7856765e-01   1.8249792e-03  -4.9660370e-03  -2.4011840e-03
   1.2324836e-01   9.3331490e-02   3.5732243e-01   7.9307187e-04  -4.9603490e-03  -2.3881318e-03
   1.1956385e-01   7.3318667e-02   3.8751166e-01   7.8292612e-04  -4.8413468e-03  -2.2154142e-03
   1.0812285e-01   1.1478599e-01   3.6806015e-01   9.3564459e-04  -4.9111893e-03  -2.2458984e-03
   1.1607147e-01   9.5820710e-02   4.0343698e-01   1.6404591e-03  -4.8990395e-03  -2.8614258e-03
   1.2230546e-01   6.4111743e-02   4.1340521e-01   2.8772249e-03  -4.9958867e-03  -2.7309115e-03
   1.1166406e-01   1.5283980e-01   4.0082397e-01   1.8829263e-03  -5.0031726e-03  -2.5281867e-03
   1.2588444e-01   7.5222318e-02   4.1570363e-01   2.2739395e-03  -5.2208962e-03  -2.6706281e-03
   1.1258596e-01   1.0741784e-01   4.3230499e-01   1.4578831e-03  -5.0960782e-03  -2.7136356e-03
   1.4085389e-01   7.4487643e-02   4.1673224e-01   1.7941197e-03  -5.6555522e-03  -2.7162272e-03
   1.3629375e-01   1.1838345e-01   4.1976514e-01   2.5151152e-03  -5.7561825e-03  -2.2496923e-03
   1.3718043e-01   8.3539274e-02   4.0949597e-01   1.5744457e-03  -5.6396798e-03  -2.8657852e-03
   1.2517723e-01   6.6466129e-02   4.0121557e-01   1.8716753e-03  -5.3432614e-03  -2.7794441e-03
   1.2578329e-01   1.4433927e-01   4.0265624e-01   2.3454390e-03  -5.3543241e-03  -2.8250582e-03
   8.9486017e-02   7.6588342e-02   2.7345475e-01   1.8094458e-03  -4.8487572e-03  -2.5851452e-03
   1.1488975e-01   6.2862740e-02   3.2897138e-01   1.2093401e-03  -5.2317258e-03  -2.8043957e-03
   1.1143628e-01   1.3090113e-02   3.4462206e-01   4.5765652e-04  -4.7604970e-03  -3.1475175e-03
   9.7292901e-02   1.0620330e-01   2.6931937e-01   2.0231594e-03  -5.0516408e-03  -2.4504170e-03
   1.0568347e-01   1.2292124e-01   2.9336749e-01   8.6168081e-04  -5.0112051e-03  -2.8332683e-03
   1.0802496e-01   6.0878988e-02   3.2537111e-01   2.0316253e-03  -5.0721447e-03  -2.5914325e-03
   1.1061290e-01   3.9160129e-02   3.3344482e-01   1.4377261e-03  -5.0391521e-03  -2.8256661e-03
   1.0551211e-01   7.4139655e-02   3.7089940e-01   1.5452559e-03  -5.0144592e-03  -2.8804069e-03
   1.0836346e-01   4.7056610e-02   3.7807136e-01   2.3945687e-03  -5.1786141e-03  -2.5367323e-03
   1.1237036e-01   1.1785990e-01   3.8025539e-01   7.4348222e-04  -5.0935795e-03  -3.0426286e-03
   1.1658193e-01   5.6245370e-02   3.7449601e-01   1.1339565e-03  -5.0737556e-03  -2.9757965e-03
   1.1945634e-01   9.1886081e-02   3.6580376e-01   1.3846901e-03  -5.1057798e-03  -2.7843233e-03
   1.2561908e-01   7.1011435e-02   3.7526716e-01   8.5769973e-04  -5.4001315e-03  -2.9876194e-03
   1.1693843e-01   8.5465845e-02   3.9068760e-01   2.0001596e-03  -4.9948899e-03  -2.5643001e-03
   1.3572484e-01   4.4747746e-02   4.3095238e-01   2.0525168e-03  -5.4419593e-03  -2.6182013e-03
   1.3671747e-01   3.5451282e-02   4.4899320e-01   2.8925390e-03  -5.7426270e-03  -4.1554970e-03
   1.3008799e-01   1.5071810e-02   4.2224244e-01   3.1292490e-03  -5.4727457e-03  -2.5479199e-03
   1.2782780e-01  -2.5935208e-03   4.2780878e-01   2.0875052e-03  -5.4386677e-03  -2.5068413e-03
   1.2613493e-01   2.6856374e-02   4.2710760e-01   2.5208085e-03  -5.6703056e-03  -2.9868568e-03
   1.5536087e-01   6.4410913e-02   4.6059081e-01   2.3668472e-03  -6.1206145e-03  -3.1690222e-03
   1.4782083e-01   2.8481951e-02   4.5619052e-01   2.4246028e-03  -5.8358279e-03  -3.2961204e-03
   1.0731205e-01   5.8852715e-02   4.1424833e-01   2.4986011e-03  -5.3966837e-03  -2.4783630e-03
   1.1562172e-01   2.2977935e-02   3.5853604e-01   1.8256105e-03  -5.2940916e-03  -2.7632609e-03
   1.1183371e-01   8.7338269e-02   3.7860567e-01   2.8715812e-03  -5.4634948e-03  -2.5510088e-03
   1.1236320e-01   7.2219223e-02   3.6621598e-01   2.3386610e-03  -5.3995153e-03  -2.9513728e-03
   1.1261997e-01   3.7311131e-02   4.0589942e-01   3.4272535e-03  -5.5601410e-03  -2.6565257e-03
   1.2337173e-01   6.3543423e-02   4.0940003e-01   2.5196854e-03  -5.6691393e-03  -2.9102052e-03
   1.1648880e-01   5.2059661e-02   4.0350322e-01   2.9574620e-03  -5.7043990e-03  -2.8885657e-03
   1.2716627e-01   8.5785157e-02   3.8197479e-01   2.2627460e-03  -5.6619905e-03  -3.0741315e-03
   1.2553703e-01   1.0736830e-01   3.9971200e-01   2.7081544e-03  -5.8353274e-03  -2.8387551e-03
   1.3161512e-01   9.9326142e-02   3.9019228e-01   2.4313632e-03  -5.7683363e-03  -2.9734189e-03
   1.2924793e-01   9.7450337e-02   4.2298191e-01   2.9640392e-03  -5.6977059e-03  -2.8526206e-03
   1.3031896e-01   1.1307214e-01   4.1065711e-01   2.2894450e-03  -5.7950670e-03  -2.8894338e-03
   1.3427167e-01   7.6208572e-02   4.0585164e-01   2.9323302e-03  -5.8044730e-03  -2.7593863e-03
   1.3272302e-01   6.8021337e-02   3.8399086e-01   1.9620443e-03  -5.6826386e-03  -2.9007410e-03
   1.3293139e-01   3.2941789e-02   4.1523176e-01   2.5873298e-03  -5.7806586e-03  -2.7499974e-03
   1.3457044e-01   6.8952166e-02   4.2104030e-01   2.0495149e-03  -5.7317374e-03  -2.8099853e-03
   1.4019386e-01   5.8229900e-02   4.0846592e-01   3.1912506e-03  -6.0708583e-03  -2.6922359e-03
   1.3786291e-01   8.6954202e-02   3.8437982e-01   2.2460418e-03  -5.8553376e-03  -2.7931290e-03
   1.2917364e-01   8.2129827e-02   3.8735020e-01   2.8831477e-03  -5.8284213e-03  -2.7913541e-03
   1.3796950e-01   1.0144815e-01   3.9976493e-01   2.5724298e-03  -5.9692722e-03  -2.8658128e-03
   1.4031598e-01   7.1548899e-02   4.0352566e-01   2.5605559e-03  -6.0405297e-03  -2.8422663e-03
   1.4888773e-01   5.0479673e-02   4.1326622e-01   2.5224092e-03  -6.1900026e-03  -2.6217522e-03
   1.4057950e-01   2.4081298e-02   3.8219028e-01   1.5738159e-03  -5.8541456e-03  -2.8504474e-03
   1.4826056e-01   6.8151909e-02   4.0323914e-01   2.8518773e-03  -6.1207286e-03  -2.4997393e-03
   1.5120578e-01   4.6949169e-02   3.5723114e-01   1.5617303e-03  -6.0961431e-03  -2.7119399e-03
   1.4518804e-01   1.2333309e-01   4.0876829e-01   3.4857910e-03  -6.1609431e-03  -2.4682491e-03
   1.5168680e-01   2.2612375e-03   3.6700965e-01   2.3511470e-03  -6.1688868e-03  -2.9537003e-03
   1.4918844e-01   8.6343285e-02   3.1694108e-01   2.9057250e-03  -6.1274614e-03  -2.7140406e-03
   1.4012598e-01   7.1858611e-02   3.3102000e-01   2.2321185e-03  -5.9162467e-03  -3.0455479e-03
   1.2315999e-01   1.0883502e-01   3.5261723e-01   2.9696960e-03  -5.8029681e-03  -2.7020226e-03
   1.5545651e-01   1.4529963e-02   3.3115144e-01   1.7875534e-03  -6.0308721e-03  -3.0052457e-03
   1.3888239e-01   8.0778288e-02   3.5710099e-01   2.2418129e-03  -5.8357107e-03  -2.8563377e-03
   1.4104959e-01   3.8643611e-02   3.6016923e-01   3.1090162e-03  -6.0554797e-03  -3.1134255e-03
   1.5855293e-01  -1.5205551e-03   4.0217062e-01   3.2390392e-03  -6.3657676e-03  -2.6470210e-03
   1.6558266e-01   1.5853743e-02   4.0289765e-01   2.8330105e-03  -6.4561662e-03  -3.0452403e-03
   1.6254401e-01   1.2167636e-02   4.6574754e-01   2.8579492e-03  -6.5236215e-03  -3.0018382e-03
   1.5828130e-01   2.7945914e-02   4.3810522e-01   2.5208419e-03  -6.4539909e-03  -3.0046839e-03
