   0.0000000e+00  -1.4236789e-14   7.1054274e-15   0.0000000e+00   0.0000000e+00  -1.7347235e-18
  -7.4704758e-03   2.1334781e-02   6.5111561e-03  -1.1109082e-03  -6.7275457e-05   9.4384453e-05
  -1.6442650e-02  -1.7996493e-03  -6.6337469e-03   5.9642396e-05   3.8717586e-05   1.4099154e-05
  -1.5970377e-02  -2.5334423e-02   9.2578987e-04  -6.8004668e-04  -8.1837826e-06  -9.2430643e-05
  -2.1967334e-02   7.6817034e-03  -9.4681975e-03   7.8622834e-05  -1.0069951e-04  -2.8010883e-04
  -1.1218054e-02  -3.2758851e-02  -1.9876027e-02  -7.1294599e-04  -9.6847485e-05  -1.1863638e-04
  -1.5191149e-02   1.0183082e-03  -1.0767099e-02  -6.1460631e-05  -2.7583663e-04  -1.1775201e-04
   1.6599418e-03  -5.7766991e-02  -2.1092869e-03  -4.9119509e-04  -3.7461700e-04  -1.0388722e-04
  -8.9536872e-03  -6.9765081e-03  -1.1523056e-02  -7.9965059e-04  -3.6342756e-04  -2.0394854e-04
  -7.8251144e-03  -4.7460070e-02   1.3131860e-02  -2.9150145e-04  -4.4942831e-04  -9.2855600e-05
  -1.0258845e-02  -2.3768318e-02   1.5093183e-02  -3.6012786e-04  -5.0654686e-04  -1.7811244e-04
  -1.4680261e-02  -1.0033362e-01   2.3082319e-02  -1.6624798e-04  -5.3895584e-04  -4.9254759e-05
  -8.9795740e-03  -1.9430200e-03  -1.4548465e-02  -4.6694820e-04  -6.4891653e-04  -6.9100054e-05
   7.6694264e-03  -4.3630428e-02   3.2731051e-02  -2.9404988e-04  -5.2467196e-04   1.3903011e-04
   2.9933412e-03  -4.2533866e-02  -4.3823145e-03  -3.9415732e-04  -6.1690584e-04   1.7554066e-04
   4.9450689e-03   1.9513569e-02  -9.7275290e-03  -4.5464851e-04  -4.9329172e-04   1.5155998e-04
   3.1857285e-03  -9.1635868e-02  -3.2638841e-02  -8.4513960e-05  -6.4374897e-04   1.5534392e-04
   1.2176218e-02   6.1853481e-02  -3.7897909e-02  -1.0159136e-04  -3.0724259e-04  -1.9963937e-05
   1.5573618e-02  -7.1485328e-02  -3.2191990e-02   2.3498670e-04  -6.3881584e-04   5.7006447e-06
   2.2297530e-02  -2.0582925e-03  -9.1127832e-03   2.2458252e-04  -6.0941014e-04   5.3823961e-05
   2.6932159e-02  -5.1277661e-02  -1.0843700e-02   4.0036075e-04  -5.1492646e-04   1.1119114e-04
   3.2208368e-02   2.7011667e-02  -3.4097090e-02   8.7637813e-05  -2.2125995e-04   1.7117267e-04
   3.5650142e-02  -4.2044471e-02  -4.1864834e-02   2.2098718e-04  -5.0619698e-04   3.5529726e-04
   4.7135074e-02  -3.8247479e-02  -2.7243410e-02   2.1147948e-04  -2.8064775e-04   1.3899718e-04
   4.8618218e-02  -9.3944790e-03  -2.1587689e-02  -9.7055989e-05  -3.3632318e-04   2.3417988e-04
   5.9606490e-02  -5.4034433e-02  -2.2829112e-02   9.0191846e-04  -3.2192238e-04   1.5747102e-04
   5.9624842e-02   1.6996830e-03  -3.5812378e-02  -1.4676981e-04  -3.3637960e-04   2.8366030e-04
   6.5789320e-02   4.3137885e-02  -2.9695050e-02   6.6220315e-04  -1.3924704e-04   2.0782071e-04
   6.8503738e-02  -7.3509611e-02  -3.6287349e-02  -3.4315584e-06  -2.3764691e-04   5.0658624e-04
   8.1178502e-02   3.4404578e-02  -4.6245054e-02  -6.6736145e-05  -2.4563490e-04   3.0074189e-04
   7.8295401e-02  -8.7665625e-02  -1.9166828e-02   3.3307387e-04  -3.5912930e-04   4.5244753e-04
   8.1887258e-02   6.8474583e-03  -4.1051413e-02  -2.4386968e-04  -1.9887463e-04   3.5533267e-04
   7.7681345e-02  -1.0284674e-01  -1.6846725e-02   4.7784705e-05  -4.6297530e-04   5.9100877e-04
   8.1865064e-02   6.2349753e-02  -4.8167339e-02  -1.5003371e-04  -2.0987561e-04   3.6916903e-04
   9.1242367e-02  -5.2044813e-02  -1.9719879e-02   2.7149206e-04  -2.8705634e-04   7.1506680e-04
   9.1159771e-02   2.2124654e-02  -3.9404310e-02  -2.7256876e-04  -2.0711350e-04   6.6934339e-04
   9.0600161e-02  -6.2373808e-02  -1.0631795e-02   1.9922110e-04  -2.7194823e-04   7.7649095e-04
   8.8071074e-02  -4.8792810e-03  -4.6402087e-02  -6.7301404e-04  -1.3464703e-04   6.7241914e-04
   8.7021491e-02  -3.0164944e-02  -1.6831420e-02   2.4864829e-04  -2.7822943e-04   7.1236409e-04
   9.0368064e-02   3.0643576e-02  -4.5315924e-02  -5.4813369e-04  -2.2124541e-04   7.3847677e-04
   8.4285026e-02   1.5090767e-02  -1.7271969e-02   3.0915745e-04  -3.7269809e-04   5.8217840e-04
   8.4561520e-02  -3.4340962e-02  -4.6148882e-02  -6.4503809e-04  -2.3114021e-04   6.9020948e-04
   9.2078543e-02   3.2058682e-02  -3.0898781e-02   4.5338075e-04  -3.5998794e-04   5.5034540e-04
   8.9147977e-02  -1.3770060e-02  -4.2548343e-02  -2.2912392e-05  -2.9487056e-04   5.2289171e-04
   9.5260438e-02   1.8062787e-02  -3.5435783e-02   2.9193479e-04  -2.3440142e-04   4.8826471e-04
   9.1246789e-02   1.8393351e-02  -1.7835670e-02   2.3078519e-04  -2.8361219e-04   6.0055268e-04
   9.6759784e-02   3.1196754e-02  -3.2247385e-03   4.5301420e-04  -1.1930827e-04   7.7063563e-04
   1.0253646e-01   2.5488836e-02  -3.3508360e-02   3.7482647e-04  -1.8957394e-05   7.5626455e-04
   1.1327933e-01   9.0962918e-04  -2.6713256e-02   4.6546052e-04  -1.2789940e-04   8.8607216e-04
   9.1921783e-02   7.9757547e-02  -3.7660344e-02   8.1633329e-04  -1.2458315e-04   4.7973770e-04
   8.6992555e-02   9.5571608e-02  -3.5942005e-02   7.2088856e-05  -2.0672813e-04   5.2574363e-04
   8.4403678e-02   1.2413064e-02  -4.5651445e-02   5.6406185e-04  -1.9488826e-04   6.7934813e-04
   8.5798197e-02   1.4891660e-01  -5.6549153e-02   3.2498721e-05  -8.0596793e-06   6.8561262e-04
   7.5649467e-02   7.7732308e-02  -7.2472548e-02   3.0483929e-04  -2.5046638e-04   7.5108502e-04
   6.7013458e-02   1.5666027e-01  -9.0348992e-02  -2.6694078e-04  -1.4778757e-04   7.3327755e-04
   6.4370989e-02   1.4774539e-01  -8.1034188e-02   4.3122711e-04  -1.8859655e-04   6.0520855e-04
   6.9022199e-02   1.1703173e-01  -8.8996526e-02  -2.9544066e-04  -2.7575913e-04   5.6035444e-04
   6.8526597e-02   8.2919495e-02  -9.0678070e-02   5.1085590e-04  -4.4973946e-04   5.9721345e-04
   5.8045484e-02   1.3041843e-01  -7.5364324e-02   1.5435004e-04  -2.5886509e-04   4.5620389e-04
   8.0535844e-02   1.5856337e-01  -7.9733620e-02   4.8584334e-04  -2.4780734e-04   7.3936900e-04
   9.2812800e-02   1.6023933e-01  -7.3231040e-02   1.1273940e-03  -3.8987482e-05   8.8884279e-04
   8.4973831e-02   1.8253388e-01  -1.1734694e-01   3.8589168e-04   8.9261757e-05   7.6524041e-04
   8.1882195e-02   5.9091553e-02  -1.1157357e-01   1.0507585e-03  -1.2722223e-04   9.0370537e-04
   7.8244061e-02   1.7897842e-01  -9.9916552e-02   5.9982173e-04   4.1575451e-05   9.6305096e-04
   8.2147762e-02   1.8031605e-01  -9.0918529e-02   7.0726546e-04   1.8218378e-04   1.0656867e-03
   8.4483041e-02   1.9601290e-01  -8.6823508e-02   4.8942976e-04   6.1982237e-05   1.1450488e-03
   8.4472870e-02   1.3927621e-01  -1.1941995e-01   1.3641549e-03  -2.7681593e-04   1.1064662e-03
   8.9029162e-02   2.3031294e-01  -1.0656389e-01   8.7859270e-04  -1.8307225e-04   8.5615653e-04
   8.9109798e-02   1.3807214e-01  -8.7345409e-02   1.5944823e-03  -3.0481524e-04   9.0339929e-04
   8.8141426e-02   1.6810117e-01  -9.5617192e-02   1.1307096e-03  -1.4488541e-04   8.0797491e-04
   8.4726219e-02   1.6495963e-01  -7.7488259e-02   1.5081934e-03  -3.7772427e-04   9.9089922e-04
   7.8416607e-02   1.7831245e-01  -8.6381121e-02   1.2803661e-03  -3.1348008e-04   8.0442507e-04
   7.2161161e-02   1.2442207e-01  -8.1790268e-02   1.2505662e-03  -5.2340680e-04   8.5269582e-04
   6.6526926e-02   1.7115894e-01  -8.0158058e-02   9.5107954e-04  -2.4753805e-04   7.3862244e-04
   5.6934430e-02   2.1566098e-01  -8.9064382e-02   7.0260902e-04  -8.9320818e-05   7.1608832e-04
   6.3383417e-02   2.4090176e-01  -9.9291007e-02   9.3171213e-04   2.6874950e-04   7.2786980e-04
   6.0604921e-02   2.1249085e-01  -8.7549440e-02   4.2428636e-04  -1.2509262e-04   8.2740270e-04
   5.5936663e-02   2.3657569e-01  -1.0451464e-01   8.7780093e-04  -1.7524151e-04   6.3663578e-04
   6.2908813e-02   2.0915059e-01  -1.1703211e-01   2.8765278e-04  -1.6493423e-04   8.1729897e-04
   5.1783691e-02   1.6841592e-01  -1.1322802e-01   1.3095093e-03  -3.9842788e-04   5.7308523e-04
   4.5617848e-02   2.2026000e-01  -1.0127897e-01   1.0543210e-03  -3.8441226e-04   6.6519075e-04
   3.4562569e-02   2.0737636e-01  -1.1249317e-01   1.6310412e-03  -5.2383833e-04   5.8882589e-04
   2.6299594e-02   2.3747646e-01  -1.4080499e-01   1.3364779e-03  -5.2578260e-04   3.8611310e-04
   2.4459222e-02   2.4146074e-01  -1.2129406e-01   1.7164116e-03  -7.1540470e-04   2.4676302e-04
   2.9958487e-02   2.1983432e-01  -1.0868739e-01   1.5141808e-03  -6.4196931e-04   3.4804806e-04
   1.4468394e-02   2.7592378e-01  -1.0657022e-01   1.6550078e-03  -7.8313927e-04   4.6005356e-04
   1.2633114e-02   2.2445854e-01  -9.5446162e-02   2.0185182e-03  -7.6130456e-04   1.7572162e-04
   1.3811871e-02   3.0968972e-01  -1.1930124e-01   1.1022752e-03  -6.6267776e-04   1.8467867e-04
   6.7920366e-03   2.3316614e-01  -1.1128445e-01   1.3691394e-03  -5.3990915e-04   1.5162991e-04
   1.4633305e-02   2.9145413e-01  -1.1000600e-01   1.2072876e-03  -5.8468980e-04   3.3058016e-04
   1.0865560e-02   2.9110899e-01  -1.1771957e-01   1.3042430e-03  -2.3302420e-04   3.4677663e-04
   1.2185467e-02   2.2921855e-01  -1.0861196e-01   1.4627586e-03  -4.6436396e-04   2.6675658e-04
   6.9828965e-03   2.4085233e-01  -1.0345447e-01   1.7885614e-03  -5.4153530e-04   1.7209205e-04
  -3.9437131e-04   2.6870602e-01  -1.7663415e-01   1.8328469e-03  -1.2985155e-04   2.0074036e-04
  -1.8010565e-02   2.2233662e-01  -1.1423967e-01   2.8934271e-03  -1.0354039e-03   1.2170167e-04
  -2.9992513e-02   2.7943311e-01  -1.8581440e-01   1.6103648e-03  -1.2638614e-03   8.0325404e-05
  -4.4090895e-02   2.5703099e-01  -2.0609794e-01   3.6793468e-03  -1.2649383e-03   2.6203380e-04
  -5.5389794e-02   1.3862788e-01  -1.6687630e-01   3.6440827e-03  -1.2671933e-03  -1.0360881e-04
  -5.5409446e-02   2.1370670e-01  -1.8972731e-01   3.7165892e-03  -1.2371170e-03   1.4673114e-04
  -5.2276366e-02   2.1950870e-01  -2.1044967e-01   3.3733996e-03  -1.1011532e-03  -9.7360206e-04
  -5.8072154e-02   3.4783155e-01  -2.5244915e-01   3.0607308e-03  -9.4291614e-04  -8.6656401e-04
  -4.9107622e-02   2.2634492e-01  -1.9989820e-01   4.6891517e-03  -1.1766106e-03  -3.3548749e-04
  -4.7906974e-02   2.7393236e-01  -2.0666506e-01   2.5999431e-03  -1.1067300e-03  -5.6755334e-04
  -6.9127065e-02   1.8505058e-01  -1.3286550e-01   4.0010126e-03  -1.1574058e-03  -5.9452286e-04
  -7.7081389e-02   2.0883756e-01  -1.6420286e-01   2.4823091e-03  -1.1092990e-03  -6.9644039e-04
  -7.2875511e-02   2.4642861e-01  -1.3972332e-01   3.1771459e-03  -1.0586786e-03  -6.9332882e-04
  -7.4940039e-02   1.6577035e-01  -1.4651679e-01   2.8977581e-03  -1.1204570e-03  -6.0787088e-04
  -5.6157142e-02   2.8914657e-01  -1.5454205e-01   3.0460915e-03  -1.0486120e-03  -7.3123185e-04
  -5.5881418e-02   1.9314478e-01  -1.4795750e-01   3.7368470e-03  -9.3572392e-04  -6.5709910e-04
  -4.7450604e-02   2.6251057e-01  -1.5570644e-01   2.5942672e-03  -9.3746600e-04  -4.3907971e-04
  -5.5244509e-02   1.8662798e-01  -1.2017214e-01   3.3685057e-03  -1.0058778e-03  -3.2643128e-04
  -4.4244331e-02   3.2295679e-01  -1.7184951e-01   2.3818636e-03  -1.0840936e-03  -2.2070499e-04
  -4.3037916e-02   2.3676090e-01  -1.2047118e-01   3.3407742e-03  -1.1774015e-03  -4.6421945e-05
  -3.8700481e-02   2.5199444e-01  -1.4502935e-01   2.4356938e-03  -1.1119930e-03  -1.2654933e-04
  -4.0021614e-02   2.5800245e-01  -1.1521845e-01   2.8324622e-03  -1.0953443e-03   3.0382424e-05
  -3.8432254e-02   2.3646432e-01  -1.4274322e-01   2.3666364e-03  -9.6934799e-04   1.4845181e-04
  -3.1062270e-02   2.4908097e-01  -1.3720554e-01   2.6725083e-03  -9.6726750e-04   2.8956221e-04
  -3.9340703e-02   2.8208746e-01  -1.6887890e-01   2.4431039e-03  -8.7988757e-04   2.5682372e-04
  -3.4319789e-02   2.8345669e-01  -1.4522407e-01   2.8687845e-03  -7.7690239e-04   2.8449394e-04
  -4.2473635e-02   2.9938126e-01  -1.4193375e-01   2.7902683e-03  -7.9004063e-04   2.7193467e-04
  -4.6127076e-02   3.2063777e-01  -1.6160234e-01   2.0268941e-03  -7.0734830e-04   2.1284823e-04
  -4.5853303e-02   2.9269585e-01  -1.7790811e-01   1.8946561e-03  -9.7119813e-04   1.6690196e-04
  -6.0993400e-02   2.6587976e-01  -1.8179340e-01   2.4246287e-03  -7.6359273e-04  -3.1083772e-04
  -8.2843096e-02   3.7536520e-01  -2.2358949e-01   1.7896837e-03  -5.1647873e-04  -1.9321829e-04
  -7.4867814e-02   3.8375101e-01  -1.5221468e-01   3.6149731e-03  -6.7906914e-04   1.9436243e-04
  -8.1481679e-02   4.0307748e-01  -1.6072015e-01   2.4493991e-03  -6.5956180e-04   2.2865931e-04
  -6.7860057e-02   3.6917039e-01  -1.4242420e-01   3.4138979e-03  -6.5321190e-04   3.9248310e-04
  -7.3941839e-02   3.2423320e-01  -1.4190345e-01   3.1087693e-03  -6.0019819e-04   2.3528017e-04
  -7.1571583e-02   4.2179746e-01  -1.1798671e-01   3.5250439e-03  -7.1726547e-04   1.1502273e-04
  -7.7820137e-02   3.3313599e-01  -9.1476408e-02   4.0715067e-03  -6.1998386e-04   7.3679138e-05
  -5.8954137e-02   4.1802539e-01  -1.2474878e-01   3.0351898e-03  -4.7806365e-04   1.5836982e-04
  -5.7691440e-02   3.6764228e-01  -1.2035191e-01   3.3503574e-03  -4.4283636e-04   1.3520867e-04
  -6.3473647e-02   3.8167827e-01  -1.0917312e-01   3.5148129e-03  -4.9321533e-04   1.4773348e-04
  -7.4053877e-02   4.0439532e-01  -1.6626264e-01   2.7143259e-03  -6.2534200e-04  -9.7107134e-05
  -8.4868684e-02   4.1490660e-01  -1.3442813e-01   3.5672187e-03  -5.9870085e-04  -5.4142352e-05
  -9.6953674e-02   3.0151371e-01  -1.2808325e-01   3.4563307e-03  -6.1896458e-04   8.1919894e-05
  -8.5200012e-02   4.5594173e-01  -1.5782431e-01   3.6878105e-03  -4.8302550e-04   1.6777560e-04
  -8.1094611e-02   4.4354217e-01  -1.3391570e-01   3.7537242e-03  -6.2763493e-04   5.7959344e-05
  -9.1085074e-02   4.2255015e-01  -1.1076810e-01   3.4169018e-03  -4.3269097e-04   1.3361224e-04
  -8.9928014e-02   4.4285450e-01  -1.2642762e-01   3.4652084e-03  -4.1392313e-04  -9.9331397e-05
  -5.9097465e-02   4.3106668e-01  -1.5907426e-01   3.1822383e-03  -5.0276761e-04   2.2124996e-04
  -7.1549668e-02   4.4339395e-01  -1.4839611e-01   4.0596537e-03  -4.3728736e-04   1.4268972e-04
  -8.0763681e-02   3.2209676e-01  -1.1574435e-01   3.9241426e-03  -7.5845721e-04   9.8548582e-05
  -7.4930561e-02   3.4791798e-01  -2.0483795e-01   4.3086700e-03  -1.1156518e-03   2.2345542e-04
  -1.0510351e-01   6.1361234e-01  -2.3144275e-01   4.3810843e-03  -7.5209960e-04  -3.4399511e-04
  -9.7208924e-02   4.5546150e-01  -1.6543926e-01   4.6642297e-03  -8.5671881e-04  -3.1000981e-04
  -9.3584162e-02   4.9111476e-01  -2.1460783e-01   3.9881327e-03  -9.1966492e-04  -4.3146350e-04
  -8.8438372e-02   4.9899525e-01  -1.7264395e-01   4.4944768e-03  -8.4020123e-04  -5.6756929e-04
  -9.3317708e-02   4.1874270e-01  -1.5465175e-01   4.9848711e-03  -7.8157282e-04  -5.7720241e-04
  -8.1528957e-02   4.8525762e-01  -1.5684789e-01   3.9759710e-03  -9.5482958e-04  -6.1179599e-04
  -9.8241448e-02   4.4171568e-01  -1.3677804e-01   4.7933092e-03  -1.0657232e-03  -5.3083889e-04
  -9.5301377e-02   4.6344252e-01  -1.5869314e-01   4.0206658e-03  -1.2165136e-03  -4.9440021e-04
  -8.9847194e-02   4.4628400e-01  -1.4410008e-01   4.2557990e-03  -1.0913313e-03  -3.1373846e-04
  -1.0175914e-01   3.8309962e-01  -1.4019973e-01   3.6043696e-03  -9.9449926e-04  -2.9676756e-04
  -9.9019062e-02   4.5089234e-01  -1.2359744e-01   3.8028308e-03  -1.0658913e-03  -1.9599502e-04
  -7.8285747e-02   4.7938567e-01  -1.4563317e-01   4.0698887e-03  -8.3394171e-04   9.9254073e-05
  -8.5934129e-02   4.7156314e-01  -1.1458861e-01   4.1933956e-03  -6.3153953e-04   3.1929266e-04
  -9.0270862e-02   4.6857643e-01  -1.2703271e-01   4.8175173e-03  -6.1710280e-04   1.8135102e-04
  -1.0062795e-01   4.9543943e-01  -1.6873836e-01   3.6051206e-03  -8.0071994e-04   5.1559994e-05
  -1.0527007e-01   5.5817028e-01  -1.4696961e-01   4.2474985e-03  -7.7568795e-04  -4.8995056e-05
  -1.0969371e-01   4.1925821e-01  -1.2716347e-01   3.7871930e-03  -7.1466531e-04   4.9570870e-05
  -1.1837047e-01   4.7575177e-01  -1.2990127e-01   4.0800400e-03  -6.4002940e-04  -7.4448904e-05
  -1.2539558e-01   4.8369076e-01  -1.4426227e-01   4.4932787e-03  -8.4240316e-04  -2.0761840e-04
  -1.2009551e-01   5.1607443e-01  -1.7013997e-01   3.8100393e-03  -7.1513801e-04  -1.1825529e-04
  -1.2679200e-01   4.7402839e-01  -1.5110914e-01   4.5161544e-03  -8.8529410e-04  -3.3498623e-04
  -1.1154453e-01   4.8422179e-01  -1.2941467e-01   4.5308897e-03  -8.0742339e-04  -2.1911062e-04
  -1.0827293e-01   5.2730132e-01  -1.8206209e-01   3.9025841e-03  -9.1498979e-04  -1.8190113e-04
  -1.2208949e-01   5.0156035e-01  -1.3476394e-01   4.5699337e-03  -9.6915974e-04  -3.2156895e-04
  -1.3174207e-01   4.9464341e-01  -1.7265861e-01   4.2465270e-03  -8.8466089e-04  -3.7826336e-04
  -1.3821468e-01   6.0178239e-01  -1.7685482e-01   4.1157761e-03  -8.4571940e-04  -5.2116662e-04
  -1.3760282e-01   3.8961142e-01  -1.1759029e-01   5.8826861e-03  -1.3511534e-03  -4.4672296e-04
  -1.5777202e-01   4.9857669e-01  -1.4963352e-01   5.1850044e-03  -9.3680851e-04  -4.7886636e-04
  -1.5691881e-01   5.8556893e-01  -1.4719121e-01   6.0116070e-03  -9.4514083e-04  -5.3237159e-04
  -1.4684895e-01   5.2858083e-01  -1.7219144e-01   5.0312599e-03  -1.0226125e-03  -4.4184138e-04
  -1.3221255e-01   5.8044347e-01  -1.5820026e-01   5.6777844e-03  -1.1809176e-03  -6.6859305e-04
  -1.2285583e-01   4.3305768e-01  -1.3571567e-01   5.7217194e-03  -1.1437315e-03  -5.8440466e-04
  -1.2674284e-01   5.3979169e-01  -1.6910419e-01   4.8488024e-03  -1.1383006e-03  -6.8083101e-04
  -1.4105403e-01   4.8190903e-01  -1.3950458e-01   5.1144729e-03  -1.0396058e-03  -6.1395928e-04
  -1.5222502e-01   5.2568291e-01  -1.5517071e-01   5.6505053e-03  -1.1814137e-03  -7.1862626e-04
  -1.6465556e-01   5.1817775e-01  -1.8792270e-01   5.3632555e-03  -1.3316262e-03  -7.0296058e-04
  -1.6199243e-01   5.3389956e-01  -1.8494593e-01   5.7690450e-03  -1.2759896e-03  -7.6805035e-04
  -1.4834141e-01   4.9070319e-01  -1.6231998e-01   5.9295234e-03  -1.3578905e-03  -7.9728295e-04
  -1.5858936e-01   5.7587650e-01  -1.7626961e-01   5.3115249e-03  -1.3437353e-03  -6.4495411e-04
  -1.7178367e-01   5.5889259e-01  -2.0167750e-01   4.6840789e-03  -1.2085898e-03  -1.0939383e-03
  -1.8092518e-01   5.3008932e-01  -2.1023979e-01   5.3818103e-03  -1.3372988e-03  -1.0886989e-03
  -1.7205695e-01   5.2394498e-01  -2.2046924e-01   4.7633943e-03  -1.5304494e-03  -8.6094073e-04
  -1.7463975e-01   6.0912242e-01  -2.8567998e-01   6.2239521e-03  -1.3204401e-03  -1.0010065e-03
  -1.6347845e-01   4.1351048e-01  -3.1517853e-01   6.3918163e-03  -1.6837325e-03  -1.2197002e-03
  -1.8561964e-01   5.3849572e-01  -2.4832569e-01   5.6165522e-03  -1.4373173e-03  -1.2337861e-03
  -1.5531425e-01   6.1682195e-01  -2.3692199e-01   6.8772079e-03  -1.3874887e-03  -1.0083480e-03
  -1.4071958e-01   5.4364987e-01  -2.3217758e-01   5.9465694e-03  -1.1669249e-03  -8.3524391e-04
  -1.3762928e-01   5.5776957e-01  -2.5043957e-01   6.3652484e-03  -1.3035575e-03  -7.8512449e-04
  -1.3111801e-01   5.9873960e-01  -2.6682677e-01   6.0984720e-03  -1.6005561e-03  -8.9946684e-04
  -1.4442256e-01   6.4129573e-01  -3.4281152e-01   5.8724245e-03  -1.1386063e-03  -9.1065386e-04
  -1.4103582e-01   5.5669946e-01  -2.9325361e-01   6.1449711e-03  -1.2882977e-03  -6.4237844e-04
  -7.2408098e-02   5.5965331e-01  -4.6568309e-01   6.8019282e-03  -1.9656943e-03  -8.4094693e-04
  -9.3141297e-02   4.9850104e-01  -4.7987515e-01   6.4208162e-03  -1.8035172e-03  -1.6353205e-03
  -9.5310910e-02   4.8561309e-01  -5.1795193e-01   7.5014875e-03  -1.7342825e-03  -1.2415443e-03
  -8.9886017e-02   5.9520847e-01  -5.0862910e-01   6.1118412e-03  -1.5349945e-03  -1.3493314e-03
  -8.8992792e-02   5.0682951e-01  -5.0398524e-01   7.3311196e-03  -1.7134197e-03  -1.2296214e-03
  -7.0319048e-02   4.5517003e-01  -4.7786598e-01   6.8890516e-03  -1.6272422e-03  -9.4899426e-04
  -7.4567939e-02   4.7909816e-01  -4.6075712e-01   7.3568085e-03  -1.5269479e-03  -8.5154261e-04
  -8.8264866e-02   5.5028579e-01  -4.6740347e-01   7.1379892e-03  -1.5943261e-03  -1.0525071e-03
  -7.8856026e-02   5.9216300e-01  -4.7033164e-01   7.2177571e-03  -1.6036262e-03  -1.1340198e-03
  -7.7933449e-02   4.6671157e-01  -4.7055347e-01   7.0950167e-03  -1.5982192e-03  -1.1603707e-03
  -7.8381064e-02   5.3509047e-01  -4.9419906e-01   6.6656656e-03  -1.5846281e-03  -9.9480758e-04
  -8.2529053e-02   5.2215511e-01  -4.9928937e-01   6.9240325e-03  -1.5334192e-03  -1.0445461e-03
  -8.7823297e-02   5.5350093e-01  -4.9529376e-01   7.2913109e-03  -1.4142831e-03  -1.0259342e-03
  -9.7842308e-02   5.8920076e-01  -5.0135974e-01   7.1172346e-03  -1.3712684e-03  -1.0287505e-03
