   0.0000000e+00  -1.3870579e-14  -7.1054274e-15   6.9388939e-18   7.6364415e-18   1.3877788e-17
   7.7386963e-03   6.0750891e-02  -5.0948635e-02   2.1319877e-04   1.1767620e-06   9.2877672e-06
  -4.4671776e-03  -4.1664545e-02  -1.1975335e-02   2.8596163e-04  -4.7134815e-05  -1.5943852e-05
   1.1876872e-02   1.3457629e-02  -1.8955162e-02   4.6206511e-05  -1.7545157e-04   1.4925404e-04
   4.8355528e-03   9.8660512e-02  -9.0590458e-02   6.2711511e-04   7.3651644e-05  -4.0980095e-05
   4.2744381e-03   2.5291232e-02  -2.2310641e-02   4.4063365e-04  -1.0897671e-04   1.8540374e-05
   3.1250727e-03   4.5969217e-03  -7.8716106e-02   4.8459052e-04  -1.9253932e-04  -8.3901539e-05
   7.5844932e-03   1.0188836e-02  -4.9314658e-02   1.1257249e-04  -2.4113782e-04   9.8760304e-05
   3.4517453e-03  -1.7139269e-02  -7.9500872e-02   7.3871516e-04  -1.9908725e-05  -1.4350944e-05
   9.6701235e-03  -3.8404481e-02  -1.5459013e-02   2.5120843e-06  -2.7391751e-04   1.1087594e-04
   4.2576942e-03   1.1001978e-02  -7.5186869e-02   9.3228175e-04   5.2801375e-05  -7.6833191e-05
   5.5826508e-03  -7.3059347e-04  -1.7250034e-02  -2.1929234e-04  -1.4344749e-04   1.2607642e-04
   4.4699444e-03   8.0977551e-02  -1.3997035e-01   8.6155882e-04   2.6677929e-04   9.3773499e-05
   1.7260535e-04  -6.6013624e-02   2.2365596e-02  -4.9268984e-06  -8.7441504e-05   1.9821180e-04
   2.1219201e-02   1.1281685e-01  -1.2076134e-01   1.1226012e-03   9.9192461e-05   2.2370909e-04
   9.5915097e-03   3.4011502e-02  -7.8388563e-02   4.9916903e-04   1.1430821e-05  -6.4135445e-05
   6.1654853e-03  -8.8070019e-02  -5.5689676e-02   1.0233253e-03  -1.9882615e-04   1.7530251e-04
   1.4125503e-02   7.7163364e-02  -1.1040712e-01   6.6607059e-04   2.9827721e-05  -3.2124940e-05
   1.1095671e-02   2.7184786e-02  -6.9678147e-02   1.1768013e-03   6.2842827e-05   7.0171939e-05
   1.8433155e-02   1.2813076e-01  -1.1148985e-01  -9.0783496e-06   6.2494965e-05   5.5415657e-05
   1.0607201e-02  -1.1988391e-02  -9.6797020e-02   1.3426615e-03   2.1613823e-04  -1.2395243e-04
   1.2469672e-02   4.4623414e-02  -1.1021901e-01   6.0113683e-04   2.0067990e-04   5.6463375e-05
   6.8772324e-03   2.4072510e-02  -7.6002199e-02   1.3299354e-03   4.2020046e-04   1.4146668e-04
   6.5837005e-03  -9.1754615e-03  -7.4244370e-02   5.2988088e-04   2.9205388e-04   1.6841600e-04
   1.7430290e-02   1.2319231e-01  -1.6211474e-01   1.0089977e-03   3.4343213e-04   1.2788566e-04
   1.4491641e-02  -1.9157060e-03  -1.3171818e-01   3.2912414e-04   1.7148792e-04   1.3373218e-05
   2.6947010e-02   2.8533580e-02  -1.1489795e-01   9.6205773e-04   1.9924041e-04   9.0012112e-05
   1.3980258e-02  -7.3464084e-03  -1.1518618e-01   9.0774736e-04   3.2943377e-04   1.1481771e-04
   3.0882361e-02   5.1821763e-02  -1.0624935e-01   7.9112217e-04   1.4301644e-04   2.8355660e-04
   2.5632486e-02   4.4268681e-02  -1.5890179e-01   1.1141518e-03   3.9021685e-04   1.0062773e-04
   1.9754310e-02  -2.2417514e-02  -7.6160724e-02   1.2603886e-03   3.4765313e-04   1.8270792e-04
   3.6047127e-02   3.5748408e-02  -1.1067146e-01  -6.8406534e-05   1.0025327e-04   3.4719782e-04
   2.6682209e-02   8.4148420e-02  -1.4112658e-01   1.1161773e-03   5.2457199e-04   1.3137618e-04
   1.8438794e-02  -2.2257287e-03  -1.3993128e-01   5.9177804e-04   2.7185545e-04  -2.6387996e-05
   2.7783706e-02   9.0450858e-02  -1.3049016e-01   8.1771931e-04   4.1061019e-04   1.2700510e-05
   2.3318671e-02  -1.9277197e-02  -1.2620704e-01   6.5607541e-04   3.8098525e-04   1.5079169e-04
   3.8594622e-02   9.1625996e-02  -1.1612198e-01   6.8449236e-04   4.6237941e-04   1.4893862e-04
   3.0429944e-02  -1.1492912e-02  -1.3151580e-01   1.0038630e-03   2.4588019e-04   1.8724883e-05
   3.4593716e-02   1.2418469e-01  -1.1440476e-01   6.9103693e-04   4.6820458e-04   1.7602320e-05
   2.6965828e-02  -1.5920240e-02  -9.6346632e-02   6.6065475e-04   3.2518134e-04   5.2179859e-05
   3.5899162e-02   1.8109603e-01  -1.4972020e-01   1.9484801e-04   4.2206493e-04   4.0443518e-05
   2.3232422e-02   4.7744824e-02  -1.1098750e-01   6.7420199e-04   6.3072555e-04   1.4451293e-04
   3.7650409e-02   1.4009380e-01  -1.7269339e-01   4.7792127e-04   4.5982315e-04   5.7521626e-05
   3.4663399e-02   1.6653601e-02  -1.1218645e-01   8.2790538e-04   4.5619405e-04  -4.2755167e-05
   3.9929337e-02   1.4512099e-01  -1.6959029e-01   4.6470230e-04   4.6192792e-04   1.9761362e-04
   3.0766091e-02   4.8949731e-02  -1.2532205e-01   4.3732099e-04   4.0429234e-04   9.7860475e-05
   3.9812017e-02   1.1079022e-01  -1.8890905e-01   4.9919596e-04   2.8843819e-04   1.6251537e-04
   3.8284413e-02   7.3001142e-02  -1.5870288e-01   6.2916143e-04   2.0698327e-04  -2.0689679e-05
   3.7265297e-02   4.8133411e-03  -1.2629981e-01   4.0834078e-04   2.2496018e-04   1.1675628e-04
   3.5239459e-02   2.4336185e-02  -1.3329541e-01   1.3092948e-03   3.0364911e-04  -3.8640890e-05
   4.6604705e-02   1.1251036e-01  -1.4808531e-01   2.6968344e-04   2.2518458e-04  -3.3991393e-05
   4.0344488e-02   3.4370255e-02  -1.1664715e-01   1.1566575e-03   2.5156671e-04  -8.6435976e-05
   5.4116266e-02   1.4198152e-01  -1.7750872e-01   9.0385617e-04   2.0862885e-04   6.1429265e-05
   3.9720679e-02   8.7828997e-02  -1.6205521e-01   7.7127583e-04   3.8137005e-04  -8.9973170e-05
   4.4898258e-02   2.1810508e-02  -1.2994514e-01   7.1905827e-04   3.0296565e-04   1.2037541e-04
   4.0934521e-02   2.4834630e-02  -1.6489153e-01   9.2649065e-04   3.6934121e-04  -6.4170763e-05
   4.3437487e-02  -4.6960857e-03  -1.0709044e-01   6.0959329e-04   9.0289760e-05   1.4289943e-04
   4.4683564e-02   4.4484408e-02  -1.3699728e-01   5.2573567e-04   2.6134325e-04   1.8336858e-06
   4.8061604e-02   1.8205204e-02  -1.0223384e-01   6.8858801e-04   2.2490116e-04  -2.8351183e-06
   4.4783723e-02   6.8358930e-02  -1.2227100e-01   8.6919205e-04   3.0990628e-04   1.3244954e-04
   4.8851579e-02   1.1905194e-01  -1.7290593e-01   6.2537358e-04   5.5478485e-04   1.1263612e-04
   4.8291919e-02   3.4514965e-02  -1.4924569e-01   1.4045096e-03   2.9950819e-04   5.4444338e-05
   5.8460088e-02   1.3464406e-01  -1.6778534e-01   5.7051320e-04   3.5806627e-04  -1.0994102e-04
   5.0299368e-02   2.0395126e-02  -1.0698794e-01   1.2022441e-03   3.4936023e-04  -6.4606035e-05
   5.4842662e-02   7.7300056e-02  -1.4634490e-01   1.7084632e-04   3.7957616e-04   8.7089600e-05
   4.9320336e-02   3.9034363e-02  -1.2789656e-01   8.8895753e-04   4.8094674e-04   1.0862389e-04
   6.5006949e-02   1.9650745e-01  -2.0342113e-01   7.0223267e-04   4.9941201e-04   1.8759212e-04
   4.3210920e-02   6.2214197e-02  -1.6177114e-01   1.1297623e-03   6.3328025e-04  -2.5574233e-05
   5.8502331e-02   7.5554836e-02  -1.6427423e-01   4.9991263e-04   3.1725553e-04   3.0989386e-05
   6.4344191e-02   1.0674342e-01  -1.6708264e-01   1.1092260e-03   4.6498889e-04  -1.5263614e-04
   6.1555019e-02   1.3295070e-02  -1.2757623e-01   1.0978324e-03   5.0022310e-04   1.0145669e-04
   6.5480746e-02   1.1095408e-01  -1.7585261e-01   5.0908833e-04   4.7686783e-04   4.8644028e-05
   6.5190444e-02   7.2146945e-02  -1.4637668e-01   9.7574535e-04   4.5998615e-04   7.8874805e-05
   6.3026373e-02   5.0259354e-02  -1.5456390e-01   9.4949319e-04   4.0097807e-04  -9.4793485e-05
   6.7562535e-02   1.8006783e-01  -1.6282298e-01   1.0796666e-03   4.8537149e-04  -1.7466779e-05
   5.5442473e-02   3.7986474e-02  -1.3905933e-01   1.5371465e-03   5.5989363e-04   7.8821331e-07
   7.0760572e-02   1.1226746e-01  -1.5180037e-01   1.0506855e-03   5.2136679e-04  -1.6272365e-04
   6.7374642e-02   1.0232838e-01  -1.6028144e-01   2.1320741e-03   6.4117597e-04  -1.5776696e-04
   6.4074389e-02   8.7650481e-02  -1.7525843e-01   1.3540402e-03   5.5104577e-04  -2.2877222e-04
   6.1586561e-02   1.0266985e-02  -1.3374960e-01   1.5859835e-03   4.9098334e-04  -2.0626067e-04
   6.4555552e-02   1.3250588e-01  -2.1125881e-01   1.3177918e-03   5.4499816e-04  -2.8469390e-04
   6.5607116e-02   7.5549953e-02  -1.7360630e-01   1.0092711e-03   4.2803562e-04  -4.0340737e-04
   5.8303780e-02   1.9893577e-02  -1.5789105e-01   7.5260889e-04   5.2819549e-04  -1.2159983e-04
   5.7688004e-02   8.8014934e-02  -2.0868272e-01   1.3240027e-03   4.4349031e-04  -1.8034581e-04
   6.8645428e-02   1.1027165e-01  -1.7604568e-01   1.1055396e-03   2.7982292e-04  -3.5128219e-04
   6.2381320e-02   9.0592481e-02  -1.7307997e-01   1.3019961e-03   5.1534831e-04  -3.6202408e-04
   7.2857998e-02   7.6836636e-02  -1.5543102e-01   7.9223770e-04   4.5146916e-04  -2.9038757e-04
   5.7573827e-02   7.3804871e-02  -1.7977345e-01   1.4843444e-03   6.0979236e-04  -3.2813297e-04
   7.0379292e-02   1.3472682e-01  -1.7332712e-01   9.2688555e-04   3.7746927e-04  -3.0303918e-04
   6.0195141e-02   2.0622300e-01  -2.4417856e-01   1.3222967e-03   4.9106968e-04  -4.6680681e-04
   5.9859622e-02   7.2098317e-02  -1.5416443e-01   8.7296713e-04   4.1665577e-04  -3.7224228e-04
   4.9956464e-02   6.8299105e-02  -2.3862344e-01   1.4047282e-03   4.8806348e-04  -6.4106759e-04
   5.6972009e-02   9.8610215e-02  -1.6049213e-01   6.9759943e-04   3.9386798e-04  -4.3102794e-04
   6.3281300e-02   8.0503507e-02  -1.8848216e-01   1.3163271e-03   1.0700399e-04  -4.6518376e-04
   7.0053081e-02   1.7982806e-01  -1.7985858e-01   4.4238882e-04   1.9736652e-04  -3.4907349e-04
   5.2789814e-02   1.4416220e-01  -2.2084664e-01   1.7805874e-03   6.1202286e-04  -5.9282834e-04
   6.5331033e-02   1.4173040e-01  -2.1986595e-01   1.9378999e-04   2.5727417e-04  -5.6846956e-04
   6.8437542e-02   1.7605505e-01  -2.1715675e-01   1.5785923e-03   4.2783760e-04  -7.2889393e-04
   6.8228529e-02   3.0408047e-02  -1.7170178e-01   1.5267148e-03   3.6903122e-04  -5.2747960e-04
   7.7591103e-02   1.7979152e-01  -2.1350684e-01   1.0323410e-03   4.3619843e-04  -6.5217949e-04
   6.5024072e-02   5.2256769e-02  -1.9090911e-01   1.4785953e-03   3.9550635e-04  -7.5635570e-04
   7.0735348e-02   1.5578212e-01  -2.6468064e-01   1.6300671e-03   4.8377840e-04  -7.7961200e-04
   6.0252184e-02   6.0686343e-02  -1.6017771e-01   1.3542005e-03   4.3947864e-04  -6.2985721e-04
   7.0293512e-02   1.4066933e-01  -2.4476482e-01   9.5512942e-04   3.1375441e-04  -5.7259147e-04
   6.2676070e-02   1.0490779e-01  -2.1614741e-01   1.5955343e-03   5.9335121e-04  -6.0390030e-04
   6.0955329e-02   4.8786282e-02  -2.5277605e-01   1.8619136e-03   4.8317544e-04  -5.5098529e-04
   7.7801042e-02   1.5074886e-01  -2.0752018e-01   1.2422140e-03   5.2065287e-04  -5.1861606e-04
   6.1052820e-02   4.9521031e-02  -2.4168767e-01   2.2093373e-03   6.8504280e-04  -5.8519588e-04
   7.9015908e-02   1.2911214e-01  -2.3100362e-01   8.1965119e-04   4.8492982e-04  -3.9509150e-04
   6.6723476e-02   8.3995614e-02  -2.5236199e-01   1.7953407e-03   4.9161535e-04  -5.4709264e-04
   6.6697608e-02   1.4197457e-01  -2.7740826e-01   8.5837816e-04   3.5927415e-04  -6.7792515e-04
   6.7312186e-02   8.5845604e-02  -2.2725893e-01   1.4506658e-03   3.5992535e-04  -7.6844806e-04
   7.1067760e-02   8.4615059e-02  -2.4581949e-01   7.1838066e-04   2.5204744e-04  -5.6817820e-04
   6.0303056e-02   1.2143218e-01  -2.5130851e-01   1.6630308e-03   5.2191930e-04  -5.6679556e-04
   6.6170988e-02   9.7026209e-02  -2.8190880e-01   1.2870114e-03   2.6561215e-04  -7.0146723e-04
   7.0521251e-02   1.5517961e-01  -2.2222169e-01   1.0873895e-03   5.3590701e-04  -6.7448337e-04
   6.5384594e-02   7.6968525e-02  -2.5529253e-01   1.5890579e-03   5.2019332e-04  -7.5866646e-04
   8.0081754e-02   1.4026361e-01  -2.3049927e-01   6.3356515e-04   3.0872398e-04  -7.4066807e-04
   7.1377731e-02   1.0510942e-01  -2.5164401e-01   1.6589941e-03   5.9420588e-04  -8.5531731e-04
   7.1193017e-02   1.1226566e-01  -2.5554347e-01   4.4224719e-04   3.0398995e-04  -6.9612050e-04
   7.0110773e-02   1.6820623e-01  -2.7151123e-01   1.1068791e-03   4.3294508e-04  -7.3054889e-04
   7.1038700e-02   6.6833876e-02  -2.5242502e-01   1.5855456e-03   3.0669161e-04  -6.5856630e-04
   8.3785826e-02   1.7856110e-01  -2.8694269e-01   1.0860557e-03   5.1305852e-04  -6.3158254e-04
   7.2221183e-02   5.8762105e-02  -2.4981090e-01   1.6923161e-03   3.7423359e-04  -7.0941675e-04
   7.8583284e-02   1.1523940e-01  -2.5138844e-01   6.7986121e-04   3.6394965e-04  -5.6580495e-04
   7.1443455e-02   1.2268286e-01  -2.8222958e-01   1.2777952e-03   3.3498137e-04  -7.9755885e-04
   6.5826132e-02   8.6599570e-02  -2.4756827e-01   7.3726417e-04   4.9353314e-04  -6.2257249e-04
   6.4318685e-02   1.4449357e-01  -3.1950962e-01   1.1594735e-03   6.3824193e-04  -6.4333875e-04
   7.1988174e-02   1.3589262e-01  -2.7070346e-01   5.8101028e-04   3.8799637e-04  -6.5242010e-04
   7.0462226e-02   1.3241876e-01  -3.4564602e-01   1.7065839e-03   3.9552426e-04  -7.6454249e-04
   7.5621035e-02   1.1408741e-01  -2.3180562e-01   4.7282705e-04   4.3750052e-04  -6.0946406e-04
   8.0507077e-02   1.0780369e-01  -2.9452098e-01   2.0942866e-03   4.1943355e-04  -7.7047127e-04
   8.0384840e-02   8.3460384e-02  -2.3745319e-01   6.6846333e-04   4.4521006e-04  -6.9579158e-04
   7.5158000e-02   1.3251821e-01  -2.8169321e-01   1.1356094e-03   4.8935896e-04  -8.9686525e-04
   7.6251202e-02   5.4039436e-02  -2.4490689e-01   1.0662308e-03   3.4317911e-04  -9.9991632e-04
   8.2877161e-02   1.7084344e-01  -2.8976878e-01   5.3882074e-04   4.5013821e-04  -8.9190229e-04
   8.3332350e-02   1.0753219e-01  -2.3359795e-01   1.0749281e-03   3.3771487e-04  -9.3026273e-04
   8.3534072e-02   1.4029442e-01  -3.0082046e-01   1.3565058e-03   2.8674338e-04  -8.8959715e-04
   7.2794573e-02   1.4252338e-01  -2.6887841e-01   8.0838388e-04   3.7593927e-04  -9.4237615e-04
   7.3902695e-02   2.6453809e-02  -2.1300232e-01   9.1756796e-04   3.6373580e-04  -8.7593502e-04
   8.3114679e-02   3.0124423e-01  -3.3578902e-01   1.3500219e-03   5.4890777e-04  -7.0283908e-04
   6.4831939e-02   9.4464741e-02  -3.0552368e-01   2.0110441e-03   5.0209058e-04  -9.0459564e-04
   7.5236703e-02   1.7217269e-01  -3.1428886e-01   8.1648972e-04   5.5381751e-04  -9.8023715e-04
   7.7532957e-02   9.1400432e-02  -2.9611858e-01   1.7394426e-03   5.2306117e-04  -1.0117361e-03
   6.7416641e-02   1.4655377e-01  -3.1078732e-01   6.3855348e-04   4.9298028e-04  -1.0256281e-03
   7.0472425e-02   1.6946787e-01  -3.2151169e-01   1.1995346e-03   5.2809740e-04  -9.8833265e-04
   6.6293409e-02   2.0234000e-01  -3.8229069e-01   1.2459055e-03   6.8161410e-04  -1.1725268e-03
   7.7139119e-02   1.0875014e-01  -2.9128706e-01   1.2298421e-03   4.7776336e-04  -1.0368032e-03
   7.3293168e-02   1.8504052e-01  -3.7587593e-01   1.2396368e-03   5.6511781e-04  -1.1791187e-03
   7.3115118e-02   1.1578042e-01  -3.1109837e-01   1.6817096e-03   7.5262385e-04  -1.2101944e-03
   8.5728209e-02   2.4549531e-01  -4.0125209e-01   1.7523470e-03   5.9928320e-04  -1.1544927e-03
   8.2120121e-02   1.3059098e-01  -2.8744407e-01   1.9142717e-03   5.4747037e-04  -1.0301467e-03
   7.7996279e-02   1.4023719e-01  -3.4749032e-01   1.1861301e-03   5.4224320e-04  -1.1939389e-03
   8.4719198e-02   1.5974530e-01  -2.7388031e-01   1.5748192e-03   4.5302441e-04  -1.2412861e-03
   7.7059361e-02   1.7478133e-01  -3.5682131e-01   1.6838621e-03   6.3604098e-04  -1.3132154e-03
   8.8788351e-02   1.3777490e-01  -2.6692387e-01   1.7028242e-03   5.7550569e-04  -1.2339975e-03
   8.2381707e-02   2.1526046e-01  -3.8231384e-01   2.0593338e-03   5.7832051e-04  -1.1653186e-03
   7.7897097e-02   1.6182589e-01  -2.5502445e-01   1.4479531e-03   5.9267183e-04  -1.1293806e-03
   8.6976880e-02   1.0819070e-01  -3.0886966e-01   1.3927818e-03   4.0388144e-04  -9.0501111e-04
   9.0380893e-02   2.9639210e-01  -3.8824668e-01   1.6118577e-03   8.6174820e-04  -1.2433917e-03
   8.6848308e-02   5.3348597e-02  -2.6337609e-01   1.6173252e-03   5.2424458e-04  -1.2535305e-03
   9.9876926e-02   2.2031089e-01  -3.4329831e-01   6.1062388e-04   6.6382698e-04  -1.0028233e-03
   9.4196348e-02   1.1650071e-01  -3.1770340e-01   1.8798293e-03   5.8535479e-04  -1.0422777e-03
   9.4916178e-02   1.4793215e-01  -3.2395462e-01   6.7968374e-04   6.3674184e-04  -8.8889815e-04
   9.6078558e-02   1.4041110e-01  -3.0561227e-01   1.3321223e-03   5.4514692e-04  -9.4147087e-04
   1.0287646e-01   1.7014596e-01  -3.4439435e-01   5.7899765e-04   4.9102527e-04  -9.4992224e-04
   1.0357912e-01   1.7360270e-01  -3.0743263e-01   9.2549957e-04   4.7185248e-04  -1.1606670e-03
   9.7699947e-02   1.2983743e-01  -3.3198809e-01   1.0173964e-03   4.6339050e-04  -1.0843080e-03
   1.0216090e-01   1.6078785e-01  -3.2492588e-01   1.0601931e-03   4.8560289e-04  -1.0802807e-03
   9.6394791e-02   1.7152067e-01  -4.0239983e-01   1.8588457e-03   5.9975863e-04  -1.3031006e-03
   1.0555210e-01   6.5168470e-02  -2.4076721e-01   1.3747010e-03   4.7589258e-04  -1.1159824e-03
   1.1520955e-01   5.4962813e-02  -2.4621848e-01   1.0969933e-03   2.8171568e-04  -9.4097906e-04
   1.1965147e-01   3.2264001e-01  -3.6680196e-01   1.4069804e-03   7.0947527e-04  -1.2916915e-03
   1.0497373e-01   2.7205428e-02  -2.6607116e-01   1.5964892e-03   4.0591410e-04  -1.1161435e-03
   1.2680565e-01   2.5743270e-01  -3.4962955e-01   1.1451245e-03   5.3500247e-04  -1.1079784e-03
   1.0881904e-01   1.4913789e-01  -3.0293374e-01   2.0989621e-03   3.9024085e-04  -1.1633103e-03
   1.1148164e-01   2.2940592e-01  -3.7106023e-01   1.6647871e-03   6.5785641e-04  -1.1569455e-03
   1.0575292e-01   1.5921410e-01  -3.4948103e-01   2.2780861e-03   5.7588488e-04  -1.1592036e-03
   1.0725363e-01   2.0326937e-01  -3.5781404e-01   1.2773563e-03   5.1349522e-04  -1.1954034e-03
   1.0188635e-01   1.1292103e-01  -3.2387355e-01   2.4976996e-03   3.2270190e-04  -1.1471937e-03
   1.0696152e-01   1.3348689e-01  -3.2666180e-01   1.0466903e-03   3.4813775e-04  -1.2862509e-03
   1.1352981e-01   9.8711561e-02  -2.9567136e-01   2.0755281e-03   3.9085028e-04  -1.3753104e-03
   1.2967671e-01   1.7647427e-01  -3.2875825e-01   1.5957193e-03   5.8911458e-04  -1.2681340e-03
   1.3402999e-01   1.4039390e-01  -2.5611226e-01   1.1871999e-03   5.2190243e-04  -1.1402777e-03
   1.3219482e-01   1.9449274e-01  -3.9720705e-01   1.9774380e-03   8.6281288e-04  -1.1276377e-03
   1.2645555e-01   1.5967914e-01  -3.3939826e-01   8.3287281e-04   3.2308320e-04  -1.2086523e-03
   1.2478040e-01   1.1538014e-01  -3.2122341e-01   5.4898004e-04   5.0851347e-04  -1.0640387e-03
   1.2411855e-01   2.0492983e-01  -3.7905487e-01   1.1763021e-03   4.9563771e-04  -1.1544983e-03
   1.2712459e-01   1.9738324e-01  -3.4631590e-01   4.7882309e-04   4.3063835e-04  -1.0354174e-03
   1.3478235e-01   1.4140409e-01  -3.6155993e-01   1.4468496e-03   2.5499827e-04  -1.1807392e-03
   1.3208771e-01   1.9993952e-01  -3.6274362e-01   1.0757982e-03   2.8025496e-04  -1.1374207e-03
   1.3068564e-01   1.2523349e-01  -3.1694194e-01   1.5851436e-03   7.2001864e-05  -1.1488338e-03
   1.3333846e-01   1.9155579e-01  -3.4024155e-01   3.8151493e-04   1.5096223e-04  -1.1466344e-03
   1.3098858e-01   1.4184294e-01  -3.5112436e-01   1.4014912e-03   2.4214027e-04  -1.1332297e-03
   1.3577178e-01   2.4460897e-01  -3.9899390e-01   1.5500172e-03   3.3524483e-04  -1.3081993e-03
   1.2773846e-01   1.7361862e-01  -3.2210557e-01   2.1368371e-03   3.4646641e-04  -1.2435324e-03
   1.2680769e-01   1.6693733e-01  -3.5185775e-01   1.3944056e-03   2.0016739e-04  -1.2587659e-03
   1.1611765e-01   1.8711748e-01  -3.7086462e-01   1.8018215e-03   2.8432372e-04  -1.3912446e-03
   1.1767069e-01   1.5334958e-01  -3.5294269e-01   1.0615366e-03   2.6058666e-04  -1.1535784e-03
   1.1631149e-01   1.7229719e-01  -3.6741846e-01   1.9312167e-03   3.2728904e-04  -1.4932309e-03
   1.2187201e-01   2.2011443e-01  -3.9394041e-01   1.2928750e-03   1.7740662e-04  -1.5019741e-03
   1.2047266e-01   2.0376622e-01  -3.7469052e-01   2.0769742e-03   4.4752956e-04  -1.5088038e-03
   1.2582312e-01   1.8784015e-01  -3.4238873e-01   1.1183005e-03   3.0314887e-04  -1.3005016e-03
   1.1704380e-01   1.7160211e-01  -3.8396824e-01   2.3542262e-03   5.7902743e-04  -1.5491305e-03
   1.2657345e-01   1.7456332e-01  -3.7157918e-01   5.2103591e-04   1.7260725e-04  -1.3637222e-03
   1.2859193e-01   2.4804433e-01  -3.5844784e-01   1.9033211e-03   4.0744249e-04  -1.4157956e-03
   1.2321061e-01   9.2662401e-02  -3.5889157e-01   1.7679371e-03   2.8752190e-04  -1.3502009e-03
   1.3295898e-01   2.3221829e-01  -3.6666537e-01   1.3315662e-03   3.4780172e-04  -1.3418081e-03
   1.2806517e-01   9.8339046e-02  -3.2572753e-01   1.8504687e-03   1.3848000e-04  -1.4256088e-03
