   1.5745665e-14  -1.3536618e-14  -7.1054274e-15   1.3877788e-17  -5.7928812e-18   1.3877788e-17
  -1.3469587e-03  -4.3819823e-03   1.7458318e-03   6.0551350e-04  -2.0270730e-04  -1.5049098e-05
  -2.0701570e-02  -3.5579283e-02  -5.7465147e-03   3.0460997e-04  -4.4894700e-04  -1.9008188e-05
  -2.9827813e-02  -7.0852879e-02   1.2533046e-03   3.0026451e-04  -5.4799384e-04   3.0799753e-05
  -1.4365654e-02   3.0490792e-02   1.2007243e-03   7.9730659e-06  -6.1686402e-04   1.4215494e-04
  -1.3530491e-02   5.1912546e-03  -3.8967433e-03  -3.6276624e-05  -2.4910281e-04   1.6528562e-04
  -2.3053905e-02  -1.1570256e-02  -4.0951531e-02  -3.2281757e-05  -3.8593116e-04   5.8634514e-05
  -2.5354350e-02  -2.8607884e-02  -1.4727592e-02   8.6564563e-05  -6.5760231e-04  -7.7480889e-05
  -3.2985015e-02  -3.7743250e-02  -1.3972315e-02  -1.0308781e-04  -5.5211916e-04  -1.0122620e-04
  -2.5166732e-02  -1.1225987e-02  -5.4376504e-03  -2.4724574e-04  -5.8407682e-04   2.7219217e-05
  -2.7004478e-02  -6.8331807e-02  -1.8011933e-02  -1.1031975e-03  -1.4047951e-03  -5.5734656e-05
  -3.0704522e-02   1.4147220e-02   1.1002009e-02  -1.3280372e-03  -1.2382529e-03   4.1850208e-05
  -1.7590013e-02   1.9680073e-02   2.3439889e-03  -1.9900093e-03  -1.2659173e-03   8.4380576e-05
  -2.1056315e-02   3.0763096e-04   1.8850866e-03  -1.2231135e-03  -1.4878884e-03   9.7316237e-05
  -2.3201444e-02  -6.8191104e-03  -1.4339209e-03  -9.7513038e-04  -1.3393671e-03   6.6629217e-05
  -1.6917326e-02   5.1611278e-02   1.7109322e-02  -1.0411682e-03  -1.4497973e-03   1.9991484e-04
  -1.9367932e-02   1.7337961e-02   1.1537831e-02  -7.5443093e-04  -1.3477525e-03  -5.8121676e-06
  -1.4257923e-02  -1.4831292e-02  -2.4932881e-02  -1.0026053e-03  -1.4672846e-03  -2.2802216e-04
  -3.7162096e-03   4.6551014e-02  -2.6257106e-02  -1.3431664e-03  -1.6668057e-03  -3.9453383e-05
  -1.5128310e-02   1.1865130e-02   6.4300653e-03  -9.8015628e-04  -1.5537699e-03  -2.0142379e-04
  -1.1038332e-02  -1.7352379e-02  -8.0616316e-03  -1.0420871e-03  -1.5907880e-03   6.8999300e-05
  -1.9761773e-02  -7.3111228e-03   5.2353693e-03  -1.2998159e-03  -1.5216618e-03   1.7987442e-04
  -1.5990188e-02   3.5521834e-02  -1.9079843e-03  -1.4644242e-03  -1.3628559e-03   2.3175997e-04
  -9.7699926e-03   5.8095451e-02  -3.2035696e-03  -1.2690588e-03  -1.4383954e-03   8.5100935e-05
  -1.6031268e-02   2.4422092e-02  -1.3320930e-03  -8.1313699e-04  -1.3065783e-03   1.3228719e-04
  -7.8364873e-03  -1.6016996e-02  -1.0581146e-02  -6.6446316e-04  -1.4440724e-03   9.3311071e-05
  -2.1777910e-02   2.5916516e-02   1.0744651e-02  -1.3261341e-03  -1.4212135e-03   4.8378175e-04
  -2.1984278e-02   3.2346894e-02  -1.1083010e-02  -1.4117148e-03  -1.3227665e-03   2.2191835e-04
  -1.6251643e-02  -3.5396596e-03  -6.1750597e-02  -1.3549796e-03  -1.4479546e-03   1.0184124e-04
  -1.9893904e-02   3.3012544e-02  -2.0367167e-02  -1.7085474e-03  -1.6585961e-03   2.3955018e-04
  -2.1407653e-02   2.4504015e-02   6.7475360e-03  -1.0091410e-03  -1.4123470e-03   1.3707314e-04
  -1.8979620e-02  -1.0291147e-02   3.9933790e-03  -1.0576156e-03  -1.2792533e-03   1.6085896e-04
  -1.3369699e-02   4.8418471e-02  -3.3743304e-03  -1.2841470e-03  -1.5377171e-03   3.0470075e-04
  -2.5151695e-02  -2.8847645e-03   2.1941789e-03  -1.2699073e-03  -1.4967856e-03   2.2860139e-04
  -1.6889659e-02   9.9456552e-03  -1.4411030e-02  -1.0358710e-03  -1.5029165e-03   1.1708962e-04
  -1.4460360e-02   1.7694401e-02  -4.2041688e-02  -1.3970347e-03  -1.6372249e-03   3.8918500e-05
  -1.7078628e-02   1.4756999e-02  -2.5740794e-02  -1.8003564e-03  -1.9905775e-03  -3.1643111e-06
  -1.5793440e-02   5.9919588e-02  -3.2063281e-02  -1.2683946e-03  -2.0972980e-03   2.2885440e-04
  -5.6464674e-03   9.5345050e-02  -1.1557868e-02  -1.5452273e-03  -1.8406094e-03   3.6339289e-04
  -8.6449085e-03   2.8470264e-02  -3.3886311e-02  -1.4993837e-03  -1.6313634e-03   3.0361380e-04
  -9.4883684e-03   3.0705388e-03  -3.3473605e-02  -1.3001406e-03  -1.7250738e-03   9.7812171e-05
  -2.0193405e-02   9.0684950e-03  -1.7797309e-03  -1.8841891e-03  -1.8267625e-03   1.7563947e-04
  -2.8409013e-02  -1.2671005e-02   6.7932828e-03  -1.3614582e-03  -1.8188175e-03   1.5201479e-04
  -3.4781497e-02  -2.3777915e-02  -1.4432682e-02  -1.6599913e-03  -1.5690899e-03  -3.6261387e-05
  -1.4478905e-02   5.2122016e-02   1.0506287e-04  -1.7086251e-03  -1.7509159e-03   1.8717596e-04
  -1.4186411e-02   3.7749808e-02  -1.7609187e-02  -1.5110618e-03  -1.7422583e-03   2.0832483e-04
  -2.4586185e-02   2.6761420e-02  -3.4517732e-02  -1.4527388e-03  -1.5877033e-03   1.5903292e-04
  -1.6233725e-02   3.0404696e-02  -1.2936856e-02  -1.8230597e-03  -1.8703924e-03   1.9362601e-04
  -2.6000309e-02   4.3718896e-02  -1.6188691e-02  -1.3479522e-03  -1.6153583e-03   1.5544488e-04
  -2.4891687e-02  -5.2483601e-03  -3.0056697e-02  -1.3670672e-03  -1.4523277e-03   9.1264970e-05
  -1.7438593e-02   1.3979642e-02  -1.7733014e-03  -1.7579502e-03  -1.4494550e-03   1.7505141e-04
  -2.4356287e-02  -2.4965430e-02  -9.1685440e-03  -1.5155526e-03  -1.6626399e-03   1.3986946e-04
  -3.3952450e-02   2.5424675e-02  -3.1667369e-02  -1.6784794e-03  -1.6456814e-03   9.8875876e-05
  -3.7163946e-02   3.7531921e-02  -2.6499445e-02  -1.6388559e-03  -1.7432252e-03   1.6739797e-04
  -2.8976067e-02   3.9682726e-02  -1.1738239e-02  -1.8479817e-03  -1.4898790e-03   1.7672851e-04
  -2.2070854e-02   5.3776550e-02  -2.8878421e-02  -1.8122663e-03  -1.3451674e-03   2.6208507e-04
  -3.2133592e-02   3.9613014e-02  -3.5508840e-02  -1.7847045e-03  -1.4019592e-03   1.3994083e-04
  -3.2024783e-02   7.2503435e-02  -3.4107195e-02  -1.9465526e-03  -1.6261234e-03   1.2096585e-04
  -3.0543153e-02   3.0118353e-02  -2.5459631e-02  -2.0086242e-03  -1.6184649e-03   5.0403915e-05
  -3.2101191e-02   8.3984652e-03  -5.7086041e-02  -1.9509094e-03  -1.7384954e-03   1.4021155e-04
  -3.3082497e-02   6.0464167e-02  -6.5069130e-02  -1.7404329e-03  -1.7500167e-03   1.3589455e-04
  -2.4853709e-02   7.5260688e-02  -4.9157113e-02  -1.5823615e-03  -1.6154159e-03   1.6511149e-04
  -2.6244480e-02   8.2634825e-02  -4.2436735e-02  -1.6255264e-03  -1.6130595e-03   2.1854273e-04
  -2.7580504e-02   7.4042025e-02  -3.0900132e-02  -1.7512117e-03  -1.7071586e-03   2.6490948e-04
  -2.5469214e-02   4.4956305e-02  -5.0814783e-02  -1.7819125e-03  -1.6692037e-03   2.1582142e-04
  -2.4987548e-02   4.6245920e-02  -7.5911315e-02  -1.7141524e-03  -1.5069466e-03   2.2776942e-04
  -3.1771090e-02   3.2690577e-02  -5.5477130e-02  -1.8926593e-03  -1.6333005e-03   9.6299356e-05
  -2.4463652e-02   8.3043254e-02  -4.4628626e-02  -1.8292714e-03  -1.7012733e-03   2.0622485e-04
  -2.9902481e-02   7.7050345e-02  -4.0429573e-02  -1.6524594e-03  -1.5210968e-03   1.3562905e-04
  -1.9543590e-02   6.1455085e-02  -6.4982829e-02  -1.7354633e-03  -1.6183440e-03   1.4572119e-04
  -2.1920102e-02   3.1275935e-02  -5.9445480e-02  -1.8785315e-03  -1.5966878e-03   2.6215228e-04
  -2.2519668e-02   1.4874271e-02  -4.1706278e-02  -2.0370472e-03  -1.5953083e-03   2.9332551e-04
  -2.7114672e-02  -3.0244553e-03  -5.8448478e-02  -1.8950110e-03  -1.6956185e-03   3.1864788e-04
  -2.4403546e-02   1.4228857e-02  -9.1760767e-02  -2.1245074e-03  -1.7266872e-03   2.3433340e-04
  -2.4617733e-02   2.9222212e-02  -6.5511082e-02  -2.4679780e-03  -2.0092550e-03   3.3024781e-04
  -2.3072636e-02   2.2227352e-02  -6.7342759e-02  -2.2913052e-03  -1.7200892e-03   2.9734185e-04
  -1.7003536e-02   6.1748913e-02  -8.7774754e-02  -1.8758780e-03  -1.6990366e-03   1.5893267e-04
  -1.9645332e-02   8.4620439e-02  -8.4429552e-02  -2.1416791e-03  -1.7962937e-03   2.8922746e-04
  -2.4864086e-02   7.1492222e-02  -5.8765141e-02  -1.9502441e-03  -1.7562182e-03   2.6330653e-04
  -2.8318986e-02  -1.5367976e-02  -7.3873464e-02  -1.7098555e-03  -1.7955970e-03   2.2485991e-04
  -2.6644670e-02   2.0692018e-02  -9.1357050e-02  -1.5987363e-03  -1.6996839e-03   2.4788940e-04
  -2.6107871e-02   5.2171777e-02  -8.5675817e-02  -2.4848493e-03  -1.6675387e-03   2.9040251e-04
  -1.6866788e-02   9.7381430e-02  -7.6061316e-02  -2.1074067e-03  -1.7525035e-03   3.8254094e-04
  -2.2406933e-02   2.0198236e-02  -9.1292049e-02  -1.7197120e-03  -1.7123630e-03   2.4879506e-04
  -3.2374761e-02   3.8179626e-03  -1.1275832e-01  -1.9313404e-03  -1.5940529e-03   3.3625094e-04
  -2.3272372e-02   9.0005935e-02  -1.2544624e-01  -1.7721865e-03  -1.7276872e-03   3.1318643e-04
  -2.6852882e-02   1.3616631e-01  -9.4184576e-02  -2.5188818e-03  -1.6377077e-03   3.9637050e-04
  -2.5318837e-02   1.1443935e-01  -8.8027399e-02  -1.8893942e-03  -1.6243154e-03   2.7705627e-04
  -2.2545396e-02   5.7971578e-02  -9.6650101e-02  -2.4274575e-03  -1.7617288e-03   2.5722348e-04
  -2.8272228e-02   6.0425248e-02  -1.0597311e-01  -2.0407095e-03  -1.8005671e-03   3.0867503e-04
  -3.5761366e-02   8.2209554e-02  -8.9901495e-02  -2.5392640e-03  -1.7289462e-03   3.3855070e-04
  -2.4273691e-02   9.9982268e-02  -8.1630566e-02  -2.3218290e-03  -1.6154147e-03   7.6518188e-04
  -1.5610290e-02   1.2395076e-01  -9.1763870e-02  -1.8170725e-03  -1.6375297e-03   2.7972940e-04
  -1.8066374e-02   5.2748492e-02  -7.8706174e-02  -2.4872496e-03  -1.6439007e-03   2.7759533e-04
  -3.5494180e-02   4.8077522e-02  -1.1071176e-01  -1.8791818e-03  -1.7532466e-03   2.9391408e-04
  -3.8770160e-02   1.3772192e-01  -1.0605441e-01  -1.9670578e-03  -1.9133212e-03   3.5289055e-04
  -3.7554329e-02   1.0052317e-01  -6.9663588e-02  -1.7445201e-03  -1.8960172e-03   2.7202921e-04
  -3.5484500e-02   4.6507275e-02  -8.6558922e-02  -2.3869553e-03  -1.9050161e-03   1.7176116e-04
  -3.1827383e-02   7.9340622e-02  -9.6203829e-02  -2.0664907e-03  -1.8697734e-03   2.0907341e-04
  -3.7974936e-02   7.8086260e-02  -9.5226372e-02  -1.7999224e-03  -1.8640729e-03   2.7441132e-04
  -2.8600637e-02   1.6584550e-01  -8.8868347e-02  -1.2170526e-03  -2.1202933e-03   2.8662036e-04
  -2.7379578e-02   6.4951434e-02  -7.2428551e-02  -2.4987458e-03  -1.9419048e-03   4.3592862e-04
  -2.4433711e-02   9.8624271e-02  -1.0700647e-01  -2.3839633e-03  -2.1116251e-03   2.3415563e-04
  -3.5778582e-02   1.3814662e-01  -1.0637206e-01  -2.0812955e-03  -2.0562277e-03   2.9667572e-04
  -3.7299792e-02   9.0946187e-02  -7.9136557e-02  -1.7097397e-03  -1.7893609e-03   3.4028814e-04
  -3.0887591e-02   9.2158716e-02  -1.1667542e-01  -2.6756801e-03  -1.8160002e-03   3.1357121e-04
  -3.3550637e-02   1.1147411e-01  -1.0311901e-01  -2.6968815e-03  -1.8248289e-03   3.4396802e-04
  -3.5381265e-02   1.1180357e-01  -1.0773285e-01  -2.2659590e-03  -1.9671526e-03   3.4459365e-04
  -3.3999641e-02   1.1183649e-01  -1.0056714e-01  -1.8879734e-03  -1.9220520e-03   3.0602543e-04
  -3.8763022e-02   7.0266197e-02  -1.0011839e-01  -2.1165840e-03  -1.9351755e-03   2.6656323e-04
  -4.3513096e-02   8.8563542e-02  -9.4298302e-02  -1.8199376e-03  -1.8907288e-03   3.2228981e-04
  -3.8860908e-02   7.5224751e-02  -9.9308665e-02  -1.9125446e-03  -1.9655558e-03   2.8782027e-04
  -3.8269348e-02   3.7785912e-02  -1.0961704e-01  -1.6972617e-03  -2.0339493e-03   2.0231124e-04
  -4.6043428e-02   1.1407325e-01  -9.1592145e-02  -2.4994987e-03  -1.8795080e-03   5.1857065e-04
  -4.7640673e-02   6.5980055e-02  -8.5004413e-02  -2.3696027e-03  -2.0726878e-03   3.9317165e-04
  -4.7318380e-02   8.7465529e-02  -1.1589577e-01  -2.0006585e-03  -2.0114865e-03   2.7885648e-04
  -4.3053491e-02   1.0642306e-01  -1.1744327e-01  -2.0158926e-03  -1.8413712e-03   4.3595332e-04
  -3.1205994e-02   1.5125406e-01  -9.7852119e-02  -2.3030951e-03  -1.7842726e-03   5.0888882e-04
  -2.5902918e-02   1.4625952e-01  -1.0215615e-01  -2.2748989e-03  -2.0401021e-03   6.6825137e-04
  -3.3789679e-02   8.0529719e-02  -1.0069080e-01  -2.7245981e-03  -2.0097320e-03   6.8125399e-04
  -3.4781581e-02   1.2953039e-01  -9.8107266e-02  -2.2684837e-03  -2.0734506e-03   8.2804479e-04
  -3.3291154e-02   1.3822260e-01  -1.0347824e-01  -1.8889687e-03  -1.8055148e-03   5.3233224e-04
  -3.5363950e-02   8.1350994e-02  -1.2648408e-01  -2.4936946e-03  -1.8282592e-03   3.9742377e-04
  -4.5333225e-02   1.4845772e-01  -1.1696481e-01  -2.0969187e-03  -2.1560409e-03   4.5747867e-04
  -4.0483967e-02   1.0716560e-01  -8.0611489e-02  -2.6660273e-03  -2.1855358e-03   5.4248438e-04
  -3.6586849e-02   1.2616807e-01  -8.2937804e-02  -2.4647012e-03  -2.0011720e-03   6.5301727e-04
  -3.6873560e-02   9.5914077e-02  -9.2311191e-02  -2.1984715e-03  -1.9471899e-03   6.5808737e-04
  -4.3427521e-02   1.1776376e-01  -8.8830454e-02  -2.7142525e-03  -2.0056274e-03   6.1188369e-04
  -4.4928719e-02   1.0192519e-01  -1.0144921e-01  -2.8283388e-03  -2.1590434e-03   6.7899503e-04
  -5.5252900e-02   6.9182551e-02  -1.1775543e-01  -3.0964996e-03  -1.9880239e-03   7.0905411e-04
  -2.7930069e-02   1.2266734e-01  -1.0237162e-01  -3.2276741e-03  -2.3979454e-03   6.0074939e-04
  -2.2848511e-02   1.5626768e-01  -1.1539095e-01  -2.4331129e-03  -2.2070050e-03   4.1007842e-04
  -2.9260180e-02   1.2070784e-01  -1.3608543e-01  -2.9463047e-03  -2.0718759e-03   3.9283609e-04
  -2.6059221e-02   1.2766953e-01  -1.3162677e-01  -2.0363150e-03  -2.1934820e-03   4.7457582e-04
  -2.3372714e-02   1.8311735e-01  -1.1746664e-01  -3.0734152e-03  -2.1853332e-03   6.3147621e-04
  -3.0162499e-02   2.1008012e-01  -8.6551323e-02  -3.0858824e-03  -2.1410055e-03   5.9816375e-04
  -3.0076683e-02   1.6455091e-01  -1.4252754e-01  -3.1142959e-03  -2.0771120e-03   5.1591946e-04
  -3.7096739e-02   1.1365880e-01  -1.4667253e-01  -1.6882509e-03  -2.0689928e-03   1.7986569e-04
  -3.3898059e-02   1.8088501e-01  -1.4837424e-01  -1.4391917e-03  -2.1859776e-03   1.4818202e-04
  -2.7567643e-02   2.1799442e-01  -1.3043977e-01  -2.8339957e-03  -2.4428947e-03   1.4623772e-04
  -3.5958210e-02   2.1269663e-01  -1.0379774e-01  -2.5010812e-03  -2.5366098e-03   1.9273474e-04
  -4.0324775e-02   1.1854526e-01  -1.0987112e-01  -2.2684094e-03  -2.4083936e-03   1.8560658e-04
  -4.1575259e-02   1.2976185e-01  -1.2196896e-01  -2.2581847e-03  -2.1867653e-03   2.4329288e-04
  -3.5832765e-02   1.8899813e-01  -1.2497431e-01  -2.2562795e-03  -2.2347258e-03   1.7462061e-04
  -3.8031777e-02   1.4747372e-01  -1.2952486e-01  -2.3118245e-03  -2.4821045e-03   1.8922475e-04
  -3.7558824e-02   1.0466318e-01  -1.2128679e-01  -1.9034252e-03  -2.7559640e-03   1.7772410e-04
  -3.2546802e-02   1.3788810e-01  -1.5171105e-01  -2.0556499e-03  -2.7405850e-03   2.4132973e-04
  -3.9831732e-02   1.4288904e-01  -1.3451717e-01  -2.3396455e-03  -2.5799605e-03   1.8609618e-04
  -2.4846188e-02   2.0208036e-01  -1.2483868e-01  -2.3675485e-03  -2.6536038e-03   4.6721088e-04
  -2.7980166e-02   1.3139217e-01  -9.7928953e-02  -2.0090794e-03  -3.0304849e-03   2.5848519e-04
  -2.3268845e-02   9.9194911e-02  -1.3131756e-01  -2.2431492e-03  -2.9424158e-03   4.4592969e-04
  -4.1805186e-02   1.4833324e-01  -8.5562199e-02  -2.6379086e-03  -2.5581034e-03   7.1026783e-04
  -4.1097128e-02   1.6494243e-01  -8.5525465e-02  -3.1436709e-03  -3.0708858e-03   5.8878762e-04
  -3.0457757e-02   1.3844165e-01  -8.3341757e-02  -3.0593648e-03  -3.1497182e-03   8.1878376e-04
  -2.7624204e-02   1.5112191e-01  -1.2162028e-01  -3.0640298e-03  -2.9381511e-03   7.4214165e-04
  -2.6363539e-02   1.8485231e-01  -1.1980834e-01  -3.2736415e-03  -3.0442269e-03   7.7327858e-04
  -2.8069333e-02   1.8892847e-01  -1.0775731e-01  -3.3074486e-03  -3.1269404e-03   8.0987682e-04
  -1.8957672e-02   1.8320634e-01  -1.0079284e-01  -3.0682312e-03  -3.1857131e-03   6.9667889e-04
  -2.1535525e-02   1.5765292e-01  -1.0371266e-01  -3.8209065e-03  -3.1745239e-03   8.7662623e-04
  -1.0248972e-02   2.0031568e-01  -8.6268208e-02  -3.6183113e-03  -3.3600674e-03   1.0085610e-03
  -1.2280148e-02   1.5702001e-01  -1.0731504e-01  -3.9450978e-03  -3.2280391e-03   1.0038669e-03
  -1.1281579e-02   2.2523249e-01  -1.3191784e-01  -3.5769896e-03  -3.1901586e-03   9.7706647e-04
  -1.6561838e-02   2.1717957e-01  -1.2028215e-01  -3.7524566e-03  -3.1424574e-03   9.8040224e-04
  -1.6787850e-02   2.1971265e-01  -1.0905699e-01  -3.5695224e-03  -3.2175685e-03   8.6051413e-04
  -1.5353041e-02   1.8746603e-01  -1.2595365e-01  -3.2095927e-03  -3.1721601e-03   7.1043919e-04
  -2.0000689e-02   1.8157732e-01  -1.0969208e-01  -3.5506429e-03  -3.2730256e-03   7.6259416e-04
  -2.0098044e-02   1.8109914e-01  -1.0136200e-01  -3.4789968e-03  -3.3885853e-03   8.4592682e-04
  -1.8940119e-02   1.5112537e-01  -9.9613558e-02  -3.8823818e-03  -3.5091713e-03   9.6520386e-04
  -1.7855999e-02   1.3989548e-01  -9.5200621e-02  -3.5448659e-03  -3.5557236e-03   9.3199232e-04
  -1.5628266e-02   1.5546501e-01  -1.2998637e-01  -3.6297005e-03  -3.4215365e-03   8.4814625e-04
  -3.3596864e-03   2.2228865e-01  -1.1634815e-01  -3.9841996e-03  -3.5244330e-03   1.0791058e-03
   1.3122993e-02   2.6116628e-01  -1.1999455e-01  -3.6066203e-03  -3.4876488e-03   1.0492493e-03
   1.0995728e-02   1.6466024e-01  -1.0859892e-01  -3.3544375e-03  -3.5580589e-03   1.0780500e-03
   4.5749507e-03   1.5684005e-01  -9.9323834e-02  -3.4552121e-03  -3.6689582e-03   1.3393326e-03
  -1.0255864e-02   2.0652542e-01  -7.0081089e-02  -4.0678277e-03  -3.5228506e-03   1.3697763e-03
  -8.7896685e-03   2.2039416e-01  -7.4177750e-02  -3.6659102e-03  -3.4887009e-03   1.3742695e-03
  -1.3537662e-02   2.1257101e-01  -9.5177211e-02  -3.2314832e-03  -3.2577523e-03   1.1679390e-03
  -1.1105436e-02   2.5060418e-01  -1.0988729e-01  -4.1595191e-03  -3.0955903e-03   1.0206480e-03
  -6.3773818e-03   2.3951584e-01  -1.8813528e-01  -4.0708317e-03  -3.3814460e-03   1.1105029e-03
  -1.8311573e-03   2.4390490e-01  -1.2278265e-01  -3.7909662e-03  -3.4321986e-03   9.5711713e-04
  -1.2391898e-02   1.6736148e-01  -1.6093840e-01  -4.2479228e-03  -3.4429074e-03   8.1824001e-04
  -2.2093582e-02   2.1759375e-01  -1.0231810e-01  -3.9822994e-03  -3.6390666e-03   9.8819371e-04
   1.7065770e-03   2.5079214e-01  -9.4414518e-02  -3.9616673e-03  -4.0535946e-03   1.1772926e-03
   6.0717381e-03   2.9728318e-01  -6.6635386e-02  -3.8708850e-03  -3.7895698e-03   1.0828953e-03
  -1.0046725e-02   2.0827279e-01  -8.8223322e-02  -3.8852962e-03  -3.5567107e-03   1.0654633e-03
  -2.1698693e-02   1.7533575e-01  -1.1768816e-01  -3.5892271e-03  -3.7287138e-03   1.0018928e-03
  -1.5614286e-02   2.0412774e-01  -7.7879199e-02  -4.0520696e-03  -3.9527208e-03   1.4606482e-03
  -2.3179426e-03   2.3328330e-01  -1.0711085e-01  -3.6212091e-03  -3.9178872e-03   1.1413063e-03
   5.0286536e-03   1.7666692e-01   6.0525587e-02  -5.0670254e-03  -4.5158108e-03   1.6087461e-03
  -9.0231330e-03   2.0387276e-01   4.6064777e-02  -3.0813056e-03  -4.5342909e-03   1.8762017e-03
   4.2971902e-03   3.7407032e-01  -1.0423459e-01  -3.2747283e-03  -4.4559709e-03   1.0851216e-03
  -6.0999711e-03   2.5895347e-01  -3.9350522e-02  -2.4793081e-03  -4.6596246e-03   1.1476002e-03
  -8.9771938e-03   2.0304187e-01  -7.1808273e-02  -3.5196914e-03  -4.7278340e-03   1.1093279e-03
  -3.2444140e-03   2.4453233e-01  -4.0063755e-02  -3.4326588e-03  -4.5206343e-03   1.0588048e-03
   5.5357777e-03   2.4537519e-01  -3.6949000e-02  -5.0016860e-03  -4.7303792e-03   1.3813292e-03
   6.8183277e-03   2.3619356e-01  -5.7536406e-02  -5.4006558e-03  -4.9606240e-03   1.5439629e-03
  -6.5394671e-03   2.0210879e-01   7.5705011e-03  -4.9584782e-03  -4.8646563e-03   1.4223826e-03
  -8.2596923e-05   2.3331048e-01  -8.0645549e-03  -4.8668150e-03  -4.8212835e-03   1.3518407e-03
  -5.4888071e-03   2.4134001e-01  -4.8202450e-02  -4.8958000e-03  -4.8305225e-03   1.1091518e-03
  -1.9962709e-05   2.7607205e-01  -2.4323814e-02  -4.6955790e-03  -4.8300486e-03   1.3922286e-03
  -4.6109874e-03   2.1089097e-01  -5.9366356e-02  -4.7928990e-03  -4.8723530e-03   1.4018921e-03
   3.0840336e-03   2.6558986e-01  -4.0132532e-02  -5.5812540e-03  -4.9017947e-03   1.4423003e-03
   7.2453979e-03   2.8493664e-01  -6.5983739e-02  -4.6637165e-03  -4.7217912e-03   1.3518594e-03
   2.5144486e-03   2.2002078e-01  -8.9558776e-02  -5.0493629e-03  -4.7488154e-03   1.4848520e-03
   5.4904521e-03   3.0134332e-01  -7.6801277e-02  -4.8198094e-03  -4.9047508e-03   1.3810860e-03
   2.5894368e-04   2.2979796e-01  -5.6347997e-02  -4.8204469e-03  -4.9269213e-03   1.2908953e-03
  -4.7278309e-03   2.5756353e-01  -6.9241709e-02  -4.0939352e-03  -4.6666822e-03   1.1407983e-03
  -5.4183212e-03   2.6844380e-01  -8.3894851e-02  -5.3519272e-03  -4.8049673e-03   1.4254622e-03
   2.4109805e-03   2.9084859e-01  -8.2291633e-02  -5.4496925e-03  -4.8903602e-03   1.5191763e-03
