   0.0000000e+00   0.0000000e+00   0.0000000e+00   0.0000000e+00   0.0000000e+00   0.0000000e+00
  -6.2035332e-03  -3.6174359e-02  -3.3847433e-02   9.3697689e-04  -1.8930669e-04   1.9743899e-04
  -1.5838344e-02   6.5974491e-03  -2.2955521e-02   5.2680400e-04  -3.0737643e-04   6.3703963e-05
  -3.2416775e-02  -2.6768319e-02  -6.6503633e-04   8.5170577e-04  -5.3392573e-04   2.2304476e-04
  -2.8235844e-02  -7.0812373e-02   2.8103806e-02   1.1017396e-03  -4.1889185e-04   1.6592607e-04
  -2.9870203e-02  -3.0395498e-02  -1.3055783e-02   1.2773586e-03  -5.7465889e-04   3.6096550e-05
  -3.7837748e-02  -6.1865225e-02   7.4986043e-03   1.4231920e-03  -6.3735489e-04  -6.1026258e-05
  -3.5327209e-02  -9.5079261e-02  -3.8391465e-02   6.6521412e-04  -3.6508411e-04  -4.8354516e-04
  -3.8621971e-02  -2.6568197e-02   2.5918552e-02   1.9308629e-03  -2.6351135e-04  -4.1784237e-04
  -3.7628960e-02  -4.3906007e-02  -2.2251430e-02   1.8295595e-03  -5.5676518e-04   3.0058966e-04
  -3.9161042e-02   8.2509237e-03   4.1833264e-03   3.0511229e-03   5.3464617e-04  -2.6729971e-04
  -3.2314831e-02  -4.6388896e-02   4.8683815e-03   2.2437810e-03   6.3944842e-04  -3.2002218e-04
  -2.9842479e-02   7.0715160e-03  -3.7709909e-03   3.8911758e-03   5.0397642e-04   6.8091386e-05
  -3.3316823e-02   8.6709240e-03   2.8781713e-02   4.4358046e-03   2.1468400e-04   4.2164850e-04
  -2.5420774e-02   4.9865535e-03  -1.1474208e-02   4.0524654e-03   5.1443533e-04   1.3912483e-04
  -2.3691309e-02   1.8892386e-02  -1.7275521e-02   4.4216486e-03   2.3074684e-04   3.7026495e-04
  -2.7391901e-02   5.8035640e-02  -3.7582436e-02   3.6080748e-03   5.0761294e-04  -4.8136625e-04
  -2.4208401e-02  -7.7112956e-03  -1.2410379e-02   4.2306004e-03   5.7061807e-04  -2.0619096e-04
  -2.1382518e-02  -3.9183935e-02  -2.0913315e-02   3.5802424e-03   6.2533309e-04  -5.7535927e-04
  -1.4271215e-02   4.6134673e-02  -2.7095866e-02   4.6957694e-03   4.3407163e-04  -1.7425253e-04
  -2.1775475e-02   5.2631048e-02   3.2681884e-02   5.4397020e-03   3.9181335e-04  -5.0689065e-04
  -3.8170532e-02   2.3272014e-03   1.8926169e-02   5.2407738e-03  -6.2395561e-04  -3.5524236e-04
  -2.3682693e-02   6.5206298e-02   4.4222901e-02   5.4755424e-03   9.0345280e-05  -3.6889051e-05
  -3.1981923e-02  -3.7833327e-03   3.6281264e-02   5.2378566e-03  -2.6577104e-04  -1.4149533e-04
  -2.1592162e-02   8.6404066e-02   9.8296759e-03   5.0907990e-03   6.7635572e-04  -6.0256558e-04
  -4.0485277e-02   1.3441439e-02   7.5243033e-02   4.5572834e-03  -2.8990196e-04  -4.1676847e-04
  -3.6433014e-02  -1.4235058e-02   3.7510330e-02   5.8853030e-03  -5.5732303e-04   7.2959023e-05
  -2.8584728e-02   1.0555323e-01   3.6455852e-02   4.2896202e-03   3.9214075e-04  -5.8357336e-04
  -2.5369471e-02   2.1814689e-02   3.7808607e-02   5.1198903e-03   7.1344974e-04  -5.6311208e-04
  -3.3413366e-02   4.9128268e-02   8.9842432e-02   6.2643013e-03   3.3003794e-04  -4.2729102e-04
  -3.6667104e-02   7.8048633e-02   7.2606485e-02   6.9148643e-03  -2.3419572e-04   1.3721750e-04
  -3.8496305e-02   7.2989155e-02   6.0414948e-02   6.0734872e-03   4.3686929e-04  -5.0143884e-04
  -4.7794011e-02   5.1119539e-02   4.8801377e-02   7.3062553e-03   3.4456824e-04  -3.7548195e-04
  -3.4539614e-02   3.2540940e-02   5.3786449e-02   7.3958707e-03   5.6268272e-04  -5.6328501e-04
  -3.2136713e-02   1.9255506e-02   4.4388991e-02   7.9943098e-03   7.3017246e-04  -3.2607266e-04
  -4.1495715e-02   6.6314006e-02   7.7538279e-02   7.9759711e-03   7.8531650e-04  -4.2997970e-04
  -5.0486223e-02   7.8934074e-02   5.0375252e-02   8.1302256e-03   8.1250629e-04  -4.2392925e-04
  -4.1868049e-02   1.1830477e-01   4.6682191e-02   7.5806238e-03   9.1145701e-04  -1.0794022e-03
  -3.4773475e-02   7.2353307e-02   2.4885963e-02   6.7320195e-03   1.6559796e-03  -1.5175197e-03
  -3.1379417e-02   4.8056983e-02   5.8935917e-02   6.3768625e-03   1.6423843e-03  -1.1446220e-03
  -2.8281159e-02   1.3662934e-01   5.2832930e-02   6.6470065e-03   1.8416021e-03  -1.2321668e-03
  -2.6706851e-02   4.1621402e-02   6.8222331e-02   6.8220676e-03   1.6590348e-03  -8.2718295e-04
  -2.3821909e-02   6.5694744e-02   2.9321145e-02   7.4724633e-03   1.7429695e-03  -1.0071673e-03
  -2.3135176e-02   7.2677889e-02   5.3760386e-02   6.5475127e-03   1.6673879e-03  -1.1490478e-03
  -2.0988949e-02   1.5410491e-01   3.2373155e-02   6.7546679e-03   1.8536103e-03  -9.1793916e-04
  -2.9554345e-02   5.6942664e-02   4.6954159e-02   6.6860397e-03   1.7381178e-03  -1.2616095e-03
  -2.7169017e-02   1.0131229e-01   1.2513302e-02   7.8253922e-03   1.6719154e-03  -9.6598985e-04
  -3.6702759e-02   1.0105297e-01   6.5641981e-02   8.6066231e-03   9.7996989e-04  -8.9725673e-04
  -3.7113508e-02   1.2503505e-01   6.6993811e-02   8.6661751e-03   8.0623744e-04  -7.6410613e-04
  -3.1705151e-02   9.0633201e-02   6.0741921e-02   8.5266854e-03   8.7488799e-04  -5.6238724e-04
  -1.1023343e-02   1.7889937e-01   6.4282172e-02   9.8285905e-03   1.4325178e-03  -6.8209277e-04
  -3.3630787e-03   7.1598927e-02   5.0694898e-02   9.8468804e-03   1.0446798e-03  -4.4434256e-04
   1.8833527e-03   1.1056571e-01   6.2504259e-02   1.0200700e-02   1.5181258e-03  -5.0969784e-04
  -1.6061215e-02   4.7320159e-02   1.0229108e-01   8.2984162e-03   1.3983644e-03  -9.7484667e-04
  -6.1563905e-03   1.3797900e-01   9.1144082e-02   1.0262988e-02   1.3143918e-03  -7.9963296e-04
  -7.0742587e-03   1.6630094e-01   1.0093444e-01   9.2042501e-03   1.2853562e-03  -6.7242192e-04
  -1.2631721e-03   1.0528725e-01   4.8373043e-02   9.6560811e-03   1.6373206e-03  -7.8627252e-04
  -1.0807174e-02   1.8102833e-01   1.0076862e-01   1.0790307e-02   7.4004533e-04  -2.5787292e-04
  -2.5548258e-03   8.1563297e-02   6.1807588e-02   9.8447485e-03   1.2731856e-03  -7.4209874e-04
  -6.4920987e-03   1.8645145e-01   1.0088256e-01   9.0510530e-03   1.3970649e-03  -1.1598339e-03
  -1.6503275e-02   1.5630958e-01   4.7043422e-02   1.0071147e-02   5.4660691e-04  -9.7504105e-04
  -1.6565087e-02   1.3712360e-01   6.4073405e-02   1.0654863e-02   7.3307767e-04  -5.9097183e-04
  -1.2645050e-02   1.1365430e-01   3.8808077e-02   1.0297214e-02   8.9198888e-04  -4.2775838e-04
  -9.9450340e-03   1.8679747e-01   6.4244447e-02   1.0560263e-02   9.4587135e-04  -3.3595269e-04
  -5.5751697e-03   1.8145839e-01   3.6603192e-02   1.0640184e-02   1.1541716e-03  -6.7443895e-04
   1.3435147e-03   1.6281062e-01   7.2661762e-02   1.0635358e-02   1.1495146e-03  -5.0707566e-04
   9.1019430e-03   1.7678210e-01   5.8033890e-02   1.0638255e-02   1.3580566e-03  -3.1445322e-04
   1.3287413e-02   1.2085789e-01   8.6598476e-02   1.1031279e-02   1.2798645e-03  -2.7448635e-04
   1.7488437e-02   1.2436249e-01   2.0890132e-02   1.1215927e-02   1.1235637e-03  -4.9394601e-05
   1.9130874e-02   1.7819723e-01   8.9438828e-02   1.0716809e-02   1.8734743e-03  -6.5658890e-04
   1.3690287e-02   1.2119032e-01   2.3216995e-02   1.0529709e-02   1.5514810e-03  -2.9436768e-04
  -3.6494450e-03   2.5386159e-01   2.8070729e-02   1.1601335e-02   2.0910600e-03  -5.2419832e-04
   3.7327517e-03   1.4292136e-01   6.6163190e-03   9.6340819e-03   1.9280881e-03  -1.0325952e-03
   1.9181401e-03   2.6039021e-01   1.9408908e-02   1.2084202e-02   1.9724920e-03  -7.3029904e-04
  -1.2513017e-04   1.3205807e-01   5.5382484e-02   1.1228700e-02   1.8644582e-03  -7.6288580e-04
   6.2796225e-04   2.1491139e-01   4.7003708e-02   1.2202210e-02   1.6334719e-03  -6.3596298e-04
   7.3252888e-03   2.0472449e-01   5.7533562e-02   1.2741894e-02   1.5180923e-03  -1.8579696e-04
   8.5716910e-03   2.1207564e-01   4.1974481e-02   1.2545638e-02   2.0488596e-03  -4.4380100e-04
  -5.8883810e-03   2.0142077e-01   5.0274698e-02   1.3056677e-02   1.7879013e-03  -4.8892234e-04
   9.5316090e-04   1.7911830e-01   6.3911517e-02   1.1577610e-02   2.1126448e-03  -8.9066462e-04
   8.9193387e-03   1.8229125e-01   5.8136714e-02   1.0886460e-02   2.5125089e-03  -1.0062828e-03
   9.8336789e-03   2.6004957e-01   6.2283438e-02   1.2376645e-02   1.9734684e-03  -4.7692914e-04
   2.6646828e-03   2.7259870e-01   3.0389333e-02   1.3037329e-02   1.6620456e-03  -2.5486311e-04
  -8.8906662e-04   2.4766434e-01   2.7957854e-02   1.1818922e-02   1.7127931e-03  -5.4698960e-04
   3.2120998e-03   2.2845249e-01   3.2992980e-02   1.1925376e-02   1.7117071e-03  -5.7809650e-04
   5.4033693e-03   1.9299498e-01   4.7493289e-02   1.2662750e-02   1.4086372e-03  -2.4839652e-04
   1.3349970e-02   2.0589939e-01  -1.2497116e-03   1.1645771e-02   1.7346386e-03  -5.6618199e-04
   3.5170699e-03   2.0953217e-01   3.4926541e-02   1.2834085e-02   1.5737653e-03  -5.5875000e-04
   5.4283509e-03   2.1874717e-01   1.1227291e-02   1.1740982e-02   1.8073964e-03  -4.5234466e-04
  -8.4779723e-05   1.7812433e-01   5.6460508e-02   1.2698118e-02   1.7107693e-03  -4.4961975e-04
   7.4929894e-05   1.9347819e-01   4.4979050e-02   1.3123386e-02   1.5938040e-03  -3.5508205e-05
   6.2909514e-03   2.5366960e-01   5.1283678e-02   1.1692478e-02   2.3032268e-03  -7.5633727e-04
   1.0759296e-02   1.4071777e-01   6.6721959e-02   1.1669056e-02   1.8472956e-03  -4.2369154e-04
  -2.3966631e-03   2.6463489e-01   3.7397032e-02   1.3279921e-02   1.0280998e-03   4.3735676e-05
   2.2610717e-03   2.0555358e-01   5.1786616e-02   1.2135777e-02   1.2932331e-03  -2.8125365e-04
   9.1668673e-04   2.0871498e-01   8.7926768e-02   1.2430257e-02   1.7455453e-03  -7.5053314e-04
  -1.9594835e-03   2.1746930e-01   7.4493076e-02   1.3066329e-02   9.9612180e-04  -2.9195633e-05
   6.7425220e-03   2.3398628e-01   4.1741291e-02   1.2858756e-02   1.5778712e-03  -6.9688274e-05
   1.4436014e-02   1.7581032e-01   6.7266145e-02   1.3119156e-02   1.4502142e-03   1.2088187e-04
   2.1383455e-02   2.3444367e-01   5.3255249e-02   1.2974470e-02   1.7361441e-03   4.8451432e-06
   1.7123759e-02   1.8317146e-01   7.2896707e-02   1.3421055e-02   1.1649712e-03  -5.5888041e-07
   2.5326634e-02   2.4337509e-01   8.6716935e-02   1.3469017e-02   1.5965775e-03   2.0695432e-05
   1.9893269e-02   2.2352486e-01   7.2288453e-02   1.3695352e-02   1.5262233e-03   9.5045840e-05
   1.2798505e-02   1.6483844e-01   9.1767410e-02   1.3223940e-02   1.7884127e-03  -3.9761160e-04
   1.1080474e-02   1.5609781e-01   8.2604007e-02   1.2870394e-02   1.6932458e-03  -2.5219681e-04
   7.0197167e-03   1.7960681e-01   1.0483031e-01   1.4073856e-02   1.7697156e-03  -3.4266601e-05
   1.1701510e-02   2.3745951e-01   8.8659340e-02   1.3624846e-02   1.9164568e-03   1.0373672e-04
   1.6046051e-02   1.7666168e-01   1.0854368e-01   1.4266451e-02   1.8110559e-03   1.9081309e-04
   1.5217139e-02   2.2014671e-01   9.0777773e-02   1.3476309e-02   1.6243308e-03   1.1842971e-04
   1.5402383e-02   2.4111215e-01   8.9386990e-02   1.4237101e-02   1.5315697e-03   8.7929837e-05
   2.0721684e-02   2.3782353e-01   7.1165230e-02   1.3227215e-02   1.9465657e-03  -1.5881539e-04
   2.3689633e-02   2.3404740e-01   8.1969423e-02   1.4278584e-02   1.9976566e-03   2.2831906e-04
   2.1589736e-02   2.1406759e-01   1.1195200e-01   1.4624746e-02   1.8230204e-03   1.9688300e-04
   1.5580997e-02   2.5156047e-01   6.4555053e-02   1.3999284e-02   1.5150114e-03   3.3839270e-04
   1.9631160e-02   1.6806869e-01   7.3334988e-02   1.4013931e-02   1.8914221e-03   1.7166016e-04
   2.2197125e-02   2.1213865e-01   3.5030629e-02   1.2425707e-02   2.3150056e-03  -2.6296472e-04
   2.5855093e-02   2.2446712e-01   6.9360638e-02   1.4149566e-02   2.1291556e-03   2.6757912e-04
   2.7890137e-02   2.7893284e-01   5.8640038e-02   1.3699937e-02   2.1712746e-03   3.5983011e-04
   2.1066090e-02   2.4234189e-01   3.5701223e-02   1.4181708e-02   1.6914500e-03   4.2500757e-04
   3.8922422e-02   2.4693459e-01   4.2148445e-02   1.3738710e-02   2.4312416e-03   3.7629178e-04
   4.0706638e-02   2.6813105e-01   2.1496020e-02   1.5023134e-02   1.7679205e-03   9.6142366e-04
   5.1572272e-02   2.2212289e-01   6.4835915e-02   1.4024232e-02   2.4840154e-03   2.4602348e-04
   3.9826868e-02   2.9329835e-01   3.1780567e-02   1.5084313e-02   1.7161831e-03   7.5275194e-04
   3.6416295e-02   2.8034828e-01   6.8153767e-02   1.5167535e-02   1.8122027e-03   5.9387719e-04
   2.9482819e-02   2.2939877e-01   4.3091539e-02   1.4352038e-02   1.8385818e-03   3.8569742e-04
   2.9505174e-02   2.8452654e-01   3.1380328e-02   1.5267916e-02   1.7137595e-03   4.3548006e-04
   2.9328681e-02   2.3968137e-01   3.2719860e-02   1.4798999e-02   1.8484790e-03   4.5201108e-04
   3.9287601e-02   2.5024976e-01   9.4009627e-03   1.4504477e-02   2.1945533e-03   4.7176322e-04
   3.8809786e-02   2.6185452e-01   4.1477659e-02   1.4881222e-02   2.1654771e-03   4.2161073e-04
   4.0389799e-02   3.0916710e-01  -6.9661860e-06   1.4667701e-02   1.9919497e-03   5.4948191e-04
   3.9072035e-02   3.4079746e-01   3.1158139e-02   1.6059015e-02   1.6888055e-03   7.4756587e-04
   4.0873653e-02   2.4948673e-01   1.0026288e-02   1.4117415e-02   2.2577799e-03   4.9128721e-05
   3.0404079e-02   2.7073605e-01   1.4701812e-02   1.5677998e-02   1.6720156e-03   8.1729657e-05
   3.4874754e-02   2.7094050e-01   1.9685446e-02   1.4060977e-02   2.3444944e-03  -1.6304771e-04
   3.4081062e-02   2.8161803e-01  -2.6949736e-03   1.5309405e-02   2.0035509e-03   2.3274137e-04
   3.9717954e-02   2.6178999e-01   2.2233352e-02   1.4501742e-02   2.3658856e-03   2.2252079e-04
   5.2251143e-02   2.1558252e-01  -2.6332836e-02   1.4229075e-02   1.4270874e-03   3.9136189e-04
   4.8660448e-02   3.0908273e-01  -1.5947153e-02   1.6265687e-02   1.6672987e-03   5.0163408e-04
   7.5440816e-02   2.6399627e-01   3.8472848e-02   1.5493550e-02   1.5838789e-03   3.6635225e-04
   9.2441098e-02   3.1786692e-01   7.8244622e-03   1.5575673e-02   2.1429803e-03   3.7549307e-04
   7.8352158e-02   2.8171665e-01   5.8957953e-02   1.6164084e-02   2.0519201e-03   3.7234726e-04
   7.5016546e-02   3.4397928e-01   3.5624488e-02   1.6147893e-02   2.1454194e-03   1.5143942e-04
   7.0892582e-02   3.2959428e-01   1.3265223e-02   1.5875557e-02   2.3839472e-03  -5.2769879e-05
   8.5370060e-02   3.0570709e-01   4.9556222e-03   1.5737950e-02   2.4663721e-03   4.5001679e-05
   8.6158209e-02   2.9770950e-01   2.4843930e-02   1.4944168e-02   2.5014744e-03  -6.0204347e-04
   7.7983540e-02   2.8904672e-01   2.6237477e-03   1.4728911e-02   2.2952364e-03  -2.8587572e-04
   6.5060465e-02   3.0098218e-01   3.1618371e-02   1.6007619e-02   2.0147701e-03   1.2830577e-05
   7.9265799e-02   2.9804598e-01   1.8405775e-02   1.4371773e-02   2.4440117e-03  -2.2516470e-04
   6.9773520e-02   3.0391339e-01  -2.2385405e-03   1.5224867e-02   2.5981764e-03  -4.0929646e-04
   7.8181998e-02   2.6515641e-01   1.6221231e-02   1.6337003e-02   2.2891428e-03   4.4818259e-05
   8.9428928e-02   3.2506331e-01   7.2130282e-03   1.5498548e-02   2.4926898e-03  -2.7068364e-04
   9.2203768e-02   2.1120582e-01   4.4339105e-02   1.5510380e-02   2.5033394e-03  -3.2671069e-04
   8.6519955e-02   3.0294218e-01  -3.1165250e-03   1.5253875e-02   2.3653120e-03  -2.5511867e-04
   9.5976058e-02   3.3525334e-01   2.3201967e-02   1.5272084e-02   2.8897547e-03  -1.9200047e-04
   8.9315922e-02   3.2241075e-01  -1.3060133e-02   1.5198054e-02   2.6784963e-03  -2.5455383e-05
   8.0229053e-02   3.5687115e-01  -2.3612997e-02   1.6036083e-02   2.2056488e-03  -2.4927173e-05
   8.6881578e-02   3.1117843e-01  -8.6977938e-03   1.5309793e-02   2.3674407e-03  -8.1985613e-05
   8.6449816e-02   3.2502321e-01  -1.6045162e-02   1.4494207e-02   2.8189443e-03  -3.7908242e-04
   8.8619645e-02   3.2185058e-01  -1.5297354e-02   1.5704723e-02   2.2653007e-03   1.1166782e-04
   8.5598947e-02   4.2191333e-01  -1.3318083e-02   1.6385041e-02   2.3180666e-03   2.2589231e-04
   8.8552089e-02   3.0355022e-01   2.8197914e-02   1.6003363e-02   1.6723779e-03   1.7951796e-04
   9.6516548e-02   3.3166092e-01   2.4196931e-02   1.5281401e-02   2.2305200e-03  -1.6384635e-04
   9.9357057e-02   2.5599212e-01  -5.9733357e-03   1.5383347e-02   1.8354918e-03   2.3408814e-04
   1.0225795e-01   3.1424599e-01  -4.2107673e-02   1.6728470e-02   2.2691130e-03   3.4313068e-04
   9.5579351e-02   3.0729415e-01  -5.3275515e-03   1.6033861e-02   1.9353393e-03   3.3674600e-04
   1.0573584e-01   3.8716880e-01  -3.5945546e-03   1.7022423e-02   1.8941874e-03   5.6344527e-04
   1.0261442e-01   3.1852856e-01   3.1474950e-02   1.6520100e-02   1.5797327e-03   6.8632147e-04
   1.0957869e-01   3.5772089e-01   3.9260832e-03   1.6872549e-02   1.8896076e-03   6.6290497e-04
   1.1379095e-01   2.8898370e-01   1.8930597e-02   1.6115615e-02   1.7928255e-03   6.2263435e-04
   1.3028065e-01   3.0099608e-01  -1.0076507e-02   1.6026294e-02   2.2098535e-03   4.7224234e-04
   1.2501188e-01   3.5002707e-01   4.4283629e-02   1.6783823e-02   1.8669802e-03   9.8003375e-04
   1.2686849e-01   2.6903488e-01   7.9966260e-03   1.5699688e-02   2.3040984e-03   6.2293962e-04
   1.3205160e-01   2.7943725e-01   5.6946986e-02   1.4956894e-02   2.5839339e-03   3.2360091e-04
   1.3681831e-01   3.2686315e-01  -6.1747397e-03   1.6079407e-02   2.2245468e-03   9.2266149e-04
   1.3405756e-01   3.5243803e-01   2.2420885e-02   1.5721760e-02   2.4971953e-03   7.8984989e-04
   1.3849497e-01   3.3693010e-01  -2.5353446e-02   1.6033882e-02   2.2476387e-03   8.6021504e-04
   1.2557743e-01   3.4953121e-01   3.3523292e-02   1.7564039e-02   2.1185413e-03   1.1081143e-03
   1.2650739e-01   3.1824440e-01  -1.1937705e-02   1.6657730e-02   2.0609875e-03   9.9726510e-04
   1.1181666e-01   3.5042252e-01   1.3272829e-02   1.6332833e-02   1.8371910e-03   7.2879504e-04
   1.2362434e-01   2.7208598e-01  -2.3769380e-02   1.5235845e-02   2.1764191e-03   5.4134221e-04
   1.2220556e-01   3.3869323e-01  -2.4118224e-02   1.7317519e-02   1.4535634e-03   1.1484590e-03
   1.4725390e-01   3.0394278e-01  -2.7720581e-02   1.5544619e-02   2.6616185e-03   8.2235612e-04
   1.3844823e-01   3.8998725e-01   2.4943959e-03   1.7358329e-02   2.2161617e-03   1.2696324e-03
   1.4579807e-01   3.2245640e-01  -9.8969080e-03   1.7545084e-02   1.9015043e-03   1.3567793e-03
   1.3947380e-01   4.0193357e-01  -2.0624319e-02   1.7842351e-02   2.0893605e-03   1.4129240e-03
   1.4809946e-01   3.3093891e-01  -1.5709705e-02   1.6187796e-02   2.4957339e-03   9.9090890e-04
   1.3257923e-01   3.7757005e-01  -4.2979434e-03   1.7124627e-02   2.4636346e-03   1.2068892e-03
   1.4479718e-01   3.8900168e-01  -1.0997802e-03   1.7790494e-02   1.9525849e-03   1.4367437e-03
   1.4551774e-01   4.5093509e-01  -3.1347231e-02   1.6026423e-02   2.6492272e-03   9.2652226e-04
   1.5006309e-01   3.2059812e-01  -2.0272565e-02   1.6054216e-02   2.4761305e-03   1.1086841e-03
   1.4327066e-01   4.2133683e-01  -6.2860211e-02   1.6743418e-02   2.1832953e-03   1.0180579e-03
   1.4197480e-01   3.5702370e-01  -1.2379292e-02   1.7732634e-02   1.3082805e-03   1.4237784e-03
   1.4137330e-01   4.0262989e-01  -2.8923408e-02   1.7579904e-02   1.5834776e-03   1.3692298e-03
   1.4485867e-01   3.6282405e-01  -7.0372935e-03   1.7359937e-02   1.6494152e-03   1.5375824e-03
   1.4602287e-01   3.5348047e-01  -4.3040260e-02   1.6495773e-02   2.0073672e-03   1.2516728e-03
   1.3815962e-01   3.2108317e-01  -1.4915453e-02   1.6148815e-02   2.0222886e-03   6.7958057e-04
   1.6851859e-01   3.6396450e-01  -1.8389910e-02   1.6570962e-02   2.8203478e-03   9.6723442e-04
   1.6439355e-01   3.6427151e-01   9.3981712e-03   1.7857775e-02   2.0334167e-03   1.6543984e-03
   1.6790624e-01   3.8045480e-01  -3.4831941e-02   1.7084074e-02   2.1040226e-03   1.5157511e-03
   1.6599753e-01   3.3005954e-01  -3.6619257e-02   1.7242222e-02   1.9324093e-03   1.3967926e-03
   1.7491671e-01   3.9087091e-01  -3.1624275e-02   1.6836361e-02   2.5945475e-03   1.0123919e-03
   1.5915371e-01   3.5086262e-01   1.7887701e-03   1.6652982e-02   2.5979125e-03   9.3095924e-04
   1.5783672e-01   3.9814631e-01   1.5156118e-02   1.7456477e-02   2.2571733e-03   1.2579234e-03
   1.5917701e-01   3.5375004e-01   3.3762451e-02   1.7406252e-02   2.0510041e-03   1.1928323e-03
   1.7197738e-01   3.5168942e-01  -3.9067518e-03   1.5953078e-02   2.8248079e-03   8.5596455e-04
   1.6242422e-01   4.0945841e-01  -2.4260827e-03   1.6043081e-02   2.1628499e-03   7.8833201e-04
   1.6464012e-01   3.9190779e-01  -3.9421303e-02   1.5655801e-02   2.8094536e-03   8.4437441e-04
   1.6463543e-01   3.7767182e-01  -8.2852907e-03   1.6003804e-02   2.7368672e-03   8.2402037e-04
   1.6448533e-01   4.0205583e-01  -1.8229477e-02   1.6966754e-02   2.4846414e-03   1.1649919e-03
