   0.0000000e+00   0.0000000e+00   0.0000000e+00   0.0000000e+00   0.0000000e+00   0.0000000e+00
  -6.5245045e-03  -2.9150793e-01  -4.3549374e-02   2.9726235e-04  -1.0704112e-04   4.7723602e-04
   6.8076428e-03  -2.8832020e-01  -7.8396100e-02  -1.5582769e-04  -2.0105073e-04   5.9142216e-04
   7.9431969e-03  -1.1158312e-01  -2.4023165e-02  -4.0994258e-04  -3.4626734e-04   4.4291770e-04
   4.9119375e-03  -3.2230485e-01  -4.9271975e-02  -9.4242908e-04  -2.9417608e-04   7.1074786e-04
   1.2285692e-02  -2.0348707e-01  -4.9339862e-02  -6.4907465e-04  -2.7388763e-04   6.0236566e-04
  -1.1272185e-03  -2.6750360e-01  -7.1179731e-02   1.1240170e-03  -1.3945622e-04   3.1021727e-04
  -8.7767752e-03  -2.0647793e-01  -1.2940212e-01   1.4994864e-03  -1.2859717e-04   4.6507049e-04
   1.6555316e-02  -3.5118798e-01  -8.8883778e-02   4.1875995e-04   9.6910588e-05   1.3842764e-03
   1.1158667e-02  -2.6597467e-01  -9.4583952e-02   3.2347841e-04  -1.5041755e-04   1.1086022e-03
   3.4625023e-02  -2.6865295e-01  -1.7163136e-02  -1.9650241e-03   9.8663822e-05   1.4093655e-03
   1.1705472e-03  -1.6133980e-01  -1.1009081e-01   2.9038684e-04   2.4852273e-04   5.3816534e-04
  -1.7884378e-02  -1.1249920e-01  -1.4061530e-01   2.1726163e-03  -1.1273944e-03   1.0619911e-03
   7.8693580e-04  -3.3835489e-01  -1.0037903e-01   1.3747706e-03  -1.2646418e-03   1.5932215e-03
   2.2931943e-02  -1.9679819e-01  -1.2348018e-01   1.0713818e-03  -1.0219752e-03   1.3478792e-03
   1.3138259e-02  -1.8477864e-01  -5.4972585e-02  -5.0341922e-05  -1.2471491e-03   1.3693607e-03
   3.2908041e-02  -2.1962553e-01  -8.2316416e-02   3.1000672e-04  -1.1127939e-03   1.4646737e-03
   1.6830646e-02  -9.5672945e-02  -1.4763181e-01   5.4847062e-04  -1.6151702e-03   1.7511829e-03
   8.5801098e-03  -3.2667727e-01  -1.2458968e-01   4.6808896e-04  -2.1868120e-03   2.2573352e-03
   3.3115895e-02  -2.7162918e-01  -1.9057157e-01   7.2371787e-04  -1.7002608e-03   2.2084010e-03
   2.7785215e-02  -2.0068041e-01  -9.4164697e-02  -5.5051335e-04  -1.8124474e-03   2.2086065e-03
   4.0155633e-02  -2.7045172e-01  -1.7260402e-01  -4.5786247e-04  -1.1329021e-03   2.3697954e-03
   6.1892250e-02  -2.6989028e-01  -7.9644681e-02  -1.1361765e-03  -1.1097811e-03   2.8408834e-03
   7.4232598e-02  -2.2384124e-01  -1.4186940e-01  -2.1196863e-03  -5.0891106e-04   2.3860086e-03
   8.1827432e-02  -2.4951727e-01  -8.3711666e-02  -1.9265467e-03  -4.8520175e-04   2.9224890e-03
   8.9696980e-02  -2.0094033e-01  -1.6674457e-01  -1.3647258e-03  -1.4856722e-04   3.1835133e-03
   8.2542816e-02  -2.0223882e-01  -1.0916632e-01  -1.9164226e-03  -4.7006616e-04   3.0701568e-03
   8.1160808e-02  -2.5947379e-01  -1.1193782e-01  -2.1305738e-03  -2.7272684e-04   2.6563580e-03
   7.5354927e-02  -1.3141401e-01  -8.9991934e-02  -2.5169944e-03  -5.8867304e-04   2.4837391e-03
   7.0952525e-02  -2.8682228e-01  -8.0216851e-02  -3.5926281e-03  -2.5028773e-04   2.4568680e-03
   7.7176808e-02  -1.4186122e-01  -9.0165802e-02  -2.8339116e-03  -6.5837781e-04   2.7214288e-03
   7.7101961e-02  -2.2943549e-01  -7.2225539e-02  -2.3443326e-03  -6.5635935e-04   2.8185195e-03
   8.0454997e-02  -2.2497399e-01  -8.3387489e-02  -3.7393238e-03  -4.4913489e-04   2.4139896e-03
   7.7517163e-02  -2.6285532e-01  -7.6529276e-02  -2.8414894e-03  -5.5986189e-04   2.5705957e-03
   6.6606567e-02  -2.3155294e-01  -7.5625381e-02  -2.8192314e-03  -7.7694866e-04   2.5585376e-03
   3.5219634e-02  -2.4759380e-01  -6.5079763e-02  -2.6757991e-03  -8.3378670e-04   2.0203883e-03
   3.6267506e-02  -1.9166218e-01  -7.6242660e-02  -2.5352542e-03  -5.9919163e-04   1.8540477e-03
   1.8399993e-02  -1.7123093e-01  -6.3903951e-02  -2.9913134e-03  -7.6086234e-04   1.3027044e-03
   2.8735076e-02  -2.2424505e-01  -8.0580396e-02  -2.3228033e-03  -9.4869911e-04   1.8771390e-03
  -1.2094794e-03  -2.3289613e-01  -9.3515056e-02  -2.5063552e-03  -7.6455288e-04   1.1390381e-03
  -4.4533514e-02  -1.1021361e-01  -1.4868850e-01  -1.1856315e-03  -2.5566100e-03   8.5228620e-04
  -5.3266562e-02  -1.7066790e-01  -5.0289469e-02  -1.6564938e-03  -3.1500692e-03   9.5937909e-04
  -5.3518398e-02  -1.2407932e-01  -8.3550065e-02  -1.4296534e-03  -3.5555103e-03   7.5649834e-04
  -5.5333013e-02  -1.2275859e-01  -8.4301159e-02  -1.9070818e-03  -3.8155793e-03   5.9227023e-04
  -7.0659118e-02  -2.3685103e-01  -3.0222399e-02  -2.0756428e-03  -3.6413254e-03   3.4494744e-04
  -4.9684339e-02  -6.9991317e-02  -9.9108298e-02  -1.2861977e-03  -3.6456989e-03   4.1912034e-04
  -5.8190460e-02  -1.5150681e-01  -1.7467836e-02  -2.0969519e-03  -3.4972054e-03   2.6176004e-04
  -5.9460804e-02  -2.1847753e-01  -6.0418335e-02  -1.4966366e-03  -3.3959778e-03   2.5617008e-04
  -5.5495537e-02  -6.9467710e-02  -4.6564253e-02  -1.9627134e-03  -3.6079591e-03   2.0915316e-04
  -5.9494923e-02  -1.8508848e-01  -5.1711893e-02  -1.9020738e-03  -3.4501063e-03   1.2844966e-04
  -5.5944973e-02  -1.2168442e-01  -4.7400752e-02  -2.5812212e-03  -3.3966427e-03  -1.9522235e-04
  -6.9955583e-02  -1.5264337e-01  -3.8127709e-02  -2.0783183e-03  -3.3093240e-03  -2.5391530e-04
  -6.4891763e-02  -1.2425019e-01  -2.9944526e-02  -2.7112694e-03  -3.2729894e-03  -4.9567180e-04
  -6.8714509e-02  -1.2994847e-01  -3.5331421e-02  -2.4973391e-03  -3.3832067e-03  -7.7184085e-04
  -7.6367971e-02  -8.1541346e-02  -5.6533967e-02  -2.3417574e-03  -3.3336481e-03  -1.0295574e-03
  -7.3270114e-02  -1.2367286e-01  -4.9844267e-02  -2.5260371e-03  -3.2726813e-03  -8.4969081e-04
  -9.0056853e-02  -1.2271322e-01  -5.3745220e-02  -2.1039301e-03  -3.1454007e-03  -1.1060132e-03
  -9.7287933e-02  -8.2099288e-02  -6.9431474e-02  -2.9754288e-03  -3.3333894e-03  -1.1858597e-03
  -1.1979170e-01  -8.1491900e-02  -7.1938152e-02  -2.4119844e-03  -3.1641687e-03  -2.0146864e-03
  -1.0964860e-01  -1.9308637e-01  -7.2214802e-02  -3.1565830e-03  -3.0062884e-03  -1.5870222e-03
  -9.9171428e-02  -8.2964140e-02  -9.5249034e-02  -3.3946602e-03  -2.8535724e-03  -1.4421504e-03
  -1.1380242e-01  -1.6296692e-01  -7.3004530e-02  -3.0289658e-03  -2.5271653e-03  -1.8304691e-03
  -1.0813288e-01  -5.6776276e-02  -8.6404751e-02  -2.9163046e-03  -2.6229712e-03  -1.6246838e-03
  -1.0410336e-01  -1.9208413e-01  -3.4241451e-02  -2.4174738e-03  -2.5842948e-03  -1.2702325e-03
  -9.9900259e-02  -1.3544335e-01  -4.7735406e-02  -2.6253146e-03  -2.4747322e-03  -1.3144933e-03
  -1.0624420e-01  -1.9702898e-01  -6.6040173e-03  -2.1403345e-03  -2.1893273e-03  -1.1561485e-03
  -1.0133618e-01  -1.3844057e-01  -1.3690190e-02  -2.8274197e-03  -2.1821477e-03  -1.4031953e-03
  -9.9421699e-02  -1.6892450e-01   2.3281673e-02  -2.9173852e-03  -2.0417554e-03  -1.5476008e-03
  -9.8711994e-02  -1.4173301e-01  -4.2515976e-02  -2.6358387e-03  -1.8424687e-03  -1.8471423e-03
  -1.0436367e-01  -1.2111049e-01  -7.9997908e-04  -2.9473705e-03  -1.8177579e-03  -2.0428101e-03
  -1.0763549e-01  -1.3205548e-01  -1.4499247e-02  -2.7425178e-03  -1.7847589e-03  -2.0046113e-03
  -1.1327124e-01  -1.3852819e-01   1.0808508e-02  -3.4081967e-03  -1.8637422e-03  -2.0526827e-03
  -1.2286717e-01  -1.0931861e-01  -1.2286996e-02  -2.7919065e-03  -1.8668221e-03  -2.3609691e-03
  -1.2612742e-01  -1.4588384e-01   1.8039293e-02  -2.6197584e-03  -1.7704880e-03  -2.6491534e-03
  -1.1179948e-01  -1.0550218e-01  -4.1326728e-02  -2.9515486e-03  -1.5776195e-03  -2.6239723e-03
  -1.0501651e-01  -1.2208603e-01   2.6736618e-02  -2.8865975e-03  -1.6271171e-03  -2.9052674e-03
  -1.1713876e-01  -9.9988405e-02   6.8447184e-02  -1.2871946e-03  -1.1630485e-03  -3.0180282e-03
  -1.0291330e-01  -1.3764668e-01   1.1219087e-01  -2.7613643e-03  -1.0672102e-03  -2.9936706e-03
  -9.3039740e-02  -1.3898569e-01   2.4005727e-02  -1.2776311e-03  -1.2981564e-03  -2.6461770e-03
  -9.5645590e-02  -1.4175969e-01   6.4358924e-02  -2.2276651e-03  -1.0024442e-03  -2.7988750e-03
  -9.8927196e-02  -1.1272833e-01   4.0887349e-02  -2.1711634e-03  -7.8468606e-04  -3.1013555e-03
  -1.0814450e-01  -1.2209924e-01   4.7043689e-02  -1.6839373e-03  -9.9300566e-04  -3.1305820e-03
  -1.0323562e-01  -1.8166560e-01   6.2340289e-02  -2.2429500e-03  -6.8366528e-04  -3.0717029e-03
  -1.1026441e-01  -1.3378641e-01   1.3230210e-01  -1.2918959e-03  -7.1077369e-04  -3.2915230e-03
  -1.1448794e-01  -1.3159022e-01   1.3500337e-01  -8.2947734e-04  -5.8404257e-04  -3.3119043e-03
  -1.0071764e-01  -1.8939440e-01   1.3338045e-01  -1.4947061e-03  -6.1866095e-04  -2.9589457e-03
  -8.8169960e-02  -8.7516828e-02   9.2354960e-02  -1.5595085e-03  -8.1927332e-04  -2.6738931e-03
  -1.0096540e-01  -1.7002631e-01   6.0028881e-02  -4.3842428e-04  -1.1191204e-03  -2.8013884e-03
  -1.0133370e-01  -1.4985722e-02  -6.9117533e-02   3.0315606e-03  -7.6565192e-04  -3.6616289e-03
  -8.7626729e-02  -1.3347479e-01   9.5872145e-02   4.0820287e-04  -1.0886846e-03  -2.9135632e-03
  -7.9031267e-02  -1.6850612e-01  -4.1413793e-03   1.3992278e-03  -9.7272227e-04  -2.8643292e-03
  -7.1615334e-02  -1.8567286e-01   1.3023475e-01  -5.5494262e-05  -8.2409936e-04  -2.4822253e-03
  -7.9898788e-02  -1.6230867e-01   6.2503119e-02   5.1288274e-04  -8.7252752e-04  -2.6837275e-03
  -7.5272530e-02  -1.5107111e-01   1.3515449e-01  -1.9623952e-05  -9.2774693e-04  -2.7560285e-03
  -8.9770923e-02  -1.9182860e-01   7.4329208e-02   6.3004182e-05  -7.3474180e-04  -3.1568552e-03
  -7.8759791e-02  -5.2411107e-02   8.2146449e-02  -2.5040335e-04  -7.3657007e-04  -3.3759604e-03
  -9.9206988e-02  -1.0517850e-01   9.6761113e-02   2.3113099e-04  -6.5373032e-04  -3.6688524e-03
  -9.4061581e-02  -1.0001379e-01   9.3513979e-02  -1.1873837e-04  -6.3589223e-04  -3.8554732e-03
  -9.2054525e-02  -1.4132464e-01   1.0682227e-01  -7.5077307e-05  -5.0737209e-04  -3.7958019e-03
  -9.4970906e-02  -1.3475244e-01   1.1784523e-01   5.0761729e-04  -6.8621811e-04  -3.9786542e-03
  -9.5977265e-02  -6.5355087e-02   1.5570626e-01  -2.1955143e-04  -4.5496292e-04  -4.2751190e-03
  -9.2032553e-02  -1.3537852e-01   1.3370748e-01   6.3166423e-04  -2.9843021e-04  -3.7102706e-03
  -7.6204341e-02  -6.4487496e-02   9.8550306e-02   2.1311939e-04  -4.3555932e-04  -3.4686674e-03
  -8.6514683e-02  -1.0723329e-01   1.4957746e-01   1.1341596e-03  -2.4293508e-04  -3.4414784e-03
  -8.5725620e-02  -9.0538412e-02   1.7883359e-01  -4.0448102e-04  -3.3653374e-04  -3.8127435e-03
  -9.6310586e-02  -1.0903869e-01   2.2083552e-01   1.9409874e-04  -1.2083346e-04  -4.1606266e-03
  -9.4656804e-02  -1.3447387e-01   2.3695608e-01  -9.8454299e-05  -3.9003985e-05  -4.1302225e-03
  -1.0241345e-01  -9.3987317e-02   1.9192033e-01  -7.6616795e-05  -1.4421964e-04  -4.5635853e-03
  -1.1497685e-01  -1.1031512e-01   2.0746555e-01   7.3826476e-04  -3.9321664e-05  -4.2982529e-03
  -1.0218347e-01  -1.7761249e-01   1.9624713e-01   9.9132963e-05  -5.8852934e-04  -3.6548215e-03
  -7.6728148e-02  -1.3556165e-01   1.5800650e-01   6.9367473e-04  -4.7841563e-04  -3.0471572e-03
  -7.9590339e-02  -9.3451348e-02   1.6096654e-01   8.0925486e-04  -1.2280907e-04  -3.7605825e-03
  -6.7509583e-02  -1.1398588e-01   5.9872116e-02   1.2593047e-03  -5.0370256e-04  -3.5581793e-03
  -6.9550044e-02  -8.3466494e-02   1.2768491e-01   1.7239460e-03  -6.0188352e-04  -3.2436699e-03
  -6.9878248e-02  -1.6193489e-01   1.5212405e-01   9.7640000e-04  -5.4168881e-04  -3.1837727e-03
  -6.9839927e-02  -1.4810128e-01   1.8855306e-01   1.2421661e-03  -4.2509955e-04  -3.3967733e-03
  -6.0133518e-02  -8.0451610e-02   2.3012638e-01   4.9316914e-04  -7.0463878e-04  -3.3605100e-03
  -6.9439705e-02  -9.5280260e-02   2.1312591e-01   1.5258172e-03  -3.4255547e-04  -3.3426595e-03
  -5.9368232e-02  -1.4571306e-01   2.2655552e-01   4.9429924e-04  -4.8043170e-04  -3.3101641e-03
  -6.8528868e-02  -1.0176861e-01   2.2961942e-01   1.2588048e-03  -4.0974843e-04  -3.3749410e-03
  -6.2011320e-02  -1.9613350e-01   2.1454805e-01   7.3367059e-04  -2.4715709e-04  -3.1683900e-03
  -6.4128816e-02  -8.7405339e-02   2.0256511e-01   1.0241604e-03  -2.7124240e-04  -3.5433375e-03
  -6.6327889e-02  -1.1828651e-01   2.1552947e-01   6.6520076e-04  -1.9049062e-04  -3.6693679e-03
  -8.8526470e-02  -9.2716063e-02   2.1355198e-01   6.6958649e-04  -9.6462933e-05  -4.1046955e-03
  -9.6988309e-02  -1.4939581e-01   1.9467809e-01   7.2493292e-04   1.1926839e-05  -4.1507361e-03
  -9.2438403e-02  -7.2625782e-02   1.7855891e-01  -4.5599102e-04   1.4064466e-04  -4.6279830e-03
  -9.6875839e-02  -8.5021467e-02   1.7088744e-01   8.1199453e-04   1.6192783e-04  -4.2813151e-03
  -8.6675898e-02  -9.2303558e-02   1.7979254e-01  -2.2042254e-04   5.4754227e-05  -4.3840457e-03
  -8.8225577e-02  -1.0027542e-01   1.7008481e-01  -1.3778748e-04   1.0608545e-04  -4.3813555e-03
  -1.0904635e-01  -7.8558600e-02   1.9271304e-01   3.6131376e-04   2.1894618e-04  -4.6965076e-03
  -1.2125646e-01  -7.7031233e-02   1.8417394e-01   8.2415449e-04   1.9533716e-04  -4.8490339e-03
  -1.3820485e-01  -1.1877323e-01   2.0861016e-01   8.1454901e-04   3.5627603e-05  -5.1111198e-03
  -9.5779518e-02  -1.0275950e-01   2.0287286e-01   2.0407701e-04   1.3329756e-04  -3.9078587e-03
  -9.9071882e-02  -1.3238707e-01   1.8807305e-01   1.3934609e-03   2.5938726e-04  -4.0933745e-03
  -7.6423377e-02  -9.8869435e-02   2.1780954e-01   8.6900831e-04   2.7373223e-04  -3.7932787e-03
  -8.6883586e-02  -6.3264726e-02   2.3559951e-01   1.3007527e-03   3.5135316e-04  -4.0437789e-03
  -8.7765418e-02  -8.9565713e-02   2.7309834e-01   1.1263228e-03   5.2143239e-04  -4.3352350e-03
  -1.0036198e-01  -1.2675446e-01   2.4550735e-01   1.2754868e-03   4.3971782e-04  -4.2274818e-03
  -1.1632656e-01  -6.7500899e-02   2.9472925e-01   6.5735841e-04   5.8585301e-04  -4.2395092e-03
  -1.4264745e-01  -1.1006137e-01   3.2357686e-01   2.2221764e-03   9.9766771e-04  -4.4829323e-03
  -1.6938066e-01  -9.9310079e-02   3.8272980e-01   1.3198899e-03   9.2300922e-04  -4.3064006e-03
  -1.4991451e-01  -1.5104997e-01   4.4885434e-01   2.0897479e-03   7.4480582e-04  -3.3481449e-03
  -1.4059834e-01  -1.3271155e-01   4.1759022e-01   1.3713784e-03   7.7876898e-04  -2.8800481e-03
  -1.0808174e-01  -2.0412753e-02   3.3259112e-01   2.6048062e-03   1.0070289e-03  -2.6338284e-03
  -6.7101340e-02  -3.3894520e-02   3.5504988e-01   1.6917636e-03   1.2023059e-03  -2.1551971e-03
  -5.3493469e-02  -9.0794809e-02   2.8641131e-01   2.5574038e-03   8.7616860e-04  -1.8576873e-03
  -4.6947914e-02  -7.1577112e-02   3.5889631e-01   1.1557883e-03   1.1152046e-03  -2.1117544e-03
  -5.4887761e-02  -1.9854260e-01   4.1859250e-01   1.4464643e-03   1.1495721e-03  -1.8942967e-03
  -2.8336155e-02  -6.4936856e-02   3.4117308e-01   2.1353570e-03   1.3057360e-03  -1.5358805e-03
  -3.6274959e-02  -1.2716886e-01   4.1069745e-01   1.7241180e-03   1.3185751e-03  -1.5193317e-03
  -3.7973541e-02  -6.4329310e-02   3.6617615e-01   9.1313888e-04   1.5790011e-03  -2.0655936e-03
  -5.4364811e-02  -1.2588405e-01   4.0714322e-01   1.3443476e-03   1.5475486e-03  -2.2715244e-03
  -4.7573489e-02  -1.8636348e-01   3.7991986e-01   7.1352616e-04   1.7564257e-03  -2.4793235e-03
  -7.2255029e-02  -1.0675132e-02   3.9569693e-01   9.3017990e-04   1.3520649e-03  -3.3719344e-03
  -7.6580575e-02  -6.8728734e-02   3.5532066e-01   1.3975023e-03   1.5196631e-03  -3.2072605e-03
  -9.3600420e-02  -2.5608919e-02   3.8811360e-01   1.1510287e-03   1.2915526e-03  -3.5219920e-03
  -1.1782915e-01  -9.8204734e-02   3.5657889e-01   1.6158474e-03   6.9940370e-04  -3.5413670e-03
  -1.0212540e-01  -1.1965940e-01   3.9449868e-01   1.4988727e-03   9.5612093e-04  -3.2167914e-03
  -1.0048380e-01  -5.6048530e-02   3.6857923e-01   9.4402785e-04   1.0467148e-03  -3.6564834e-03
  -1.1544131e-01  -8.1834789e-02   3.6694191e-01   1.7817417e-03   9.4014127e-04  -3.9227266e-03
  -1.1187041e-01  -7.6782021e-02   3.9683247e-01   2.2634502e-03   1.1673568e-03  -3.9274396e-03
  -1.5426180e-01  -5.3183489e-02   4.1008498e-01   2.3107875e-03   5.1146508e-05  -4.4845581e-03
  -2.0593180e-01  -9.5271732e-02   4.3641452e-01   2.5609218e-03  -8.7250664e-04  -5.3632737e-03
  -1.7789039e-01  -8.7586024e-02   4.5110943e-01   2.9583865e-03  -2.0115253e-04  -4.6781198e-03
  -1.8927584e-01  -1.2909349e-01   4.5377519e-01   1.4883333e-03  -1.2358529e-04  -5.0966570e-03
  -1.6816106e-01  -5.6242062e-02   5.1192701e-01   2.5561682e-03   6.3835067e-05  -5.0364306e-03
  -1.9755345e-01  -1.6642355e-01   5.8729880e-01   2.6195857e-03  -1.9986618e-05  -5.3045615e-03
  -1.8855974e-01  -1.8425831e-01   5.4361372e-01   2.5818964e-03  -1.1985240e-04  -4.5037813e-03
  -1.8717169e-01  -1.3849648e-01   5.6689067e-01   2.3756332e-03   5.5853217e-05  -4.6969422e-03
  -1.8667139e-01  -9.1426067e-02   5.0952335e-01   1.3791476e-03   4.1952313e-06  -4.9866922e-03
  -1.9597317e-01  -8.8122450e-02   5.4690702e-01   2.4773145e-03   3.7313802e-06  -4.8758890e-03
  -1.9744098e-01  -8.4434351e-02   5.6615134e-01   1.7296486e-03   1.7960980e-04  -5.1191374e-03
  -2.2215811e-01  -5.6306251e-02   5.7412415e-01   3.0068350e-03  -1.0848014e-04  -5.2221739e-03
  -2.1420618e-01  -1.1943447e-01   5.9006778e-01   2.7837695e-03   4.3138391e-05  -5.0328045e-03
  -2.0549472e-01  -1.6021644e-01   5.4295960e-01   1.2913150e-03  -1.5315037e-05  -5.0618745e-03
  -2.0270385e-01  -1.2011027e-01   5.4556449e-01   2.2891375e-03   1.1872278e-04  -4.7791053e-03
  -1.9422315e-01  -1.1613354e-01   5.4822210e-01   2.1904962e-03   4.9550438e-04  -5.0834511e-03
  -2.0984308e-01  -9.4118316e-02   5.2947130e-01   2.8727683e-03   1.1278249e-03  -5.4084719e-03
  -1.8379283e-01  -1.9810029e-01   6.0846120e-01   2.4394035e-03   1.4177178e-03  -4.4595716e-03
  -1.5372084e-01  -1.2279504e-01   5.6901657e-01   8.6300699e-04   1.3738964e-03  -4.2871797e-03
  -1.7116509e-01  -1.2294279e-01   5.7833493e-01   1.7017711e-03   1.3998127e-03  -4.4808526e-03
  -2.0376677e-01  -6.7592901e-02   5.7936751e-01   3.5168705e-03   9.8408465e-04  -4.9028755e-03
  -2.1924657e-01  -9.9782472e-02   6.1662170e-01   3.0320598e-03   6.6554995e-04  -4.8722366e-03
  -2.2346801e-01  -1.1608097e-01   5.1469911e-01   2.6426388e-03  -8.0217550e-05  -5.6528436e-03
  -2.3393068e-01  -4.4447181e-02   5.6221921e-01   3.6710800e-03   4.8661778e-05  -5.5081999e-03
  -1.7839265e-01  -9.4034683e-02   5.8499319e-01   3.0464718e-03   6.7135716e-04  -4.8623894e-03
  -1.9045416e-01  -9.8692712e-02   5.7602849e-01   2.2854520e-03   1.9199039e-04  -4.8806361e-03
  -1.7442172e-01  -3.6306045e-02   5.8380378e-01   3.0542082e-03   5.4830435e-04  -4.5699419e-03
  -2.3147125e-01   4.5541346e-02   5.6557345e-01   4.0744766e-03  -4.4980547e-04  -4.8540312e-03
  -1.9893464e-01  -4.6847430e-02   5.9647176e-01   4.2579366e-03  -3.1210035e-04  -5.2074371e-03
  -1.7767035e-01   3.7310372e-02   5.5266250e-01   3.8559022e-03  -6.1172297e-04  -5.4121819e-03
  -2.3823688e-01  -3.2582129e-02   5.8629904e-01   3.6041846e-03  -1.0522876e-03  -6.2478761e-03
  -2.6981334e-01  -3.2523066e-02   5.2994418e-01   3.3642237e-03  -8.3359894e-04  -7.2886277e-03
  -3.1672239e-01  -3.1194468e-02   5.3381650e-01   4.5123362e-03  -1.9716147e-03  -7.5142588e-03
  -3.3700131e-01  -3.2561986e-02   5.3288594e-01   3.4813530e-03  -2.7285728e-03  -7.7693942e-03
  -3.4096627e-01  -7.1470841e-03   5.5627506e-01   3.8830460e-03  -2.6566628e-03  -7.9302366e-03
  -3.2604662e-01  -3.1816328e-02   5.5466861e-01   2.7143183e-03  -2.0552768e-03  -8.0476799e-03
  -3.2441561e-01   6.4558979e-03   4.7711693e-01   3.4108642e-03  -1.7728556e-03  -7.8630538e-03
  -2.9160589e-01   2.8871791e-02   5.2200993e-01   3.5864696e-03  -1.5566972e-03  -7.7282682e-03
  -2.8606423e-01  -6.8794417e-02   5.0931211e-01   3.0895141e-03  -1.8151950e-03  -7.5530085e-03
  -2.8023040e-01  -2.2250489e-02   5.0925015e-01   4.4619753e-03  -1.5513674e-03  -7.2069393e-03
  -2.9494126e-01  -5.7352310e-02   6.0945426e-01   3.6632790e-03  -2.0737083e-03  -7.0973449e-03
  -2.9632215e-01  -4.3798448e-02   5.8443843e-01   3.2936093e-03  -2.0758755e-03  -7.2443920e-03
  -3.0288587e-01  -7.1220361e-02   6.1342462e-01   2.5399433e-03  -2.3571646e-03  -7.2240878e-03
  -2.9634242e-01  -5.5520255e-02   5.8096511e-01   3.6247444e-03  -2.2987078e-03  -7.3385921e-03
  -3.1898303e-01  -3.8637996e-02   6.7231195e-01   2.6684449e-03  -2.6466543e-03  -7.2906383e-03
  -3.2955859e-01  -3.7521923e-02   5.8667896e-01   4.1674985e-03  -2.4663833e-03  -7.2989256e-03
  -2.7891176e-01  -1.2395092e-01   6.4555586e-01   3.6787644e-03  -6.1649644e-04  -5.8157910e-03
  -2.3866443e-01  -7.5750987e-02   6.1131921e-01   3.7629313e-03   1.6011177e-04  -4.7169926e-03
