   0.0000000e+00   0.0000000e+00   0.0000000e+00   0.0000000e+00   0.0000000e+00   0.0000000e+00
   1.9525946e-02   1.2021429e-01   2.9032312e-03  -1.9950880e-03  -6.0212087e-04   3.6052378e-04
   2.1390044e-02   1.2150737e-01   1.7705240e-02  -3.9938663e-04  -4.3766227e-04   1.8016000e-04
   1.8133282e-02   1.1883567e-01  -3.0091978e-02  -6.4414854e-05  -4.3563653e-04   1.9180199e-04
   7.7375777e-03   5.4747050e-02   1.4791349e-02   4.5926463e-04  -3.8875584e-04   2.4287234e-04
   1.0856316e-02   1.2392635e-01  -1.8069432e-02  -2.0551002e-03  -4.9380941e-04   2.4375067e-04
   1.1934826e-02   9.7706655e-02   2.1564687e-02  -2.7317951e-04  -5.1405811e-04   4.2472210e-04
   6.9844780e-03   4.4691643e-02  -1.5077097e-02  -3.6281085e-04  -4.8289156e-04   2.7354192e-04
   5.9881224e-03   8.4315676e-02   8.1630714e-03  -5.9536827e-04  -3.4100210e-04   2.3690521e-04
   1.4996419e-02   1.3848692e-01  -3.4685053e-02  -4.9679880e-05  -4.0504844e-04   2.8549977e-04
   1.2875683e-02   8.1908277e-02   2.6627066e-02  -6.9025187e-04  -6.0616198e-04   3.0132855e-04
   1.4191848e-02   9.4752369e-02  -4.3316892e-02  -1.3863295e-04  -5.6724394e-04   2.9228485e-04
   1.4101716e-02   9.7469593e-02   1.9883693e-02  -3.0821594e-05  -5.1428707e-04   1.0760811e-04
   1.7531442e-02   1.0576767e-01  -1.7077184e-02  -1.0186252e-03  -6.3149616e-04   2.9471600e-04
   2.8907230e-02   1.6454452e-01  -3.6330248e-02  -4.2772063e-04  -7.8005986e-04   1.5567410e-04
   1.4667797e-02   7.7538074e-02  -4.3552490e-02  -4.1839961e-04  -5.1975006e-04   1.1745216e-04
   6.7235618e-03   1.7794354e-01  -8.5270431e-03  -2.2502824e-03  -4.6373386e-04   2.6649109e-04
   2.9368178e-02   1.1238508e-01  -9.7844504e-03  -1.4483517e-03  -9.1748961e-04   1.9892469e-04
   2.2915794e-02   1.1637983e-01  -1.8949993e-02  -4.2698413e-04  -7.0182947e-04   4.2770466e-05
   1.0877093e-02   1.4089517e-01  -3.8967173e-02  -4.8504632e-04  -4.4227762e-04   1.5432396e-04
   2.1270538e-02   6.9305421e-02  -1.0678123e-02  -3.3626522e-04  -8.6203635e-04   2.2629230e-04
   1.5346525e-02   3.5047378e-02  -5.7737654e-03  -1.5410654e-03  -7.3254539e-04   2.7745218e-04
   2.1344479e-02   9.8268248e-02   1.0207366e-02  -1.6320166e-03  -5.7575208e-04   3.2528754e-05
   2.6774662e-02   6.7002181e-02  -1.4848129e-02  -6.4554238e-05  -7.9160152e-04   8.1093967e-05
   2.2332982e-02   1.0121171e-01  -2.6980518e-02  -1.5450161e-03  -6.8160529e-04  -1.0134834e-04
   1.1690955e-02   1.3521529e-01  -4.1141814e-02   4.5865843e-04  -4.0455792e-04   1.8002061e-04
   2.4054608e-02   9.9954851e-02  -3.4239396e-02  -8.2827693e-04  -7.9036034e-04   8.6567827e-05
   2.7411684e-02   1.1738595e-01  -3.7843014e-02   1.5698093e-04  -7.6694525e-04   2.4746139e-05
   1.8346537e-02   1.3798070e-01   2.6289726e-03  -7.0616227e-04  -5.9675942e-04  -1.1487121e-05
   2.5663359e-02   9.3672618e-02  -5.1268003e-02   2.7479534e-04  -7.3540171e-04  -6.6923398e-05
   1.2793531e-02   5.5424431e-02   2.4549555e-03  -3.3014166e-04  -4.9544417e-04   9.3955948e-06
   2.6236921e-02   1.0414132e-01  -2.2764929e-02  -3.2985633e-04  -6.9573363e-04   6.2082899e-07
   2.3617444e-02   1.3220306e-01  -7.5971590e-03   3.4138476e-04  -5.7191306e-04  -1.2987949e-04
   1.4420800e-02   1.1119415e-01  -5.8246984e-02  -6.7947002e-04  -3.0406842e-04  -2.3597240e-04
   2.1117032e-02   1.5677287e-01   2.4647930e-03  -1.2762959e-03  -5.7188446e-04   6.8803575e-05
   2.1813212e-02   1.0065461e-01  -4.4652255e-02  -8.4169036e-04  -7.2384127e-04   5.3933409e-05
   2.1061620e-02   1.3161427e-01  -1.9647394e-02  -9.7577795e-04  -6.5878810e-04   6.2006202e-05
   8.5386495e-03   5.2800600e-02  -2.0544247e-02  -8.8252847e-04  -5.0266450e-04   2.8857444e-05
   2.5234750e-02   1.6181892e-01  -6.8125704e-02  -3.4114774e-04  -6.1568089e-04  -8.8399110e-05
   2.6183290e-02   8.7538343e-02  -5.4063099e-02   1.7399866e-04  -6.1272932e-04  -1.1857137e-04
   1.6037301e-02   1.2217625e-01  -4.3346418e-02  -2.7593790e-04  -6.0433722e-04  -2.7104070e-05
   2.5332023e-02   9.4227153e-02  -3.5699745e-02   8.5828140e-04  -6.8105813e-04  -1.1016090e-05
   1.8250211e-02   1.3149667e-01  -3.1826497e-02  -1.6995797e-03  -5.8598868e-04  -6.2027023e-05
   2.0277439e-02   1.0848919e-01   1.0064843e-02  -1.4518870e-03  -6.7977884e-04  -1.9657883e-04
   1.6806817e-02   1.7458080e-01  -6.0156717e-02  -2.1453737e-03  -3.3501677e-04  -3.1683728e-04
   1.4258015e-02   1.5822759e-01  -4.0775483e-02   1.0003648e-04  -3.6318465e-04  -3.2034505e-05
   2.2374284e-02   1.5588808e-01  -7.5786832e-02  -3.4588900e-04  -6.7132261e-04  -6.5864421e-05
   1.3234095e-02   1.7096407e-01  -6.3623968e-02   3.8623071e-04  -3.8741500e-04  -1.4093727e-04
   6.8976634e-03   1.5023348e-01  -3.0353176e-02   4.1850189e-04  -2.4026758e-04  -1.5663649e-04
   1.5114920e-02   1.1109485e-01  -4.4363357e-02  -1.4245758e-04  -6.8246967e-04  -4.9075355e-05
   1.8562628e-02   1.0174894e-01  -1.5267159e-02   3.8979225e-04  -7.0405150e-04  -1.8062100e-04
   1.9199656e-02   1.7598187e-01  -6.3908561e-02  -5.3304118e-04  -6.4267656e-04  -1.2144312e-04
   2.6636548e-02   1.6552339e-01  -4.8579825e-02   1.1503386e-04  -8.3866761e-04  -3.9544805e-05
   2.3810435e-02   1.5982068e-01  -8.2342380e-02  -5.5253368e-04  -6.8507379e-04  -1.3176324e-04
   1.0232526e-02   1.5353592e-01  -2.8345070e-02  -7.7804794e-04  -4.3336062e-04  -3.2706302e-04
   2.6579359e-02   1.3295045e-01  -7.0247376e-02  -7.6445278e-04  -6.3107268e-04  -2.4136113e-04
   2.8936720e-02   1.8551906e-01  -6.3425185e-02  -4.8852599e-04  -8.2167194e-04  -3.8359830e-05
   9.5044132e-03   1.3086873e-01  -6.4551057e-02  -1.0465231e-03  -3.3978285e-04  -2.0100328e-04
   1.8422891e-02   1.6446340e-01  -4.8645392e-02  -1.2291585e-03  -6.4835536e-04  -3.5897687e-04
   2.4528197e-02   1.1334304e-01  -6.2374295e-02  -4.0009417e-05  -7.3148646e-04  -3.8268435e-04
   1.7821169e-02   1.9751502e-01  -7.6607285e-02  -1.0011451e-03  -5.1455129e-04  -2.9939196e-04
   1.6381035e-02   1.7441334e-01  -6.2634762e-02   2.1257772e-04  -4.7684453e-04  -2.9156398e-04
   2.7965448e-02   2.2121868e-01  -8.5041058e-02  -1.1136667e-03  -7.9023377e-04  -2.7425970e-04
   1.3635423e-02   1.3398014e-01  -5.0637592e-02  -1.2651694e-03  -5.4248451e-04  -4.9636320e-04
   1.3072711e-02   1.9251893e-01  -7.0257411e-02  -2.8107485e-03  -5.9346244e-04  -4.5745270e-04
   3.3511775e-02   1.4898121e-01  -5.2660468e-02  -4.5533133e-04  -8.9582051e-04  -6.2108981e-04
   1.9379162e-02   2.8202238e-01  -1.2201805e-01  -3.2009721e-03  -6.4733649e-04  -7.4301927e-04
   2.7018847e-02   3.3250063e-01  -9.0811664e-02  -3.9760160e-03  -5.1767208e-04  -8.2321021e-04
   2.8851136e-02   2.6906981e-01  -1.2927580e-01  -5.9512123e-03  -6.6192705e-04  -1.0478474e-03
   5.6161506e-02   2.5681907e-01  -3.5843749e-02  -4.5865566e-03  -1.4792558e-03  -1.4476209e-03
   8.5824110e-02   3.3193969e-01  -1.2354500e-01  -3.1892960e-03  -1.7395906e-03  -8.0226021e-04
   7.1572097e-02   2.5527832e-01  -5.5436463e-02  -2.0815701e-03  -1.7000419e-03  -8.6758452e-04
   7.1121132e-02   2.9610789e-01  -1.2711418e-01  -2.1442233e-03  -1.4267468e-03  -1.0959835e-03
   4.7885301e-02   1.7350366e-01  -1.7893403e-03  -1.3147052e-03  -1.1692909e-03  -8.5376340e-04
   7.2715283e-02   2.0588198e-01  -8.7764431e-02  -2.0164573e-03  -1.5192053e-03  -9.5311128e-04
   7.2654573e-02   2.1392758e-01  -1.7258780e-02  -7.6422787e-04  -1.4322117e-03  -9.4499732e-04
   8.1329420e-02   2.5292378e-01  -4.8772860e-02  -2.7211366e-03  -1.7455611e-03  -7.4381924e-04
   7.3883729e-02   2.1780710e-01  -1.5545454e-02  -1.2674971e-03  -1.6124504e-03  -8.3981091e-04
   6.7206771e-02   2.0912342e-01  -6.8256845e-02  -1.7907477e-03  -1.4140993e-03  -7.7683109e-04
   8.0776155e-02   2.0475389e-01  -3.3165509e-02  -1.0287266e-03  -1.8801161e-03  -7.5203732e-04
   6.8073801e-02   1.9067015e-01  -6.7569238e-02  -1.4944534e-03  -1.4848917e-03  -8.6904215e-04
   6.8209316e-02   2.8212894e-01  -4.6990488e-02  -1.4770821e-03  -1.5565956e-03  -6.5612518e-04
   7.3032963e-02   2.0710144e-01  -3.7394637e-02  -2.0545188e-03  -1.7156226e-03  -7.0680257e-04
   6.8916954e-02   2.7065997e-01  -5.8713420e-02  -2.7293584e-03  -1.5758143e-03  -7.9013967e-04
   5.8345062e-02   2.8226456e-01  -8.7945762e-02  -2.0344125e-03  -1.3303271e-03  -7.7803680e-04
   6.1406710e-02   2.1372068e-01  -6.0976782e-02  -1.8895846e-03  -1.5687252e-03  -7.3091769e-04
   5.7809261e-02   2.1615731e-01  -7.1564958e-02  -2.4166115e-03  -1.3251666e-03  -8.1918008e-04
   6.5736590e-02   2.8687953e-01  -5.6015632e-02  -3.5032661e-03  -1.4779050e-03  -8.3962460e-04
   6.7417699e-02   2.1079066e-01  -6.6115514e-02  -2.4924198e-03  -1.4665006e-03  -7.1683086e-04
   7.3464262e-02   2.9052719e-01  -8.5515545e-02  -4.7367013e-03  -1.6376242e-03  -8.3107698e-04
   6.0485308e-02   2.9259994e-01  -6.5775563e-02  -2.9324050e-03  -1.0795459e-03  -1.0848767e-03
   7.0065198e-02   2.3458332e-01  -1.0233835e-01  -3.1277493e-03  -1.5672570e-03  -9.3991083e-04
   6.7089532e-02   2.3107787e-01  -6.2200907e-02  -1.7928033e-03  -1.4355500e-03  -1.0277811e-03
   5.8157198e-02   3.1400156e-01  -8.9384843e-02  -3.6541005e-03  -1.1724705e-03  -1.2144217e-03
   4.5801147e-02   3.0677989e-01  -4.0652650e-02  -3.1204631e-03  -8.8029480e-04  -1.2470830e-03
   4.9473327e-02   2.0817992e-01  -1.3457414e-02  -4.2478479e-03  -1.0877604e-03  -1.0989629e-03
   6.6065227e-02   3.0792031e-01  -1.2448704e-01  -5.0492718e-03  -1.2050678e-03  -1.2958057e-03
   4.8838313e-02   3.1377599e-01  -9.6159126e-02  -4.9531038e-03  -6.7448916e-04  -1.6547140e-03
   7.6436956e-02   3.2355509e-01  -1.3605886e-01  -3.9439571e-03  -1.1520956e-03  -1.4534420e-03
   6.8524430e-02   2.2319205e-01  -9.8067128e-02  -2.1605256e-03  -1.0739748e-03  -1.2839558e-03
   5.9255379e-02   2.7184351e-01  -1.3130992e-01  -2.3888908e-03  -9.9768597e-04  -1.2689827e-03
   5.5326790e-02   2.6258356e-01  -4.5196202e-02  -1.5308340e-03  -9.7161911e-04  -1.2067636e-03
   5.9523620e-02   2.9060920e-01  -8.8049902e-02  -2.2242048e-03  -9.8607973e-04  -1.3501165e-03
   5.1753305e-02   2.3010069e-01  -3.0338365e-02  -2.6870566e-03  -9.0729968e-04  -1.3722268e-03
   5.7804354e-02   3.2507664e-01  -6.2882697e-02  -4.8581308e-03  -1.0029880e-03  -1.7198592e-03
   5.6103284e-02   2.6894805e-01  -5.3120940e-02  -2.4613841e-03  -9.7517201e-04  -1.5332638e-03
   5.4655460e-02   2.4645848e-01  -9.2839463e-02  -3.3951312e-03  -9.0986481e-04  -1.4127678e-03
   5.2252212e-02   2.6581063e-01  -6.8547682e-02  -2.9957246e-03  -9.8175601e-04  -1.5023608e-03
   6.3987579e-02   3.2414267e-01  -1.2485013e-01  -4.0804111e-03  -9.7678266e-04  -1.5491501e-03
   4.7478661e-02   3.1691088e-01  -5.5644925e-02  -3.7854258e-03  -6.8085018e-04  -1.6231480e-03
   6.5600034e-02   3.4610967e-01  -8.2001142e-02  -5.0447197e-03  -1.0235958e-03  -1.4213615e-03
   5.9509421e-02   3.0769187e-01  -8.8849094e-02  -4.3895667e-03  -9.1942169e-04  -1.3706505e-03
   5.3864842e-02   4.0111032e-01  -1.9732101e-01  -6.9952329e-03  -7.2354704e-04  -1.5058486e-03
   4.9321812e-02   2.5811808e-01  -7.1465789e-02  -4.0839575e-03  -7.3281835e-04  -1.5681133e-03
   6.3340018e-02   3.4480422e-01  -1.5224748e-01  -2.0592224e-03  -8.3703975e-04  -1.3514603e-03
   6.0126964e-02   3.5334052e-01  -8.0933856e-02  -3.8436828e-03  -9.4303842e-04  -1.5500529e-03
   4.4413335e-02   3.4534150e-01  -1.8500841e-01  -4.4341988e-03  -5.9720974e-04  -1.5369902e-03
   3.6344847e-02   3.8842086e-01  -9.2593014e-02  -6.9865734e-03  -3.1826221e-04  -1.9583574e-03
   3.7434883e-02   3.9710965e-01  -2.3001169e-01  -6.4150579e-03   6.3045236e-06  -1.8498670e-03
   5.0321530e-02   3.8442039e-01  -5.5849508e-02  -9.2309876e-03  -4.4122814e-04  -2.0859199e-03
   7.6137882e-02   4.1101576e-01  -1.8977375e-01  -6.7348237e-03  -3.7692910e-04  -2.2861263e-03
   6.1281230e-02   3.5937732e-01  -1.5878138e-01  -5.9408953e-03  -3.2782843e-04  -1.9368088e-03
   7.1092239e-02   3.9354161e-01  -1.5779050e-01  -4.4215846e-03  -8.7691237e-04  -2.0178172e-03
   5.6619454e-02   3.9431222e-01  -1.6663934e-01  -4.1864171e-03  -5.0501470e-04  -1.9796118e-03
   4.1882966e-02   3.7230034e-01  -1.3426554e-01  -3.5826977e-03  -1.8184442e-04  -1.9190819e-03
   5.2509580e-02   3.0556669e-01  -1.0862546e-01  -3.9915311e-03  -6.0174904e-04  -1.7699890e-03
   5.3243961e-02   3.5452639e-01  -1.4084425e-01  -3.5781681e-03  -6.9353217e-04  -1.9657356e-03
   4.8214198e-02   2.8032709e-01  -8.9710831e-02  -5.0653679e-03  -6.7757528e-04  -1.9119464e-03
   6.4265257e-02   3.6320483e-01  -1.3671500e-01  -5.0999961e-03  -1.0124994e-03  -1.9885032e-03
   6.0374246e-02   3.5525789e-01  -1.1510024e-01  -3.5552581e-03  -8.3753321e-04  -1.9897338e-03
   5.1167537e-02   4.0458960e-01  -1.5280113e-01  -6.3251065e-03  -6.8879710e-04  -1.9703662e-03
   5.0180089e-02   4.3406486e-01  -1.0742375e-01  -5.5916329e-03  -4.8952684e-04  -2.1151121e-03
   5.0431040e-02   3.8708653e-01  -1.6882180e-01  -7.0581022e-03  -6.9107619e-04  -2.0642033e-03
   4.3850100e-02   4.2186290e-01  -1.6579219e-01  -6.8050192e-03  -3.2089826e-04  -2.1165868e-03
   4.3003679e-02   4.1944849e-01  -2.1786913e-01  -7.4028809e-03  -1.6811721e-04  -1.9661573e-03
   4.8894006e-02   3.7914768e-01  -1.6143748e-01  -4.1195206e-03  -3.8393610e-04  -2.0803273e-03
   5.5076386e-02   3.8496704e-01  -2.1327731e-01  -4.6242062e-03  -3.8133718e-04  -1.7711796e-03
   4.9111920e-02   4.4316851e-01  -1.6480491e-01  -4.2544049e-03  -4.3430193e-04  -2.0629159e-03
   3.3379516e-02   3.4830425e-01  -1.4905146e-01  -4.9232288e-03  -3.1726099e-04  -1.9401470e-03
   1.0738159e-02   4.4548938e-01  -1.9418918e-01  -7.2022931e-03   1.7611629e-04  -2.2621704e-03
   3.1306987e-02   3.5221040e-01  -1.2559686e-01  -4.8210169e-03  -8.2737075e-05  -2.1344997e-03
   5.9115813e-02   4.4715024e-01  -2.0601058e-01  -3.8908040e-03  -5.4535880e-04  -2.0566806e-03
   4.7429599e-02   3.4459295e-01  -1.4044371e-01  -5.1615215e-03  -6.1045730e-04  -2.0789343e-03
   3.8441883e-02   3.7610105e-01  -1.8645337e-01  -5.0222274e-03  -4.1062002e-04  -2.3869905e-03
   3.7609034e-02   3.7870543e-01  -1.4528237e-01  -2.9130558e-03  -2.7028469e-04  -2.2193868e-03
   2.9989569e-02   3.4584059e-01  -1.7774126e-01  -6.2192243e-03  -3.4328698e-04  -2.2939433e-03
   3.6892655e-02   3.7846467e-01  -1.4053709e-01  -4.1469048e-03  -3.1056648e-04  -2.2163997e-03
   4.7872450e-02   3.3011926e-01  -1.3526578e-01  -5.3795873e-03  -6.2576615e-04  -2.1566251e-03
   6.1926826e-02   4.5722119e-01  -1.7947484e-01  -5.8863866e-03  -8.0131129e-04  -2.1955033e-03
   5.8148129e-02   3.9262749e-01  -1.4178039e-01  -5.3537348e-03  -7.9950817e-04  -2.1043398e-03
   4.6842538e-02   4.6663762e-01  -2.2718061e-01  -8.2243658e-03  -6.6372597e-04  -2.1443831e-03
   4.0513248e-02   3.8296425e-01  -1.7715296e-01  -5.5879473e-03  -6.4437616e-04  -2.3967755e-03
   5.3950755e-02   3.7363352e-01  -1.7585518e-01  -6.0397472e-03  -8.1220491e-04  -2.2656052e-03
   4.4500919e-02   4.1816718e-01  -1.7473186e-01  -4.6072071e-03  -2.5190989e-04  -2.5121580e-03
   4.9196081e-02   4.9900542e-01  -2.1509664e-01  -5.8312391e-03  -5.5674925e-04  -2.1609057e-03
   4.9426425e-02   4.6132101e-01  -1.5213682e-01  -6.4130663e-03  -4.4949464e-04  -2.6020976e-03
   4.5852600e-02   4.3852931e-01  -2.2265760e-01  -8.1682108e-03  -4.3999773e-05  -2.5104830e-03
   8.3587765e-02   4.5968786e-01  -1.4485810e-01  -6.7425423e-03  -3.2854929e-05  -2.4532167e-03
   8.0105368e-02   4.6261511e-01  -2.2511627e-01  -5.4625238e-03  -5.5705675e-04  -2.3019221e-03
   7.7463656e-02   4.6492324e-01  -2.0230294e-01  -3.2243359e-03  -6.6728940e-04  -2.3297396e-03
   6.6413970e-02   4.1192514e-01  -2.3032588e-01  -3.2598806e-03  -6.2172780e-04  -2.3528174e-03
   6.1951371e-02   4.4745153e-01  -1.9162605e-01  -3.1018521e-03  -5.9298798e-04  -2.2169761e-03
   6.3133185e-02   3.5682148e-01  -1.7402756e-01  -2.8883692e-03  -5.8388237e-04  -2.1476107e-03
   5.9752790e-02   4.0186812e-01  -1.6153009e-01  -5.1803291e-03  -6.7527493e-04  -2.2590979e-03
   5.6936522e-02   4.0947719e-01  -1.7352482e-01  -3.5008711e-03  -5.7393557e-04  -2.0936499e-03
   5.2174684e-02   4.0595695e-01  -2.0502078e-01  -3.4483710e-03  -5.5894407e-04  -2.3736118e-03
   5.9291883e-02   3.6928958e-01  -1.7592559e-01  -4.2762941e-03  -8.0130659e-04  -2.1867843e-03
   6.1191404e-02   4.5825179e-01  -1.6785744e-01  -6.2158699e-03  -7.8790462e-04  -2.3010345e-03
   7.4633675e-02   4.5304460e-01  -1.7484804e-01  -4.4056220e-03  -8.7597142e-04  -2.1182840e-03
   6.6861824e-02   3.8579164e-01  -1.8756890e-01  -6.5428913e-03  -8.5746408e-04  -2.2166454e-03
   7.2969311e-02   4.6921050e-01  -2.3164455e-01  -6.0777231e-03  -8.9685652e-04  -2.4176551e-03
   5.8688476e-02   4.5851168e-01  -1.8104785e-01  -7.9257633e-03  -8.0111673e-04  -2.7024922e-03
   5.0257708e-02   4.6948632e-01  -1.2824602e-01  -8.2473833e-03  -6.3552988e-04  -2.7051456e-03
   6.3393483e-02   4.4531717e-01  -1.9103749e-01  -7.1000255e-03  -4.9407943e-04  -2.4544873e-03
   6.8026660e-02   4.8286107e-01  -1.7542006e-01  -5.4102346e-03  -7.3840041e-04  -2.2178483e-03
   7.0907494e-02   4.7157810e-01  -1.8485809e-01  -5.1395281e-03  -8.9867220e-04  -2.2389803e-03
   5.8162599e-02   5.0431501e-01  -1.9176597e-01  -5.1101230e-03  -8.5713280e-04  -2.0615418e-03
   5.1595137e-02   4.0995880e-01  -1.7041749e-01  -4.6267955e-03  -7.5507644e-04  -2.0616480e-03
   5.0199488e-02   4.1414193e-01  -1.6463410e-01  -4.6385955e-03  -6.6630736e-04  -2.2829696e-03
   5.8836975e-02   3.9585234e-01  -1.3561126e-01  -5.0822750e-03  -9.0985378e-04  -2.3745537e-03
   6.0817748e-02   3.9490502e-01  -1.4936916e-01  -5.2908963e-03  -1.0435275e-03  -2.2682892e-03
   5.6374251e-02   4.2563049e-01  -1.1713675e-01  -4.5742426e-03  -7.4057953e-04  -2.2126075e-03
   5.7766206e-02   5.0442649e-01  -1.7707417e-01  -7.1460826e-03  -1.1010874e-03  -2.2783747e-03
   5.1212631e-02   4.3769848e-01  -1.7372949e-01  -7.4044609e-03  -9.0606552e-04  -2.0646143e-03
   5.4572622e-02   4.4729298e-01  -1.8135308e-01  -6.1947628e-03  -7.6688342e-04  -2.3586559e-03
   7.3053539e-02   4.6559970e-01  -1.7265137e-01  -5.5568234e-03  -1.1906269e-03  -2.3148129e-03
   7.0350431e-02   5.1197127e-01  -1.6243397e-01  -7.8280654e-03  -1.1657533e-03  -2.6066320e-03
   4.7922549e-02   5.3979050e-01  -2.0012701e-01  -6.8901441e-03  -6.7290436e-04  -2.3231889e-03
   4.3409771e-02   4.9949619e-01  -2.0745198e-01  -9.4297508e-03  -4.1820725e-04  -2.6974079e-03
   6.1789863e-02   5.0998635e-01  -1.3770359e-01  -9.0958360e-03  -7.3038242e-04  -2.3275341e-03
   7.5549186e-02   4.9665327e-01  -2.2826461e-01  -8.0976813e-03  -8.2763247e-04  -2.6113959e-03
   6.8337954e-02   4.8185704e-01  -1.7970401e-01  -6.4130399e-03  -7.4886948e-04  -2.3819044e-03
   6.6680715e-02   4.9202164e-01  -2.2204437e-01  -7.7820839e-03  -8.1612488e-04  -2.5016799e-03
   4.4901290e-02   5.0213995e-01  -1.6643321e-01  -5.8393153e-03  -3.2610789e-04  -2.6568803e-03
   3.7870615e-02   4.8823009e-01  -2.0469635e-01  -8.5838569e-03  -5.4216181e-04  -2.7045415e-03
   3.9480098e-02   4.8651730e-01  -1.6380153e-01  -7.9683955e-03  -3.5755818e-04  -2.6330214e-03
   3.6333740e-02   4.6225326e-01  -2.2805770e-01  -8.5203516e-03  -3.9321791e-04  -2.7671942e-03
   4.9793667e-02   4.7223473e-01  -1.5616225e-01  -6.8605158e-03  -4.4620079e-04  -2.7571582e-03
   6.7756497e-02   5.0997101e-01  -2.4859580e-01  -7.0161198e-03  -7.2637830e-04  -2.6811800e-03
   6.5176727e-02   5.2620718e-01  -2.0084805e-01  -6.2054858e-03  -6.7501395e-04  -2.7674225e-03
   5.6023630e-02   4.6954778e-01  -2.3388741e-01  -6.2949003e-03  -3.9278122e-04  -2.9098036e-03
   5.8235248e-02   5.2161684e-01  -2.1078710e-01  -6.0808219e-03  -4.3972771e-04  -2.8545541e-03
   6.0841716e-02   4.7017619e-01  -2.4533004e-01  -5.8205215e-03  -3.4428944e-04  -2.9264185e-03
   5.4411707e-02   4.9502827e-01  -1.9460545e-01  -6.2286823e-03  -3.7192115e-04  -2.7503823e-03
   6.7885638e-02   4.9712869e-01  -2.3226591e-01  -5.3310799e-03  -4.7902774e-04  -2.8551193e-03
   6.0626389e-02   5.1161453e-01  -1.9696702e-01  -7.9360996e-03  -6.5582357e-04  -2.6796041e-03
   6.6968646e-02   4.7807776e-01  -2.3338307e-01  -5.8774510e-03  -6.8472487e-04  -2.6540681e-03
   7.3978563e-02   5.4196817e-01  -2.1006970e-01  -7.6814399e-03  -7.5332724e-04  -2.7530275e-03
   7.4413854e-02   5.3779403e-01  -1.8304605e-01  -7.7565081e-03  -7.4255942e-04  -2.6153881e-03
