   0.0000000e+00   0.0000000e+00   0.0000000e+00   0.0000000e+00   0.0000000e+00   0.0000000e+00
   3.4685557e-03   6.4540210e-03  -1.9934587e-02   4.9197093e-04   1.9814041e-05   3.2160555e-05
   4.1500254e-03  -2.8787125e-02   2.4809157e-02   3.1433351e-04   7.1434425e-05  -1.0163433e-04
   4.1554185e-03  -5.2408352e-03  -2.1961770e-02  -1.2265943e-04   1.1408961e-04  -8.7055588e-05
   1.1031360e-02   7.5401641e-02  -1.0397576e-02   1.7523171e-03  -1.3764258e-04   8.6033866e-05
   1.7563406e-02  -9.6123934e-04   2.2433847e-02   1.9970943e-03   4.7625843e-04   1.6750637e-04
   1.8035945e-02   5.2684459e-02  -1.3320240e-03   1.9294797e-03   4.8583017e-04   1.5809113e-04
   1.1154926e-02   4.7699924e-02   5.0245325e-02   2.4528503e-03   3.3177548e-04   1.5999622e-04
   6.9527173e-04  -1.8714572e-02   5.7450613e-02   2.1426325e-03   3.0980738e-04   6.0519575e-05
   5.9318209e-03  -1.3367318e-02   9.4031881e-02   1.9059488e-03   2.8869198e-04   4.9267662e-05
   1.1893534e-03   1.3938045e-02   9.9095276e-02   1.1031496e-03   2.0868529e-04  -8.4307537e-05
   1.0800640e-02  -4.5731377e-03   7.2416663e-02   1.1046656e-03   1.8083243e-04  -2.2757194e-04
   1.8333772e-02  -2.7741545e-02   5.3959108e-02   7.0007454e-04   2.9582253e-04  -2.8133101e-04
   2.0315184e-02   3.4694348e-02   5.2558682e-02   1.1741691e-03   3.4431072e-04  -2.6923423e-04
   1.9537490e-02  -2.2906325e-02   8.1284729e-02   6.0652303e-04   4.6319598e-04  -3.6106082e-04
   1.5874754e-02   5.5645626e-02   7.2551147e-02   1.1813490e-03   3.9836728e-04  -4.9572500e-04
   1.0642022e-02  -2.8166036e-02   9.1780275e-02   1.0238768e-03   4.8190342e-04  -5.5886465e-04
   1.1752137e-02   6.1667760e-02   7.6960552e-02   1.1887167e-03   3.0274386e-04  -6.0544956e-04
   6.8258123e-03   1.9436364e-02   1.0619211e-01   1.1222634e-03   4.1926097e-04  -6.3179149e-04
   1.0251927e-02   2.2541341e-02   5.4610200e-02   8.7138227e-04   3.0165260e-04  -6.6099979e-04
   2.9376681e-03   2.7126370e-02   1.0185350e-01   8.0678703e-04   5.6065693e-04  -6.7885626e-04
   6.9687203e-04   2.6948689e-02   8.2294368e-02   4.2857315e-04   3.4696283e-04  -6.6447435e-04
   4.8585175e-03   6.6286521e-02   9.2626892e-02   4.7186000e-04   3.7429633e-04  -5.5999623e-04
   6.0249778e-03   7.8832155e-02   6.8165757e-02   4.3015473e-04   4.4208550e-04  -6.8743408e-04
   1.1884613e-02   1.9347748e-02   8.9138788e-02   7.4030438e-04   4.9666283e-04  -7.1385154e-04
   4.4245458e-03   2.4051783e-02   8.3597849e-02   2.5911413e-04   5.2678756e-04  -7.0082099e-04
   4.3195596e-03   2.4886787e-02   9.2144530e-02   6.5014460e-04   3.6904986e-04  -7.2966480e-04
  -1.8436513e-03   9.2468931e-03   1.4191776e-01   4.8832516e-04   5.6182172e-04  -7.0294907e-04
  -4.1318437e-03   2.6439524e-02   1.2084482e-01   6.8245859e-04   2.9161607e-04  -6.9223290e-04
  -6.8270387e-03  -2.2971919e-03   1.5246586e-01   7.2863308e-04   4.1782006e-04  -5.3290548e-04
  -6.8667845e-03   1.7555778e-02   1.3077062e-01   4.1080763e-04   2.0201517e-04  -5.8702155e-04
  -2.1568410e-04  -7.2930018e-03   1.6088379e-01   5.6687903e-04   2.5904245e-04  -4.4495414e-04
  -3.2790483e-03   1.8097391e-02   1.2453377e-01   9.1244381e-05   2.5337398e-05  -4.3328059e-04
  -2.1753180e-03   3.7514087e-02   1.3613168e-01   1.8582983e-04   8.5434197e-05  -4.5059146e-04
  -1.5230694e-03  -5.3184814e-02   1.2322476e-01  -2.0298739e-05   3.0842308e-04  -6.1427340e-04
  -1.8047936e-03   6.1557363e-02   1.1307669e-01   2.0937852e-04   6.3534697e-05  -5.6126584e-04
  -2.0641866e-03   6.9394336e-03   1.6672849e-01   1.1158295e-04   3.6174329e-04  -3.9568705e-04
   7.8862038e-03  -2.3936566e-02   1.3670130e-01  -2.7586339e-06   2.8024697e-04  -5.2951646e-04
   9.3023262e-03   2.0814394e-02   1.7476972e-01  -1.6746179e-04   2.9423454e-04  -5.4064855e-04
   5.7424778e-03   7.4470412e-03   1.6193221e-01  -2.0620898e-04   2.4490930e-04  -5.5736423e-04
   7.9136530e-03   4.0572053e-02   1.4589293e-01  -1.9623576e-04   4.0244305e-05  -6.3430327e-04
   8.0915280e-03  -3.8206423e-05   1.6745866e-01  -1.7164570e-04   2.5276079e-04  -5.3277057e-04
   4.7076797e-03   2.2197770e-02   1.3457519e-01  -4.5507068e-05   8.0329854e-05  -6.1075227e-04
   2.6435902e-03   2.0979455e-03   1.6242270e-01   1.7829372e-04   8.3040893e-05  -5.4286175e-04
   1.2370235e-04  -2.0669635e-02   1.6262491e-01   4.9474629e-05   2.1405425e-04  -5.1796758e-04
   9.3425023e-05   1.7422836e-02   1.5927054e-01   4.4105570e-04  -3.6608551e-05  -5.0609210e-04
  -5.1069262e-03  -6.9881623e-03   1.6321903e-01   2.7223767e-04   1.2537434e-04  -4.6699195e-04
  -1.0109861e-02   6.0944729e-02   1.6829823e-01   4.6643722e-04   3.0384172e-05  -3.9616957e-04
  -1.2560938e-02   1.9836027e-02   2.0575793e-01   3.4128166e-04   1.2656162e-04  -5.4783690e-04
  -1.4126252e-02   4.4803140e-02   1.7933935e-01   8.5903197e-04  -1.0523628e-04  -4.4526744e-04
  -1.6889085e-02  -2.8613051e-02   2.1403332e-01   5.4339586e-04   1.0851067e-04  -5.7624529e-04
  -1.3846258e-02   4.8965691e-02   1.9453731e-01   5.4140912e-04  -1.2180387e-04  -5.2817750e-04
  -1.7552078e-02   7.9154004e-02   2.4420593e-01   6.9872529e-04   6.2224677e-05  -6.4917004e-04
  -1.1148667e-02   4.8885007e-02   1.8522684e-01   4.4108833e-04  -1.7639374e-04  -7.2146681e-04
  -1.6371323e-02   1.1251496e-01   2.5073302e-01   6.8679692e-04   1.8298157e-05  -6.8443236e-04
  -1.8653126e-02   1.4844466e-02   2.1081366e-01  -2.1675795e-05  -8.2417010e-05  -7.9363548e-04
  -2.0322011e-02   6.0278628e-02   2.4393567e-01   1.7583395e-04  -2.0952193e-04  -8.0352077e-04
  -2.2748541e-02   4.5396834e-04   2.7004807e-01  -4.0812654e-05   8.2021115e-05  -7.2988827e-04
  -1.3512284e-02   5.6626228e-02   2.5917753e-01   1.9476820e-06  -1.5423000e-04  -6.6283255e-04
  -8.2975782e-03   3.3687342e-02   2.8996499e-01   3.0323845e-04  -7.0033804e-05  -6.9833015e-04
  -6.9604607e-03   1.9736492e-02   2.5789090e-01   9.9240004e-05  -1.3357487e-04  -8.0591575e-04
  -1.0592454e-03   4.5721747e-02   2.9029793e-01   2.3801794e-04  -2.0181241e-04  -6.0704866e-04
  -4.5259935e-03   2.2625288e-02   2.8863831e-01  -7.5193984e-05  -1.7645451e-04  -5.3628015e-04
   1.3133282e-03   3.1139560e-02   2.5468375e-01  -3.5764675e-04  -3.8811732e-04  -5.8994965e-04
   1.9734956e-03   1.6591433e-02   3.1441823e-01  -4.7225037e-04  -4.4607777e-05  -6.6649584e-04
   9.0257323e-03   2.3101553e-02   2.7626103e-01  -7.4556939e-04  -2.7710110e-04  -7.5170511e-04
   4.6255170e-03   2.7628452e-02   3.5589648e-01  -7.1224236e-04  -3.8160224e-05  -7.0963603e-04
   1.0557846e-03  -2.2773152e-02   3.2544367e-01  -1.9164845e-03  -2.6062026e-04  -7.4750608e-04
  -1.8086553e-03   8.8163190e-03   3.7900985e-01  -2.4165344e-03  -1.2147003e-04  -6.5896021e-04
  -1.5895552e-03  -1.0889833e-02   3.4303290e-01  -2.2471901e-03  -7.5198051e-05  -6.8996833e-04
  -5.3344173e-03   2.4221676e-02   3.6719035e-01  -1.8968684e-03  -1.2057828e-04  -7.2341767e-04
  -1.9797497e-02   5.6568867e-03   3.9517918e-01  -1.6837304e-03  -8.7943170e-05  -7.4579918e-04
  -2.8930472e-02   4.0283211e-02   3.7662553e-01  -2.1062208e-03  -1.7921600e-04  -8.5073494e-04
  -2.9570466e-02  -9.8886738e-03   3.8918483e-01  -1.5160952e-03  -2.8242573e-04  -8.9381707e-04
  -2.9284750e-02  -1.5294359e-02   4.2903207e-01  -1.7393168e-03  -1.5179180e-04  -9.1092252e-04
  -3.5406732e-02   2.0121884e-02   4.2903374e-01  -1.9496246e-03  -1.9705038e-04  -9.1779119e-04
  -3.2117480e-02  -1.5007301e-03   4.4408012e-01  -2.0821009e-03  -2.6180024e-04  -9.6313300e-04
  -3.1800466e-02   7.6638479e-03   4.8810092e-01  -1.8064640e-03  -3.3109015e-04  -8.4653832e-04
  -2.7494673e-02  -1.0308503e-02   4.6765171e-01  -2.3867468e-03  -2.7371620e-04  -9.3235206e-04
  -2.6746051e-02   6.0515312e-02   4.7087644e-01  -1.7887285e-03  -3.2341884e-04  -8.9628488e-04
  -2.9048161e-02  -7.0513231e-03   5.0136746e-01  -2.3998652e-03  -2.5828010e-04  -9.6985979e-04
  -2.7347790e-02   1.4326870e-02   4.5897735e-01  -2.6598190e-03  -3.1312994e-04  -1.0556801e-03
  -3.0198394e-02   1.1393561e-02   4.8244376e-01  -2.3781838e-03  -3.1616187e-04  -1.0762652e-03
  -2.9118973e-02   8.8857921e-03   4.7702239e-01  -2.5598519e-03  -4.2937957e-04  -1.1562671e-03
  -2.2723615e-02  -3.2346208e-03   5.0277110e-01  -2.2542598e-03  -3.6742879e-04  -1.0529592e-03
  -2.0378635e-02   5.6673882e-02   4.3843724e-01  -3.0109466e-03  -3.7671325e-04  -1.2911071e-03
  -1.7477338e-02   5.5848651e-02   4.9501829e-01  -2.5927726e-03  -3.1736174e-04  -1.1659351e-03
  -1.8124831e-02  -6.2882115e-02   4.7920741e-01  -3.1516069e-03  -1.8628467e-04  -1.1092002e-03
  -1.1371188e-02  -6.0193367e-02   4.7818592e-01  -3.0238140e-03  -3.2891677e-04  -1.0567334e-03
  -1.6684296e-02  -1.9381172e-02   5.1582500e-01  -3.3652648e-03  -2.9397260e-04  -1.1238115e-03
  -2.2890393e-02   6.0762602e-02   4.9736036e-01  -3.0554352e-03  -5.2694118e-04  -1.1350147e-03
  -2.1236375e-02   3.3143361e-03   5.1391807e-01  -2.7055823e-03  -2.7973534e-04  -1.2536410e-03
  -2.0617567e-02   3.2843584e-02   4.7780151e-01  -2.6391214e-03  -3.8107625e-04  -1.2334201e-03
  -2.0380398e-02   7.4776206e-02   5.1180360e-01  -1.9497430e-03  -2.9692537e-04  -1.2825785e-03
  -2.7211189e-02  -3.7878773e-03   4.6484651e-01  -2.2000947e-03  -3.6467783e-04  -1.3836810e-03
  -2.3608597e-02  -3.2218092e-03   4.9556837e-01  -1.9767705e-03  -3.7682379e-04  -1.3538339e-03
  -2.7122127e-02  -2.8392378e-02   5.1541857e-01  -1.8414988e-03  -2.2658932e-04  -1.3385838e-03
  -3.0651970e-02   3.8827385e-02   4.9474907e-01  -1.9632459e-03  -4.7278855e-04  -1.1773141e-03
  -2.8699841e-02  -1.5967344e-02   5.5363796e-01  -2.0935534e-03  -1.8728127e-04  -1.2825178e-03
  -2.5825000e-02   1.2870984e-02   5.0390516e-01  -2.5806315e-03  -4.4466895e-04  -1.3310014e-03
  -2.1729755e-02  -2.8465160e-03   5.2393224e-01  -2.5755745e-03  -3.1834793e-04  -1.3009544e-03
  -2.0843272e-02  -1.5471403e-02   4.7706710e-01  -2.5430321e-03  -4.9850225e-04  -1.2985883e-03
  -2.3057051e-02  -1.3532394e-02   5.4614112e-01  -2.6937318e-03  -2.5348208e-04  -1.2481712e-03
  -2.3766405e-02  -1.6218563e-02   5.1346125e-01  -2.9425514e-03  -2.2390566e-04  -1.3055364e-03
  -2.0581806e-02   1.4329546e-02   5.2612164e-01  -3.0651975e-03  -3.4052062e-04  -1.3908068e-03
  -2.9906530e-02   2.7117270e-02   5.5771891e-01  -2.9630849e-03  -2.7475934e-04  -1.3736705e-03
  -2.9597201e-02   3.8960147e-03   5.3757069e-01  -2.6215933e-03  -4.6951410e-04  -1.2769381e-03
  -2.6014460e-02   5.3157551e-03   5.4934826e-01  -2.6538591e-03  -1.1180964e-04  -1.3618340e-03
  -2.1720556e-02   3.5570337e-02   5.1563367e-01  -2.4547174e-03  -3.1314171e-04  -1.2323758e-03
  -2.2242177e-02   4.2653320e-02   5.5188123e-01  -2.5875402e-03  -8.1758702e-05  -1.2297552e-03
  -2.8190707e-02   7.4077293e-02   5.2957417e-01  -2.8675509e-03  -1.6026795e-04  -1.2275390e-03
  -3.4771753e-02   5.3304823e-02   5.5065069e-01  -2.2974590e-03  -1.2784663e-04  -1.1917223e-03
  -4.0953431e-02   2.9952460e-04   5.4245252e-01  -2.3245422e-03  -1.1670309e-04  -1.1371065e-03
  -3.6745608e-02   1.0361123e-02   5.7644603e-01  -2.5245094e-03  -2.9635822e-04  -1.2510925e-03
  -4.1644173e-02   3.2206942e-02   6.0940498e-01  -2.3147825e-03  -1.9929621e-04  -1.2146689e-03
  -3.9215799e-02   5.8999524e-02   5.6797873e-01  -2.6466648e-03  -4.7700261e-04  -1.2139691e-03
  -2.6850250e-02   9.4633507e-03   5.9603104e-01  -2.4493780e-03  -2.3051373e-04  -1.1923969e-03
  -1.7594092e-02   2.0525892e-02   5.2888525e-01  -3.3190842e-03  -3.8459345e-04  -1.0672104e-03
  -1.8697446e-02  -2.4795287e-02   5.7860023e-01  -2.6567785e-03  -2.6428805e-04  -1.1852860e-03
  -1.3820475e-02   2.8916820e-02   5.2164917e-01  -1.5509482e-03  -3.6906773e-04  -1.2756510e-03
  -2.2817915e-02   4.4589289e-02   5.7156964e-01  -1.1011470e-03  -1.6707607e-04  -1.2272257e-03
  -2.2795162e-02   5.2306273e-02   5.0355572e-01  -1.4340550e-03  -3.7281545e-04  -1.3960315e-03
  -2.7293083e-02   2.8330010e-02   5.6277176e-01  -7.2334186e-04  -3.6247503e-04  -1.2353350e-03
  -3.2202024e-02  -7.0023680e-02   5.7843403e-01  -7.1800784e-04  -1.1966481e-04  -1.1746660e-03
  -3.5644564e-02   2.3584644e-02   5.5394020e-01  -1.3114150e-03  -3.9155842e-04  -1.3103036e-03
  -3.8887892e-02   2.2591857e-02   5.9074727e-01  -8.4141116e-04  -2.3286283e-04  -1.1686740e-03
  -4.6415552e-02  -3.3495723e-02   5.8181168e-01  -1.2968654e-03  -3.3081506e-04  -1.2175203e-03
  -4.4119443e-02  -1.6115514e-02   6.1449319e-01  -1.4406141e-03  -5.8461602e-05  -1.1723685e-03
  -3.6493925e-02   1.4716568e-02   6.4733145e-01  -1.7581788e-03   2.2535135e-04  -1.1774206e-03
  -3.2878070e-02   3.6163853e-02   6.2983837e-01  -2.1773596e-03  -7.5870710e-05  -1.1931869e-03
  -4.2122518e-02   1.5161118e-02   6.5413437e-01  -2.1092587e-03   9.4742778e-05  -1.0903636e-03
  -4.2359249e-02   5.8969320e-02   6.1586370e-01  -2.2845117e-03  -2.3921806e-04  -1.1157263e-03
  -4.3919245e-02   3.4746892e-02   6.4811587e-01  -1.9898641e-03  -1.2141878e-04  -1.0880446e-03
  -3.7311374e-02   8.2390041e-03   5.8389334e-01  -1.7155518e-03  -4.8956177e-04  -1.1096840e-03
  -4.2703896e-02   4.9540026e-02   6.3682462e-01  -1.7624923e-03  -9.8205173e-05  -1.1250235e-03
  -4.5915572e-02   6.3184260e-02   5.7674741e-01  -2.5009121e-03  -2.9316885e-04  -1.1770876e-03
  -3.9187771e-02   5.8454686e-02   6.5002374e-01  -2.1113938e-03  -2.9686910e-04  -1.1578465e-03
  -4.0881505e-02  -3.5795398e-02   6.3439012e-01  -2.4787097e-03  -1.5360441e-04  -1.2693696e-03
  -4.0050570e-02   5.9624522e-02   6.3965631e-01  -2.3025762e-03  -4.0185629e-04  -1.2539854e-03
  -3.3546178e-02   4.8162232e-02   6.7991181e-01  -2.5427944e-03  -1.7478126e-05  -1.2657539e-03
  -3.4420521e-02   4.9199382e-02   6.3438222e-01  -2.1067997e-03  -2.1131828e-04  -1.3832463e-03
  -4.0736947e-02   2.7753138e-02   6.6311765e-01  -1.9552261e-03   4.8733600e-05  -1.4088369e-03
  -4.1222106e-02   2.3269558e-02   6.0495524e-01  -2.2888018e-03  -2.1749245e-04  -1.2778565e-03
  -4.0535241e-02   5.3164873e-02   6.7085117e-01  -1.9353147e-03  -1.2362383e-04  -1.1880814e-03
  -4.5335704e-02  -2.3137316e-02   6.8484981e-01  -2.2859889e-03  -1.4744787e-04  -1.2061229e-03
  -4.2130262e-02   4.6015137e-02   6.9628982e-01  -2.0527689e-03  -2.2318396e-04  -1.1220417e-03
  -4.3798076e-02  -1.3670094e-02   7.0833318e-01  -2.3474427e-03  -1.5729677e-04  -1.1637704e-03
  -3.8220727e-02   1.8218636e-02   7.0380333e-01  -2.6802012e-03  -1.7633085e-04  -1.2584131e-03
  -4.1529800e-02   4.3899448e-02   7.3037876e-01  -2.2839128e-03  -1.2692274e-04  -1.1981644e-03
  -4.2078048e-02   3.9866166e-02   6.9470001e-01  -2.8906492e-03  -3.7244216e-04  -1.3846988e-03
  -4.8903241e-02   4.7461844e-02   7.1977294e-01  -2.3877510e-03  -1.8340111e-04  -1.3676463e-03
  -4.8498003e-02  -3.0012058e-02   7.4832860e-01  -3.0269939e-03  -4.2235467e-05  -1.4798298e-03
  -4.8519285e-02  -5.7474533e-02   7.6762645e-01  -2.7548690e-03  -2.7895881e-05  -1.5881378e-03
  -4.8306388e-02   3.7068044e-02   6.9242382e-01  -2.1823159e-03  -2.6490869e-04  -1.6094185e-03
  -4.9602342e-02   1.4151964e-02   7.8142840e-01  -2.0274701e-03  -2.3564832e-04  -1.5887100e-03
  -4.9757713e-02  -2.5099498e-02   7.2421773e-01  -2.4324710e-03  -3.5569653e-04  -1.5668215e-03
  -5.6744998e-02   4.2890713e-02   8.1047161e-01  -2.1211660e-03  -3.6363710e-04  -1.6386043e-03
  -5.7899943e-02   2.8861364e-02   7.9643034e-01  -2.3060653e-03  -1.8699630e-04  -1.6103240e-03
  -5.7469470e-02   7.1839600e-02   8.0589631e-01  -2.3615660e-03  -3.3261953e-04  -1.7609326e-03
  -5.6631368e-02  -1.0364716e-02   8.1504318e-01  -2.2467184e-03  -2.6736886e-04  -1.6150726e-03
  -6.1743459e-02   1.1447358e-01   7.8409919e-01  -2.2911458e-03  -5.5212287e-04  -1.5572687e-03
  -6.4979209e-02   1.7276384e-02   8.1493525e-01  -2.3696577e-03  -3.8864729e-04  -1.6022565e-03
  -5.2830074e-02   1.7873471e-02   7.9041271e-01  -2.3478442e-03  -3.7824110e-04  -1.7552642e-03
  -5.1852562e-02   2.1329088e-02   8.2151041e-01  -2.1295804e-03  -1.8391195e-04  -1.6353697e-03
  -6.0560019e-02   3.0139719e-02   7.7754509e-01  -3.3326966e-03  -2.8348950e-04  -1.9163727e-03
  -6.8603171e-02   9.3703029e-02   8.3645187e-01  -2.5440324e-03  -3.1990134e-04  -1.7839774e-03
  -6.9577892e-02  -6.5019656e-03   8.0104273e-01  -3.3674696e-03  -7.3402310e-05  -1.7665337e-03
  -7.0958197e-02   4.0355568e-02   8.0158787e-01  -2.8994446e-03  -1.6745498e-04  -1.6997947e-03
  -7.1007487e-02  -9.1615151e-03   8.4947889e-01  -3.0754461e-03  -5.6108088e-05  -1.6998406e-03
  -6.5804105e-02   5.4173548e-02   8.4694656e-01  -3.2045586e-03  -3.2072810e-04  -1.7436783e-03
  -6.7750384e-02   3.4881718e-02   8.7712340e-01  -2.9541327e-03  -2.5540065e-04  -1.7285028e-03
  -7.0487272e-02   2.8440109e-02   8.2719825e-01  -3.5374271e-03  -5.0659211e-04  -1.8007664e-03
  -7.5722393e-02   5.5301084e-02   8.6282872e-01  -3.1232881e-03  -3.6353351e-04  -1.6870520e-03
  -7.6039159e-02   4.6519686e-02   8.2131588e-01  -3.6634849e-03  -4.8636348e-04  -1.6763130e-03
  -7.3769089e-02   6.8906628e-02   8.7327519e-01  -3.4488438e-03  -2.4347653e-04  -1.7435797e-03
  -7.1792415e-02  -2.8019029e-02   8.1809942e-01  -3.5452687e-03  -1.8557779e-04  -1.7696819e-03
  -6.8469216e-02   5.9036720e-02   8.4863675e-01  -3.9886641e-03  -8.9398889e-05  -1.8602980e-03
  -6.8742905e-02   3.3660498e-02   8.7637360e-01  -3.6243980e-03   1.8683834e-04  -1.7870309e-03
  -6.0065578e-02   9.0770668e-03   8.4734853e-01  -4.2209547e-03   2.3840602e-05  -1.8432293e-03
  -5.6520930e-02   3.6273898e-02   8.9447576e-01  -3.5179862e-03   4.2478655e-04  -1.6817996e-03
  -5.5263733e-02   1.3954997e-02   8.4707022e-01  -3.7307251e-03   4.6459654e-04  -1.8079413e-03
  -5.3492512e-02   3.6359481e-02   8.7130871e-01  -3.5151038e-03   5.0477354e-04  -1.7186411e-03
  -6.1590187e-02   3.0291364e-02   8.6151161e-01  -3.8638646e-03   5.5444337e-04  -1.7286580e-03
  -5.8101580e-02   4.8080026e-02   8.7458428e-01  -3.7184930e-03   5.8066223e-04  -1.6444292e-03
  -6.0081008e-02   4.2289966e-02   9.0910409e-01  -3.7452997e-03   8.3244373e-04  -1.5830172e-03
  -5.3958810e-02  -1.5727997e-02   8.5411394e-01  -3.9948187e-03   6.8781482e-04  -1.5408862e-03
  -5.8242751e-02  -2.0005831e-02   9.1169702e-01  -3.6594180e-03   1.0017301e-03  -1.5338065e-03
  -6.4979279e-02   2.0097190e-02   8.5450288e-01  -4.7202764e-03   7.8012019e-04  -1.6088428e-03
  -5.4653600e-02  -3.2113974e-03   8.9922706e-01  -3.7554608e-03   8.1604567e-04  -1.3603790e-03
  -4.8897317e-02  -4.8266481e-03   8.9267349e-01  -5.7969243e-03   1.0386064e-03  -1.4906092e-03
  -4.6511188e-02   2.2612708e-02   9.5212959e-01  -5.7874475e-03   1.2773028e-03  -1.4872882e-03
  -4.4918409e-02   5.3110595e-03   9.1680413e-01  -5.8412662e-03   1.2887788e-03  -1.5213016e-03
  -4.4625077e-02   5.0208106e-02   8.9199436e-01  -5.9454519e-03   8.5020560e-04  -1.5771510e-03
  -5.6365008e-02   6.6001091e-03   9.6268077e-01  -5.5452879e-03   1.3028302e-03  -1.5781771e-03
  -5.9149737e-02   3.0240088e-03   9.4268563e-01  -6.0704794e-03   1.0792792e-03  -1.5578234e-03
  -5.5592127e-02  -6.3186314e-03   9.7659717e-01  -5.2839669e-03   1.1769562e-03  -1.4102634e-03
  -6.1027513e-02  -7.8636317e-02   9.9008204e-01  -6.1106256e-03   1.3099246e-03  -1.6105788e-03
  -6.0359844e-02  -3.5510091e-03   9.7085285e-01  -5.6170280e-03   1.0171507e-03  -1.4277217e-03
  -6.9095154e-02  -2.7337644e-02   1.0337012e+00  -5.8266748e-03   1.2070449e-03  -1.3904121e-03
  -5.6426056e-02  -1.2360442e-02   9.1514345e-01  -6.2577111e-03   8.7080212e-04  -1.3287037e-03
  -5.8828708e-02   5.3920844e-03   9.7269153e-01  -5.4896876e-03   1.4543337e-03  -1.3789845e-03
  -6.7477449e-02  -2.6958002e-02   9.2561963e-01  -6.0895831e-03   1.2972736e-03  -1.3839369e-03
  -6.9906391e-02   3.4887745e-02   9.9159664e-01  -5.7076100e-03   1.2765514e-03  -1.2849995e-03
  -7.7463736e-02  -4.2968025e-02   1.0181035e+00  -6.4339265e-03   1.3315798e-03  -9.8345154e-04
  -6.7171514e-02   1.0588795e-02   9.9529209e-01  -7.0619746e-03   1.1092700e-03  -9.7261588e-04
  -6.4647768e-02  -1.3543946e-02   1.0163729e+00  -5.9328681e-03   1.8094334e-03  -1.2730271e-03
  -5.9256222e-02  -1.3483623e-02   9.5078077e-01  -6.3406514e-03   1.3868960e-03  -1.3149792e-03
  -6.3070384e-02  -1.4348297e-02   9.8837009e-01  -6.0020837e-03   1.6187801e-03  -1.3293542e-03
  -7.5291349e-02  -5.1622468e-02   1.0189030e+00  -6.3066920e-03   1.6793042e-03  -1.3170118e-03
