   0.0000000e+00   0.0000000e+00   0.0000000e+00   0.0000000e+00   0.0000000e+00   0.0000000e+00
  -1.1019756e-03   1.1574816e-01  -2.8239437e-02  -1.5388973e-04   8.5891115e-05   2.5536375e-05
   2.4651657e-03   1.6909306e-01  -2.8121024e-02   1.7062910e-04   3.3944433e-04  -1.2423381e-04
   2.9597968e-03   2.6372518e-02   3.4210973e-02  -4.8835469e-05  -2.0513606e-04   3.3456795e-05
  -5.0617937e-03   1.3758204e-01  -1.3966684e-02  -3.9458601e-05   1.2789060e-04   1.4655142e-04
   7.8211628e-03   1.2300760e-01   4.6097727e-04  -1.7338551e-04   2.5944929e-04  -1.3802177e-04
   9.2384516e-03   1.0179879e-02   2.6119213e-02  -1.6055373e-04  -1.2635131e-04   1.0268764e-04
   7.8406400e-03   1.3260006e-01  -4.8583234e-03  -8.0118928e-05   1.7550937e-04  -5.4617830e-06
   1.1521847e-02   1.3040307e-01   1.3264352e-02   3.9057456e-05   1.2699325e-04  -4.8972720e-05
   7.2589692e-03  -5.9424543e-03   2.7014070e-02  -4.9380780e-04  -8.7414026e-05   1.5019998e-04
   9.4285861e-03   1.4297789e-01  -1.6494635e-03  -6.9931325e-05  -6.6756001e-05  -6.8794108e-05
   4.2260566e-03   1.1968470e-01  -6.3680659e-03  -2.0665352e-04  -6.6763573e-06   2.0262521e-05
   7.2399412e-03  -3.0119523e-02   3.9533957e-02  -6.2811172e-04  -1.3257447e-04   1.4860096e-04
   1.8787427e-03   6.2597357e-02  -5.1766375e-04  -7.1375957e-04  -2.1850324e-05   2.0106650e-04
   7.9564089e-03   1.3942678e-01  -9.7793459e-03  -6.9376548e-04   7.2039861e-05   3.0816805e-05
   9.5801519e-03   4.1842786e-02   2.4286218e-02  -8.9239294e-04  -1.0341102e-04   9.9541904e-05
   2.6279972e-03   1.0497017e-01  -1.9773876e-02  -4.4244591e-04   1.5620648e-04  -5.5178420e-05
   1.8319522e-02   5.8466476e-02   4.4092586e-02  -8.8421789e-04  -6.3297713e-06   2.2086385e-05
   5.0474719e-03   6.8003712e-02   1.5734409e-03  -9.5581844e-04  -2.6760339e-05   1.9336472e-04
   5.1516417e-03   1.2251186e-01  -1.3702533e-02  -9.5543917e-04   1.8265326e-04  -6.9999946e-05
   1.4606771e-02   6.3960911e-02   2.6019187e-02  -1.2081227e-03  -1.6262353e-04  -3.7533121e-06
   8.3372593e-03   1.3707856e-01  -1.6445346e-02  -7.3144051e-04  -1.0864801e-04  -7.6499469e-05
   2.0606663e-02   1.0759605e-01   1.2420712e-02  -7.5864341e-04   2.0267306e-04  -8.2930216e-05
   1.2208369e-02  -3.4779911e-02   3.9361596e-02  -9.7844766e-04  -1.7348749e-05   1.6107984e-04
   1.1012122e-02   1.3342528e-01  -2.2652723e-02  -9.5115178e-04   1.7786439e-04  -7.1875819e-05
   2.5961480e-02   1.1467361e-01   4.7136870e-02  -9.4528612e-04   1.4301536e-05  -9.4679131e-05
   1.2717347e-02   1.1841391e-01  -1.4458826e-02  -1.0312786e-03   8.9314234e-05  -2.9762692e-05
   1.6530466e-02   1.6868304e-01   9.2612853e-03  -1.0466250e-03   1.1609719e-04   2.8722068e-05
   6.3802451e-03   2.8517003e-02   2.1528068e-02  -1.3222102e-03  -1.8057811e-04   1.4196826e-04
   6.9918822e-03   1.7677298e-01  -3.3388976e-02  -8.5791025e-04   1.7142253e-04  -2.3075753e-04
   1.7152188e-02   1.5674643e-01   6.6822700e-04  -1.4274565e-03  -1.1275268e-04  -3.1648839e-05
   1.6196608e-02   3.7676510e-02  -2.3128826e-02  -1.4264210e-03  -8.7855575e-06  -1.4978696e-04
   1.8101745e-02   1.1356805e-01   5.2971711e-03  -8.2521749e-04   1.3377403e-04  -3.1627932e-04
   2.2831083e-02   5.1634068e-02   3.6045242e-02  -1.2642864e-03  -3.1499116e-04   9.5323600e-05
   2.0910213e-02   1.5301340e-01   1.3596651e-02  -1.1318154e-03   2.2003761e-04  -1.1565630e-04
   2.4230559e-02   1.3309962e-01   2.3552527e-02  -1.1284119e-03  -4.3886774e-06  -4.9732861e-05
   2.2928883e-02   7.2441449e-02   1.5332206e-02  -1.4067020e-03  -4.7323182e-05   7.5409048e-05
   1.7503550e-02   1.9071793e-01  -7.9633012e-03  -9.6920957e-04   1.2671274e-04  -1.8131630e-04
   1.8196756e-02   1.6670504e-01  -3.0549640e-03  -1.4106329e-03  -4.9250427e-05  -3.6735931e-05
   1.8303241e-02   4.0605519e-02   3.5925068e-02  -1.5801372e-03  -1.2232738e-04  -5.9417838e-05
   1.1589481e-02   1.5915093e-01  -2.8069734e-03  -1.3465452e-03  -3.4670775e-06  -6.0042363e-05
   2.0909588e-02   1.2243004e-01   2.2765963e-02  -1.4798701e-03  -1.8024583e-04  -1.2267436e-05
   1.6820052e-02   8.4570486e-02  -1.1431345e-02  -1.6410905e-03  -2.4594289e-05  -4.1207318e-06
   1.1425835e-02   1.4026576e-01  -3.2310156e-02  -1.0749489e-03   2.9844267e-04  -2.3475088e-04
   2.4148446e-02   9.1891911e-02   3.6111508e-02  -1.8176563e-03  -2.9060701e-04  -4.0722581e-05
   1.1258690e-02   1.1239946e-01  -1.3299452e-02  -1.6054952e-03   8.3539390e-05   4.9501068e-05
   1.8654418e-02   9.3021137e-02   2.4823004e-03  -1.7194127e-03   8.3903865e-05  -9.8718797e-05
   1.8885057e-02   1.2402759e-01   1.6901006e-05  -1.6909634e-03  -7.4539269e-05  -2.8283378e-05
   1.2695496e-02   1.5936315e-01  -1.3492103e-02  -1.3949665e-03   1.4356446e-04  -2.7578400e-04
   2.0200604e-02   8.0429546e-02   3.3503201e-02  -1.6531314e-03  -3.5322306e-04   4.7535400e-05
   1.2705329e-02   1.5942752e-01  -1.9445913e-02  -1.6354561e-03   9.0866810e-05  -1.4311311e-04
   2.3103738e-02   1.4276457e-01   1.1993347e-02  -1.7047525e-03  -1.8892604e-04  -9.6626375e-05
   1.8032222e-02   8.5018504e-02  -1.3396507e-02  -1.8926678e-03  -3.6735496e-05   8.5563437e-05
   2.5283452e-02   1.8458090e-01  -9.0614278e-03  -1.7567920e-03   8.8490629e-05  -1.4505449e-04
   2.5497884e-02   7.6124116e-02  -7.2284778e-03  -1.9269595e-03  -2.0853681e-04  -5.6322802e-05
   2.3890401e-02   2.3959364e-01  -4.5550029e-02  -1.6046772e-03   1.5181179e-05  -3.7375002e-04
   3.0803861e-02   1.4716766e-01   2.9381047e-02  -1.3627639e-03  -2.9188029e-04  -8.3506428e-05
   1.7940069e-02   8.4623727e-02  -2.9884460e-03  -1.9616464e-03  -1.9168072e-04  -5.8499737e-05
   2.1654716e-02   1.7089087e-01   2.1820214e-03  -1.8063504e-03  -4.2430482e-05  -1.3259329e-04
   2.8572883e-02   8.1558017e-02   1.7539349e-02  -1.7068316e-03  -2.8773714e-04  -7.7469767e-05
   1.8399446e-02   1.7985273e-01  -2.0015791e-02  -1.6524277e-03  -1.3209323e-05  -1.1457373e-04
   3.6236336e-02   1.3814906e-01   3.0548801e-02  -1.6501715e-03  -2.7210217e-04  -9.9834524e-05
   2.0128512e-02   8.3969061e-02  -1.0078011e-02  -1.9896090e-03  -2.8169975e-04  -4.1085406e-05
   1.6749048e-02   1.5806457e-01  -2.1853281e-02  -1.9785993e-03  -2.2143857e-04  -1.4646071e-04
   2.5759447e-02   6.9460846e-02   1.9661231e-02  -2.2204582e-03  -4.8070419e-04  -1.0828685e-04
   1.3643572e-02   1.5686944e-01  -2.4128687e-02  -1.9842099e-03  -2.9756462e-04  -5.8819063e-05
   2.0399488e-02   1.6298194e-01  -1.7218057e-02  -2.0147511e-03  -2.0820365e-04  -2.6036745e-04
   2.6050158e-02   6.7968718e-02   3.4571660e-02  -1.9735038e-03  -4.7845450e-04  -1.6644396e-04
   1.2863492e-02   1.0829387e-01  -2.1859944e-02  -1.7859446e-03  -3.2164653e-04  -1.1038837e-04
   1.8019287e-02   1.6609799e-01   2.6012379e-03  -2.0642469e-03  -3.0740356e-04  -1.0013715e-04
   1.6864250e-02  -1.2202992e-02   2.8116710e-02  -2.5001440e-03  -6.6176034e-04   8.7701362e-05
   1.8978466e-02   1.6425932e-01  -2.8753041e-02  -2.2751895e-03  -3.5348723e-04  -6.7149769e-05
   2.8515326e-02   1.6250152e-01   1.1416194e-02  -2.3592976e-03  -4.4367703e-04  -1.9285115e-04
   2.8045172e-02   1.7467847e-02   1.4013092e-02  -2.7800854e-03  -6.5837314e-04   7.6762122e-06
   2.5225008e-02   2.1526749e-01  -2.5384321e-02  -2.4388208e-03  -3.2223873e-04  -2.0967218e-04
   3.5830388e-02   1.6614861e-01   2.3252497e-02  -2.6182037e-03  -7.5895599e-04  -1.1842972e-04
   2.4602034e-02   3.9505178e-02  -3.8049727e-03  -2.9976103e-03  -6.4666441e-04  -1.0356667e-04
   2.7997334e-02   1.2423169e-01   1.5060061e-02  -2.9620144e-03  -5.8235471e-04  -2.2509518e-04
   2.5306327e-02   4.9926514e-02   3.5027499e-02  -3.0879978e-03  -9.4015896e-04  -1.0338143e-04
   1.5518591e-02   1.7062373e-01   1.1256403e-03  -3.2131098e-03  -6.7076969e-04  -2.6190592e-04
   2.8156710e-02   1.0718403e-01   5.2124917e-02  -4.0238833e-03  -1.3614580e-03  -8.3069861e-05
   1.7598139e-02   1.2129478e-01  -4.4444065e-03  -4.0938874e-03  -7.9106519e-04  -1.5367694e-04
   2.7006891e-02   2.0326156e-01   1.6609957e-02  -3.4986804e-03  -9.0546027e-04  -2.4473488e-04
   2.5629876e-02   7.0975695e-02   1.1379459e-02  -4.0103630e-03  -9.3429982e-04  -1.1770534e-04
   2.4774957e-02   1.9034619e-01   3.3931505e-04  -3.1613573e-03  -6.8319533e-04  -5.3426201e-04
   2.9174239e-02   7.7179065e-02   4.1098450e-02  -3.6999619e-03  -1.2174595e-03  -1.3920694e-04
   2.2557877e-02   1.0232334e-01  -7.9381919e-05  -3.7435053e-03  -8.1020263e-04  -2.1691287e-04
   2.8411318e-02   1.8168343e-01   1.4214924e-02  -3.3229280e-03  -9.4714114e-04  -1.9741063e-04
   2.3504639e-02   7.6485881e-02  -6.2001537e-03  -3.7471271e-03  -8.8211521e-04  -1.4153109e-04
   3.0429202e-02   2.5421207e-01  -1.2134804e-02  -3.3410506e-03  -6.4073744e-04  -4.0189321e-04
   3.0271719e-02   1.3363559e-01   2.4695759e-02  -3.5448496e-03  -1.1732504e-03  -7.0176612e-05
   1.9458243e-02   1.6808194e-01  -2.3992349e-02  -3.4428479e-03  -7.1508904e-04  -3.2330678e-04
   2.8838295e-02   1.1759599e-01   4.8617872e-02  -3.4189024e-03  -1.3109630e-03  -2.1742601e-04
   1.2030131e-02   1.1874300e-01  -1.4168090e-02  -3.5768902e-03  -1.0298903e-03  -2.6079202e-04
   2.8758393e-02   1.9249178e-01   3.6531009e-02  -3.5869114e-03  -1.0270454e-03  -2.9807369e-04
   2.5655619e-02   1.1551281e-01   3.5563602e-02  -3.8698383e-03  -1.1486953e-03  -1.8037951e-04
   1.9252417e-02   1.5935770e-01   1.8817912e-02  -4.0211924e-03  -1.0230520e-03  -3.3103471e-04
   2.4928656e-02   9.4760511e-02   6.7660966e-02  -4.5581728e-03  -1.5984598e-03  -2.9494369e-04
   1.8960189e-02   1.4282389e-01   1.1834636e-02  -4.8178303e-03  -1.2750063e-03  -3.3930817e-04
   2.5171276e-02   1.7252691e-01   2.4015555e-02  -4.4794407e-03  -1.1104744e-03  -6.1362955e-04
   3.0233205e-02   9.7008616e-02   5.1016396e-02  -4.3328900e-03  -1.5016829e-03  -2.3217896e-04
   2.6502777e-02   1.2444287e-01   1.2286856e-02  -4.1514503e-03  -1.1049626e-03  -3.6934856e-04
   2.3344850e-02   2.1177513e-01   1.9837129e-03  -3.6675972e-03  -1.1670552e-03  -3.3604623e-04
   2.5237769e-02   4.9379213e-02   2.3961981e-02  -4.1021613e-03  -1.3588249e-03  -9.3152989e-05
   1.7330340e-02   1.8555447e-01  -1.0010892e-02  -3.5822757e-03  -1.2946611e-03  -3.4444309e-04
   2.5087093e-02   1.8191920e-01  -3.5747188e-06  -4.3831006e-03  -1.5160422e-03  -1.9102796e-04
   2.6443673e-02   1.0229225e-01   1.7375620e-02  -4.5669944e-03  -1.2820206e-03  -2.7904140e-04
   2.0352537e-02   1.9351192e-01  -7.7736201e-03  -3.5422229e-03  -1.1294772e-03  -3.1813603e-04
   3.1280031e-02   9.9454499e-02   2.3323491e-02  -4.3853274e-03  -1.3144344e-03  -8.5399640e-05
   2.5240485e-02   1.1460594e-01   9.1405256e-03  -4.4053290e-03  -1.2504798e-03  -9.7753345e-05
   2.2338685e-02   2.1021803e-01  -3.4286803e-02  -3.9659108e-03  -1.0609881e-03  -3.0404604e-04
   2.9359027e-02   1.3150752e-01   4.0071237e-02  -4.2594590e-03  -1.4270793e-03  -2.9151658e-04
   1.9188437e-02   1.8667106e-01  -9.6691214e-03  -4.1913968e-03  -1.2895759e-03  -1.7814131e-04
   2.5825100e-02   1.8357532e-01  -2.3350129e-02  -4.3633652e-03  -1.1031289e-03  -2.4369054e-04
   3.1022834e-02   1.2407471e-01   2.4835311e-02  -4.6204476e-03  -1.4429450e-03  -3.3443121e-04
   2.2941180e-02   2.6086681e-01  -1.7053590e-02  -4.0738731e-03  -1.1895118e-03  -1.8003798e-04
   2.8689925e-02   7.5362288e-02   1.7620945e-02  -4.5502276e-03  -1.3460837e-03  -1.2872109e-04
   2.2701593e-02   1.5152831e-01  -7.6245738e-03  -4.3589447e-03  -1.2598610e-03  -2.4148255e-04
   2.1241953e-02   1.9945546e-01  -3.5507673e-02  -4.0760460e-03  -1.0544217e-03  -2.2038207e-04
   2.4808993e-02   1.2104518e-01   1.2339965e-02  -4.5327524e-03  -1.3770785e-03  -2.2222589e-04
   1.5595637e-02   2.0126409e-01  -3.7992565e-02  -4.1891147e-03  -1.1162495e-03  -1.6605984e-04
   2.6670729e-02   1.1071753e-01  -3.3544903e-03  -4.9382912e-03  -1.4261904e-03  -1.2321942e-04
   2.2338698e-02   1.3321938e-01  -2.3808854e-02  -4.5987776e-03  -1.4337190e-03  -3.1326825e-04
   2.5453723e-02   1.9917120e-01  -3.0397088e-02  -4.4474386e-03  -1.1103946e-03  -1.7340647e-04
   2.6592505e-02   1.0087411e-01   4.3978513e-03  -4.8226080e-03  -1.4265992e-03  -1.6378498e-04
   2.1762150e-02   2.3199974e-01  -5.6598846e-02  -4.1717266e-03  -1.0944213e-03  -2.0168149e-04
   3.6048112e-02   8.6066237e-02   1.0704338e-03  -4.9456170e-03  -1.3661659e-03  -1.2852525e-04
   2.9198429e-02   1.8057099e-01  -4.3064598e-02  -4.7174402e-03  -1.3653345e-03  -1.7088725e-04
   2.8206746e-02   1.6356929e-01  -3.5116542e-02  -4.7684319e-03  -1.2918273e-03  -5.2581804e-05
   2.9999983e-02   1.3691891e-01  -9.2127056e-03  -5.0324938e-03  -1.4923020e-03  -1.9281262e-04
   2.2167339e-02   2.3584756e-01  -6.0584729e-02  -4.1833632e-03  -1.2402574e-03  -3.0493233e-04
   3.3151111e-02   1.3666595e-01  -3.5768561e-03  -5.0947085e-03  -1.5394282e-03  -2.2360214e-04
   2.1464037e-02   1.2951542e-01  -2.7411846e-02  -4.7831630e-03  -1.5485186e-03  -1.1821868e-04
   2.6669179e-02   1.3302728e-01  -2.8788537e-02  -4.9431324e-03  -1.2506092e-03  -1.4058911e-04
   2.7792562e-02   8.9251770e-02  -1.0446635e-02  -5.4111547e-03  -1.5457114e-03  -4.8795380e-05
   3.2710526e-02   2.3246913e-01  -6.2120112e-02  -4.8459599e-03  -1.1179449e-03  -2.9544232e-04
   4.0675202e-02   1.6154947e-01   1.1145252e-02  -4.5484324e-03  -1.4261422e-03  -2.2066414e-04
   2.4350158e-02   2.1128866e-01  -6.3909631e-02  -4.3450365e-03  -1.1912664e-03  -1.6916346e-04
   3.8295799e-02   1.9649630e-01  -1.2884243e-03  -4.6780941e-03  -1.4495163e-03  -1.3703259e-04
   2.1498390e-02   1.1987243e-01  -6.3425118e-02  -4.7076074e-03  -1.2897621e-03  -2.1821001e-04
   3.6929305e-02   2.4830382e-01  -4.0988423e-02  -4.4103353e-03  -1.1006225e-03  -3.2883229e-04
   2.6914905e-02   5.8722666e-02  -2.8726510e-02  -4.7852462e-03  -1.3804340e-03  -1.0569436e-04
   2.7662521e-02   2.4633126e-01  -5.6369717e-02  -4.3973063e-03  -1.1863278e-03  -3.1504718e-04
   3.2111504e-02   1.9177692e-01  -1.4595629e-02  -4.4179423e-03  -1.2259535e-03  -3.1701746e-04
   2.5809045e-02   6.3092956e-02  -1.3388100e-02  -4.9933420e-03  -1.4401545e-03  -1.5246232e-04
   3.1601978e-02   2.1881885e-01  -2.3002511e-02  -4.5060031e-03  -1.1048006e-03  -5.2284872e-04
   2.9126533e-02   1.4417527e-01   1.8555312e-02  -5.1428996e-03  -1.6991904e-03  -1.9221477e-04
   1.8362230e-02   1.3998153e-01  -1.6845051e-02  -5.2074830e-03  -1.2939609e-03  -2.1976558e-04
   2.4666841e-02   2.3314335e-01  -2.0176584e-02  -5.2389113e-03  -1.1886464e-03  -3.4851580e-04
   3.2865276e-02   1.4117118e-01  -1.4313803e-03  -5.4258210e-03  -1.5255039e-03  -3.3936779e-04
   3.0729459e-02   1.9584242e-01  -1.0683930e-03  -5.2094750e-03  -1.4413618e-03  -4.8324151e-04
   2.2399014e-02   2.0164829e-01  -2.1500654e-02  -5.2636587e-03  -1.3755712e-03  -3.5494441e-04
   3.0173717e-02   1.3542128e-01   1.7769089e-02  -5.7265035e-03  -1.5370970e-03  -1.3842433e-04
   2.3048796e-02   2.0072923e-01  -3.4782879e-02  -5.3418772e-03  -1.1683218e-03  -3.0470791e-04
   3.4702131e-02   2.0871337e-01  -2.5818899e-02  -5.8222599e-03  -1.4355234e-03  -3.1238366e-04
   3.1884618e-02   1.8352114e-01  -1.3093438e-02  -5.3753641e-03  -1.3823317e-03  -5.4329808e-04
   2.6173979e-02   1.4369888e-01  -1.0224543e-02  -5.3914800e-03  -1.5189788e-03  -2.7019737e-04
   2.8995901e-02   1.5983768e-01  -3.2562715e-02  -5.7012756e-03  -1.3290380e-03  -2.9466779e-04
   2.7205551e-02   2.3158113e-01  -3.0787283e-02  -5.0236069e-03  -1.2956122e-03  -4.8357200e-04
   2.9526580e-02   8.3378811e-02  -2.0551480e-02  -5.7493677e-03  -1.4642543e-03  -2.2959152e-04
   2.9611405e-02   2.3579459e-01  -4.1192378e-02  -5.0240073e-03  -1.1735166e-03  -6.8487636e-04
   3.0628416e-02   1.8644333e-01  -1.7005456e-02  -5.5333714e-03  -1.4307119e-03  -3.6176256e-04
   2.9151253e-02   1.8573851e-01  -3.3549953e-02  -5.6848286e-03  -1.3052377e-03  -5.1728627e-04
   3.5830333e-02   3.0869298e-01  -1.9585020e-02  -4.9809639e-03  -1.2854486e-03  -7.8961358e-04
   2.6188839e-02   1.8505140e-01   7.2847059e-03  -5.2886258e-03  -1.7280776e-03  -5.3954530e-04
   2.6886108e-02   1.8636338e-01  -7.6849147e-04  -5.7121662e-03  -1.3758742e-03  -5.6267920e-04
   1.9499331e-02   2.1417515e-01  -2.8306460e-02  -5.5222357e-03  -1.4203652e-03  -6.4457446e-04
   2.7071758e-02   1.5879236e-01  -1.5271875e-02  -6.0115637e-03  -1.3919089e-03  -4.5960068e-04
   2.8364783e-02   1.4664051e-01   4.9535677e-03  -5.9740150e-03  -1.5398622e-03  -4.1972070e-04
   2.5509406e-02   2.5067917e-01  -5.9021321e-02  -6.0619820e-03  -1.3926838e-03  -5.4461166e-04
   3.3398252e-02   1.7660594e-01   1.8040815e-02  -6.6766585e-03  -1.7844220e-03  -5.3082600e-04
   2.3908009e-02   1.4881932e-01  -2.1641918e-03  -7.1019757e-03  -1.8968092e-03  -4.1544741e-04
   1.9033025e-02   1.8637431e-01  -4.3656056e-02  -6.7640147e-03  -1.4559484e-03  -6.2118105e-04
   3.0637473e-02   1.5461216e-01  -1.4881325e-03  -6.8648556e-03  -1.6763025e-03  -6.0232043e-04
   2.7422183e-02   2.2224218e-01  -4.2603498e-02  -7.0407048e-03  -1.4966143e-03  -5.4034447e-04
   3.2722459e-02   3.0590949e-01  -3.5174368e-02  -6.6144910e-03  -1.3943725e-03  -9.7403823e-04
   3.4105838e-02   1.9529659e-01  -1.7491789e-02  -6.7523945e-03  -1.6795684e-03  -5.5783090e-04
   3.3298714e-02   2.5738020e-01  -5.3926979e-02  -6.8751418e-03  -1.3299079e-03  -6.0539211e-04
   4.7975670e-02   3.0613211e-01  -3.8310974e-02  -6.5564509e-03  -1.2493284e-03  -6.2042708e-04
   3.5347343e-02   1.5520780e-01  -7.0238423e-03  -6.8502918e-03  -1.5612882e-03  -2.9386266e-04
   3.6076402e-02   2.2141729e-01  -3.4071891e-02  -6.5172270e-03  -1.2975842e-03  -7.0213275e-04
   4.1799327e-02   2.2495624e-01  -2.4143159e-02  -6.8934918e-03  -1.5093698e-03  -4.7204637e-04
   4.0314003e-02   1.4627130e-01  -1.3300646e-02  -6.9744919e-03  -1.4427203e-03  -4.5946988e-04
   3.4008406e-02   2.8405178e-01  -4.2810297e-02  -6.4675256e-03  -1.2951496e-03  -7.5145089e-04
   4.0124626e-02   2.2015200e-01  -7.3027429e-03  -6.8898436e-03  -1.7741836e-03  -4.2206194e-04
   3.3784564e-02   2.0134623e-01  -1.1948210e-02  -7.2554950e-03  -1.4711898e-03  -5.8672808e-04
   3.6636005e-02   2.4194188e-01  -8.8672747e-03  -7.4855948e-03  -1.6998435e-03  -5.8896661e-04
   3.4120919e-02   1.8626699e-01   7.0348061e-04  -7.6145023e-03  -1.7770613e-03  -5.2519264e-04
   2.7533637e-02   2.2459901e-01  -2.2749064e-02  -7.2934963e-03  -1.5626972e-03  -7.4081137e-04
   2.5915366e-02   2.5505449e-01  -3.6017028e-02  -7.7051729e-03  -1.6249888e-03  -6.1434212e-04
   2.2420195e-02   1.5361825e-01  -2.3694534e-02  -7.5001333e-03  -1.5476224e-03  -6.3229557e-04
   2.4872052e-02   2.3789163e-01  -6.5007118e-02  -7.1688211e-03  -1.5440072e-03  -8.3481877e-04
   3.5122168e-02   2.6652865e-01  -2.4813135e-02  -7.6495603e-03  -1.5398624e-03  -6.3957602e-04
   2.9992950e-02   1.6796431e-01  -1.3525594e-02  -7.8036992e-03  -1.6697780e-03  -4.8637224e-04
   2.0688703e-02   2.7763985e-01  -5.8017659e-02  -7.4665236e-03  -1.4965282e-03  -5.9751276e-04
   2.9931620e-02   1.8502030e-01  -1.6159412e-02  -7.7813808e-03  -1.8778067e-03  -5.4362881e-04
   2.8038293e-02   2.4225505e-01  -3.1381908e-02  -7.7531219e-03  -1.7420693e-03  -7.4527128e-04
   2.8541892e-02   2.4446472e-01  -3.0116489e-02  -8.1171345e-03  -1.7810121e-03  -4.6473773e-04
   3.1643938e-02   1.8976030e-01  -1.4717451e-02  -7.8538754e-03  -1.5270765e-03  -5.9426970e-04
   2.9035421e-02   2.6108735e-01  -2.0755552e-02  -7.2432286e-03  -1.3864942e-03  -8.0586352e-04
   2.7863426e-02   2.3660232e-01  -4.2307590e-02  -7.6706792e-03  -1.3702795e-03  -7.1792980e-04
   3.1112570e-02   1.7369099e-01  -9.3340671e-03  -8.1931875e-03  -1.7055521e-03  -6.6480853e-04
   3.0098289e-02   2.5476305e-01  -3.1278744e-02  -8.0438247e-03  -1.7502413e-03  -8.5178290e-04
   3.0595371e-02   2.2103056e-01  -1.4076882e-02  -8.1353506e-03  -1.8772903e-03  -6.4866234e-04
   2.9416593e-02   1.3649029e-01   6.6140117e-03  -8.6609244e-03  -1.7865844e-03  -6.6407478e-04
   2.3998304e-02   2.4485532e-01  -5.1946067e-02  -7.8753838e-03  -1.3885232e-03  -7.7620552e-04
   3.3763501e-02   2.1713609e-01  -3.6866550e-02  -8.4309432e-03  -1.6772425e-03  -7.9869481e-04
   3.1899788e-02   2.8704098e-01  -3.3159949e-02  -8.0061390e-03  -1.6957155e-03  -9.1046202e-04
   3.0853315e-02   2.6469129e-01  -4.2833842e-02  -8.4306984e-03  -1.7164479e-03  -7.7514394e-04
