   0.0000000e+00   0.0000000e+00   0.0000000e+00   0.0000000e+00   0.0000000e+00   0.0000000e+00
   2.3755794e-03   1.3606900e-02   5.3521795e-03  -2.8125643e-05   2.6277792e-04   1.2177852e-05
   1.4787905e-02   9.2541935e-02  -2.2854352e-02  -6.7877961e-04   3.0102552e-04  -8.0386955e-05
   1.9619285e-02   1.1045995e-01  -5.1549470e-02  -9.5387014e-05   3.2397542e-04  -3.9977202e-05
  -2.5843295e-03  -2.2474199e-03  -2.6177473e-02  -7.5417503e-05  -2.0527058e-04  -3.8618802e-05
   5.0487638e-03   8.5400005e-02  -5.8031951e-02   3.4811912e-05  -2.1541226e-04  -1.0708668e-04
   8.2575874e-03   4.6405775e-02  -3.2128786e-02   7.0769973e-04  -1.1485524e-04  -3.4611254e-05
  -7.4933609e-03   9.8526890e-03  -5.7908690e-02   4.1483987e-04   7.2427807e-05  -1.4776062e-04
   6.4528246e-03   4.1738461e-02  -5.6284020e-02   3.6353406e-04   1.6157991e-04  -7.8863538e-05
  -2.8583163e-03  -4.7293366e-03  -5.8681087e-02   4.6541040e-04   2.3346956e-04  -1.2473371e-04
  -2.4887947e-03   2.4190470e-02  -4.5646179e-02   5.0801022e-04   7.5732702e-05  -1.2392353e-04
  -1.2604057e-02   7.5433374e-04  -5.7528178e-02  -4.8733923e-04   6.2147628e-05   1.1223106e-04
   9.2932566e-03   6.7946465e-02  -4.6789260e-02  -4.1236760e-04  -5.9747159e-05   6.9260860e-05
   6.7327723e-03   6.7439494e-02  -9.3784231e-02   7.8962522e-05   4.3932579e-06  -2.2310919e-04
  -6.9765791e-03   3.0074331e-02  -7.7242554e-02   8.2934044e-04   3.0103890e-05  -1.6441475e-04
  -2.2598342e-03   5.8799736e-03  -6.8697816e-02   1.9851037e-04  -2.5392776e-04  -3.7497106e-05
   2.4020474e-03   9.8379954e-02  -9.2327310e-02  -4.4237090e-04  -4.8120722e-05  -9.7857464e-05
  -4.3284756e-03   4.1493156e-02  -8.2312596e-02  -2.7158672e-04  -9.6850174e-05  -7.0474210e-05
   3.4150326e-03   7.5650341e-02  -9.2508279e-02   1.7311655e-04   1.7173350e-05   4.2047907e-05
   5.8999497e-03   7.0189966e-02  -1.0075217e-01  -2.7483151e-04  -2.5241143e-04   4.0106207e-05
   7.2421067e-04   4.3331485e-02  -1.0426137e-01   3.3443159e-04   1.8344680e-04   4.2668250e-05
  -6.4018254e-03   3.6957641e-02  -8.1069096e-02   8.8613026e-04   8.1553853e-05   1.7919944e-04
  -7.1037438e-03   7.3515021e-02  -7.5077955e-02   4.7202283e-04  -1.7143368e-04   1.5393051e-04
   8.2747408e-03   1.0799725e-01  -8.7942085e-02   7.6228954e-04   1.6308392e-04   1.3037599e-04
  -7.7474575e-04   1.8555537e-02  -7.7125703e-02   1.1226795e-03   3.5856751e-04   2.6647119e-04
  -8.4184796e-03   3.9854396e-03  -6.7381435e-02   8.7446597e-04   1.2003756e-04   2.4831812e-04
  -8.4819977e-03   3.9879479e-02  -7.7218645e-02   5.7642581e-04  -4.9728153e-05   1.5755096e-04
   1.4802455e-03   4.7511550e-02  -9.7837267e-02  -9.4063892e-05  -1.5656918e-04   1.5059074e-04
  -8.2571672e-03   5.4742380e-02  -9.4529926e-02  -1.1560156e-04  -1.1444500e-04   1.9367615e-04
  -1.9529490e-03   1.1344419e-01  -1.0532443e-01  -3.8692039e-04  -2.5110938e-04   1.5316264e-04
  -4.7038514e-03   9.0306933e-02  -1.1815717e-01   5.9797386e-04   3.3644127e-04   1.3676376e-04
  -9.1376734e-03   4.1966086e-02  -1.2392292e-01   1.0212590e-03   2.3537132e-04   1.7562455e-05
  -1.0129820e-02   4.9461523e-02  -8.3823137e-02   1.4100319e-03   1.9956773e-04   1.0766266e-04
  -4.3827180e-03   8.7560009e-02  -1.0712343e-01   3.5268164e-04   1.6604150e-04   2.4852241e-04
  -5.4951349e-03   4.7439457e-02  -1.2409733e-01   2.2799768e-04   5.3911731e-04   1.8228957e-04
   3.5256887e-03   7.5880260e-02  -1.2582993e-01   5.6134112e-04   5.6788226e-04   4.3124949e-04
   1.5977741e-02   1.2611859e-01  -1.1360409e-01   8.5893195e-04   7.7193663e-04   4.1479882e-04
   7.8259091e-03   6.1408488e-02  -1.5268171e-01   1.0750450e-03   5.9634734e-04   3.9766837e-04
   3.4727652e-05   1.0768617e-01  -1.3331490e-01   1.2107080e-04   3.2621331e-04   4.9945417e-04
  -2.2466715e-03   6.3747833e-02  -1.2151508e-01   1.7232251e-04   2.8478057e-04   4.1140298e-04
   9.4621230e-03   9.3853636e-02  -1.2223205e-01   1.1827841e-04  -2.5339756e-05   3.9048814e-04
  -1.9272438e-03   1.0003542e-01  -1.1707413e-01   5.1476495e-04   2.1244642e-05   4.4337003e-04
   7.5747707e-04   7.7296989e-02  -1.4526192e-01   1.4408955e-03   1.0576258e-04   2.0964631e-04
  -6.8468956e-03   4.0011522e-02  -1.3138511e-01   1.7082564e-05  -2.3619753e-04   5.3697588e-04
  -5.0073264e-03   1.1055458e-01  -1.5046296e-01   2.8047036e-04  -9.2360812e-05   4.4551982e-04
  -8.2582711e-03   8.4145351e-02  -1.4138492e-01   4.6897659e-04  -7.4050650e-05   3.4818569e-04
   5.3803916e-04   1.6595022e-01  -1.5259600e-01   4.8514312e-04  -9.2293805e-05   4.6429737e-04
  -5.8589211e-03   1.3111071e-01  -1.3034442e-01   1.6926680e-03   6.8373957e-05   4.3508208e-04
  -1.7837880e-02   6.0631185e-02  -1.3280213e-01   9.4113213e-04  -1.1317903e-04   4.4312146e-04
  -1.2280262e-02   1.1904294e-01  -1.4305786e-01   5.1787830e-04  -9.0182039e-05   3.7009922e-04
  -3.2271592e-02   4.5384379e-02  -1.7383952e-01   8.0190934e-04  -1.4452289e-04   2.5362364e-04
  -2.3132637e-02   1.0908862e-01  -1.7900696e-01  -1.7261546e-05  -1.7644897e-04   5.1656992e-04
  -3.0329984e-02   8.6498574e-02  -1.8680205e-01   2.6792147e-04   3.9740599e-05   3.1939383e-04
  -1.8895922e-02   1.2390832e-01  -1.8243876e-01  -6.0596043e-04  -4.5013728e-04   3.3612201e-04
  -1.9703170e-02   1.7260720e-01  -1.6000673e-01  -1.4182611e-04  -2.3103773e-04   2.2000129e-04
  -2.9682587e-02   7.0612476e-02  -1.2678189e-01   4.1541125e-04  -1.9603613e-04   3.5518948e-04
  -1.7239766e-02   1.1416021e-01  -1.4869450e-01   7.9351590e-04  -9.7393254e-05   4.0969433e-04
  -1.2699186e-03   1.5921732e-01  -1.4419818e-01   9.9771201e-04   3.8720481e-05   4.8264565e-04
  -1.3640199e-02   9.3199864e-02  -1.5425682e-01   7.2047123e-04  -7.4383017e-05   6.7761343e-04
  -1.7988794e-02   1.0153547e-01  -1.3276170e-01   3.6613992e-04  -5.2341472e-05   6.2891332e-04
  -2.6055505e-02   8.2439448e-02  -1.4029337e-01   7.7279554e-04  -2.6860398e-04   7.1586481e-04
  -2.4782201e-02   1.0956090e-01  -1.4110519e-01   6.6997617e-04  -3.9187523e-04   7.5265940e-04
  -1.6998259e-02   1.3171648e-01  -1.7924354e-01   3.6215833e-05  -2.6897209e-04   7.0802989e-04
  -7.6269627e-03   1.7769965e-01  -1.9842532e-01   4.2020729e-05  -7.1876317e-05   7.3434781e-04
  -1.3559554e-02   1.0317043e-01  -1.9150535e-01   2.1747454e-04  -1.6490670e-04   6.7792435e-04
  -1.9457890e-02   9.4708546e-02  -1.9965720e-01  -7.3571730e-05  -3.0773069e-04   5.9437297e-04
  -9.0466386e-03   1.1274619e-01  -1.8707816e-01   2.7263130e-04  -1.4021042e-04   7.1791602e-04
  -1.0416731e-02   1.1178084e-01  -1.9680981e-01   6.6438733e-04  -5.5357478e-05   7.3111734e-04
  -2.1726479e-03   1.3083928e-01  -2.0515919e-01   3.6919126e-05  -2.7194893e-04   8.5520780e-04
  -1.1010151e-02   1.0955560e-01  -1.8266034e-01   1.7317609e-04  -4.0622461e-04   7.5431829e-04
  -2.3578090e-02   1.0962120e-01  -1.9310276e-01   3.5700064e-04  -4.3441489e-04   6.4556577e-04
   1.0530700e-03   1.7873923e-01  -1.8647271e-01  -4.7568396e-04  -4.6213512e-04   9.0963834e-04
  -6.4628333e-03   1.6132182e-01  -2.1511512e-01   5.8707619e-04  -2.8176783e-04   6.6199461e-04
   3.0930473e-03   1.8745779e-01  -2.1856720e-01   1.6472720e-04  -3.7729722e-04   7.7920559e-04
  -1.2409454e-02   2.2073995e-01  -1.9168678e-01   7.6040787e-04  -6.4957182e-04   6.4991387e-04
  -3.2425232e-02   1.4237214e-01  -1.9002410e-01   3.7001396e-04  -9.6720185e-04   3.7245440e-04
  -1.3580389e-02   1.8668124e-01  -1.9063615e-01   3.8133096e-04  -5.4852730e-04   5.7432641e-04
  -2.1327516e-02   1.4539748e-01  -1.6712862e-01   7.6680157e-04  -5.7072465e-04   4.9584873e-04
  -2.5522470e-02   1.6826067e-01  -1.9064409e-01  -1.1904444e-04  -9.8989666e-04   5.3029380e-04
  -2.1879879e-02   1.7432492e-01  -2.2518801e-01  -7.4474040e-05  -1.0421764e-03   5.5441986e-04
  -2.1614447e-02   1.4976835e-01  -2.0333541e-01   5.0330622e-04  -5.7068494e-04   8.3651544e-04
  -1.6917177e-02   1.5553213e-01  -1.9899506e-01  -1.8863064e-04  -1.1011573e-03   1.0119569e-03
  -2.2339771e-02   1.3525575e-01  -2.1088741e-01  -2.2193690e-04  -5.9705904e-04   8.8776975e-04
  -1.7816127e-02   1.6658313e-01  -2.2235848e-01   4.3306859e-05  -3.3059219e-04   8.2757033e-04
   2.8496145e-03   2.0438601e-01  -2.1094890e-01  -9.0336006e-05  -5.9696238e-04   1.0895756e-03
   2.8798479e-03   1.8998531e-01  -2.0884116e-01   1.1527959e-04  -7.1707094e-04   1.1700177e-03
   8.0941143e-03   1.8624787e-01  -1.9134932e-01   8.0096361e-04  -8.2850006e-04   1.2108461e-03
   9.2284340e-03   1.6891979e-01  -2.0268023e-01   3.2829382e-04  -9.9474747e-04   1.3529798e-03
   3.0554346e-03   1.5164707e-01  -2.2927066e-01   3.9650440e-04  -6.5678231e-04   1.3101617e-03
  -1.9574382e-04   1.5794580e-01  -2.2717583e-01   1.0017605e-03  -5.6136503e-04   1.2478199e-03
   1.7100129e-03   1.5084950e-01  -2.0268645e-01   6.3913598e-04  -9.1627673e-04   1.2957492e-03
   1.3578882e-02   1.7286209e-01  -1.7048155e-01   6.8775466e-04  -8.7353875e-04   1.1965097e-03
   1.4191738e-02   1.5155777e-01  -1.7825250e-01   1.3136740e-03  -9.2134505e-04   1.1215165e-03
   1.4192734e-02   1.6032902e-01  -1.6039487e-01   4.9919609e-04  -1.4348717e-03   1.2369340e-03
   6.7470993e-03   1.7264386e-01  -1.9803142e-01   9.9185343e-04  -9.0494400e-04   1.0914266e-03
  -2.3993888e-03   1.3788983e-01  -1.9437416e-01   1.1149152e-03  -1.2565458e-03   1.0135740e-03
   3.7607468e-03   1.9309382e-01  -2.2204140e-01   1.0893328e-03  -1.3349158e-03   1.1568827e-03
  -1.5900142e-02   1.4069939e-01  -2.0433550e-01   9.5044305e-04  -1.4348327e-03   1.1951798e-03
  -1.4280772e-02   1.5108762e-01  -2.2380275e-01   1.3700552e-03  -9.3479636e-04   1.0541453e-03
  -2.1638201e-02   1.3267052e-01  -1.5635141e-01   1.0410318e-03  -1.1256710e-03   1.0806927e-03
  -2.6955389e-02   1.5919355e-01  -1.7452589e-01   8.9869079e-04  -9.1393937e-04   8.5905110e-04
  -1.0128227e-02   1.6971784e-01  -1.6766566e-01   8.4611827e-04  -1.0310119e-03   8.9690182e-04
   1.3089771e-03   2.2628623e-01  -1.9176033e-01   1.1757849e-03  -7.8169585e-04   6.4212685e-04
   9.8891394e-04   1.0475436e-01  -1.5522710e-01   1.0806902e-03  -1.0777374e-03   7.9269707e-04
   7.2934831e-03   1.6458140e-01  -1.5501168e-01   1.0832394e-03  -1.0885077e-03   9.0043446e-04
  -3.4924944e-03   1.1258721e-01  -1.6348653e-01   1.1494788e-03  -1.0519587e-03   9.1644736e-04
   1.2297089e-03   1.1847213e-01  -1.8130452e-01   1.3458760e-03  -1.3272823e-03   1.1443834e-03
  -4.6560328e-04   1.4330281e-01  -2.1590454e-01   1.5091278e-03  -1.0388991e-03   1.4234612e-03
  -5.9179992e-03   2.0228971e-01  -2.2372078e-01   1.8021052e-03  -1.0915305e-03   1.2872555e-03
   2.3939195e-03   1.6030952e-01  -1.3969072e-01   1.2253258e-03  -1.1070841e-03   1.4053205e-03
  -7.4858823e-03   9.1681595e-02  -1.0426894e-01   2.7308271e-03  -6.7047419e-04   1.5676229e-03
   8.1024804e-03   2.0536721e-01  -1.8018109e-01   2.3520346e-03  -1.8253176e-04   1.0550455e-03
   1.3848065e-02   2.3682897e-01  -1.9458961e-01   1.7665734e-03  -4.4333351e-04   9.8616969e-04
   8.3951463e-03   1.9583872e-01  -2.2028154e-01   3.0937550e-03  -4.0295990e-04   8.9323325e-04
   1.2855079e-02   1.7592919e-01  -1.9342979e-01   2.6438637e-03  -4.1268146e-04   1.2485958e-03
  -2.8700615e-03   1.4101673e-01  -1.7961162e-01   3.1523152e-03  -6.2541481e-04   1.1888777e-03
  -6.3681552e-03   1.6290351e-01  -2.1478666e-01   2.8234315e-03  -6.7599231e-04   1.3596436e-03
   3.3371880e-03   1.8202265e-01  -2.1778478e-01   3.1053525e-03  -4.0105205e-04   1.3220494e-03
   1.0120825e-02   1.3792385e-01  -2.0092078e-01   2.8140544e-03  -7.5742826e-04   1.3764800e-03
   2.3080664e-02   2.1855320e-01  -1.9205615e-01   1.9342667e-03  -5.6890091e-04   1.1908584e-03
   1.2968922e-02   1.6744863e-01  -2.0135976e-01   2.6732582e-03  -7.1433043e-04   1.5568300e-03
   1.9559107e-02   2.1494966e-01  -2.3463460e-01   2.4944248e-03  -5.7562584e-04   1.3790770e-03
   2.2840553e-02   2.5292019e-01  -2.4936125e-01   2.8160537e-03  -3.9391238e-04   1.2358898e-03
   1.0762608e-02   2.0275967e-01  -2.5144038e-01   2.8598841e-03  -4.1971732e-04   1.3381697e-03
   3.5940085e-03   1.7734919e-01  -2.4880778e-01   3.1139862e-03  -1.6863332e-04   1.1955840e-03
   1.2851709e-02   2.1489293e-01  -2.3972221e-01   2.1418091e-03  -6.8031592e-04   1.2547535e-03
   6.4836152e-03   2.4046829e-01  -2.1092137e-01   2.5132130e-03  -4.3687211e-04   9.7882519e-04
   6.2452557e-04   1.8326202e-01  -1.9397528e-01   3.0480861e-03  -7.1780783e-04   1.2502617e-03
   1.8291586e-02   2.9895879e-01  -2.8370297e-01   3.3802434e-03  -1.6137005e-04   1.0820687e-03
  -1.1451219e-02   1.7511902e-01  -2.3699460e-01   3.7220520e-03  -1.7389043e-04   7.1461526e-04
  -1.9948398e-02   1.6330163e-01  -2.1802623e-01   3.6361120e-03  -3.5748903e-05   7.6465318e-04
  -1.8392927e-02   1.4695293e-01  -2.2544207e-01   4.0878346e-03  -3.2263922e-04   6.9941354e-04
  -1.1753610e-02   2.0919193e-01  -2.3997124e-01   3.5580866e-03  -4.0489262e-04   5.7511929e-04
  -7.1905532e-03   2.4995673e-01  -2.2006838e-01   4.1488609e-03  -2.7903238e-04   7.7450935e-04
  -2.3211332e-02   2.2918715e-01  -2.0511140e-01   3.8334384e-03  -4.5052010e-04   5.7809398e-04
  -1.2350917e-02   2.3200430e-01  -2.0069927e-01   3.2558514e-03  -5.8672057e-04   5.1903938e-04
  -2.1043192e-02   1.8600583e-01  -2.3981675e-01   3.4040397e-03  -2.7072482e-04   6.1855049e-04
  -2.6066030e-02   1.6588792e-01  -1.4326773e-01   3.1502996e-03  -2.7546123e-04   5.7335033e-04
  -2.0564980e-02   2.0722479e-01  -1.5122936e-01   3.9354619e-03  -1.1116944e-04   3.9874971e-04
  -2.1242347e-04   2.0846267e-01  -1.5810005e-01   3.5092153e-03  -4.0511274e-04   6.9061831e-04
  -7.7205196e-03   1.9060495e-01  -1.6982485e-01   3.6813102e-03  -6.4932692e-04   9.0402458e-04
  -9.7559981e-03   2.1374436e-01  -1.5511995e-01   3.7092054e-03  -5.0271389e-04   8.8035195e-04
  -3.8728677e-02   1.4029631e-01  -1.2905944e-01   3.4015063e-03  -7.2930356e-04   6.9338562e-04
  -3.7485934e-03   3.1851307e-01  -2.1724804e-01   4.8838699e-03  -4.6923774e-05   9.1863368e-04
  -2.1230028e-02   2.2283566e-01  -2.0726618e-01   4.8280887e-03  -2.0723380e-04   1.2014354e-03
  -1.4588950e-02   2.4225320e-01  -2.4723173e-01   5.3634892e-03   1.0801152e-04   1.1611929e-03
  -1.9842160e-02   1.7456081e-01  -1.8958402e-01   5.6038787e-03   1.5055319e-05   1.0642613e-03
  -1.4959171e-02   2.2368972e-01  -1.9899152e-01   5.3705425e-03  -8.9064430e-05   1.0872241e-03
  -2.6120693e-02   1.8164054e-01  -1.5269066e-01   4.9413993e-03  -3.4850269e-05   1.1672028e-03
  -2.1818616e-02   2.3074222e-01  -2.1539770e-01   5.1061793e-03   1.5887764e-04   1.1949398e-03
  -5.0473756e-03   2.9074711e-01  -2.2819176e-01   5.7474209e-03   1.7734420e-04   1.3334404e-03
  -2.5267562e-02   2.5714925e-01  -2.3093061e-01   4.9665284e-03   3.5449559e-04   1.0697726e-03
  -3.6048693e-02   2.3187818e-01  -1.9586265e-01   4.1191769e-03   6.1848079e-04   8.5768079e-04
  -3.1133346e-02   2.1695760e-01  -2.3829097e-01   4.7136714e-03   7.5141817e-04   8.2786737e-04
  -3.3007932e-02   2.2701592e-01  -2.1475030e-01   3.4778887e-03   4.4964779e-04   9.1899637e-04
  -3.8625057e-02   2.0718704e-01  -1.8699836e-01   4.5320940e-03   8.2115677e-04   7.1588071e-04
  -3.0726279e-02   2.2977271e-01  -1.8504574e-01   3.7194865e-03   7.0247803e-04   7.1838035e-04
  -2.7260176e-02   2.2283779e-01  -1.6242713e-01   4.3289198e-03   1.0615994e-03   9.1510639e-04
  -2.5954519e-02   2.3129201e-01  -1.7260307e-01   4.0388370e-03   1.0506807e-03   9.4797014e-04
  -1.9278261e-02   3.0600578e-01  -1.9454147e-01   4.5223530e-03   1.0625630e-03   9.3394993e-04
  -2.1764662e-02   2.2376512e-01  -1.6887960e-01   4.5394994e-03   1.0109568e-03   8.6261043e-04
  -1.5760177e-02   2.7164639e-01  -1.9624727e-01   5.1076133e-03   9.9704544e-04   1.1045366e-03
  -1.9577204e-02   2.1509498e-01  -1.7676456e-01   4.6860136e-03   8.9310071e-04   1.1576442e-03
  -1.6365404e-02   2.6061057e-01  -1.8888551e-01   4.2477208e-03   8.6160324e-04   8.9644152e-04
  -1.3354666e-02   2.7271448e-01  -1.8747412e-01   4.4121935e-03   8.5065082e-04   9.6559441e-04
  -3.1788600e-02   2.1568653e-01  -1.7013220e-01   3.9177257e-03   9.2929646e-04   1.0410406e-03
  -3.0291422e-02   2.9526233e-01  -1.8519450e-01   3.7614547e-03   7.8830041e-04   9.1334131e-04
  -2.5422364e-02   2.7792788e-01  -2.6606642e-01   4.9850395e-03   1.1838742e-03   1.1911372e-03
  -1.0419928e-02   2.7562016e-01  -2.4662641e-01   4.6491433e-03   9.2799365e-04   1.2563124e-03
  -2.9907978e-02   2.6165770e-01  -2.0727557e-01   5.2208736e-03   1.1331566e-03   1.0277567e-03
  -3.5492862e-02   2.2977806e-01  -2.0027334e-01   5.0367948e-03   1.1115566e-03   1.2381618e-03
  -3.3366041e-02   2.7952146e-01  -2.2037681e-01   4.4708349e-03   1.0853049e-03   1.2046537e-03
  -2.9451341e-02   2.4915589e-01  -2.2558231e-01   4.5604257e-03   1.2646802e-03   9.8647622e-04
  -2.4828455e-02   3.1044026e-01  -2.4282268e-01   4.8438079e-03   1.0263946e-03   9.2953742e-04
  -3.3005937e-02   2.7047985e-01  -2.4279736e-01   4.2384575e-03   1.2411349e-03   8.4258202e-04
  -3.7065901e-02   2.4588968e-01  -2.4467874e-01   4.7727436e-03   1.2751526e-03   7.8747103e-04
  -3.4805340e-02   2.9718957e-01  -2.3963565e-01   3.3918330e-03   1.2929927e-03   8.6942892e-04
  -3.9956919e-02   3.1378031e-01  -1.7096187e-01   4.7915446e-03   1.6260742e-03   7.2471080e-04
  -5.6181181e-02   2.9717956e-01  -2.1367463e-01   4.8014152e-03   1.5112281e-03   5.4010178e-04
  -3.6165782e-02   3.4080354e-01  -2.0562412e-01   5.2819386e-03   1.5679143e-03   7.6696873e-04
  -4.5748117e-02   2.8872695e-01  -1.7121202e-01   4.5064583e-03   1.4038339e-03   8.1006470e-04
  -3.7673281e-02   2.8697098e-01  -1.6077670e-01   5.1870468e-03   1.3599471e-03   6.2676700e-04
  -4.5599253e-02   2.4090288e-01  -1.4597994e-01   4.8822458e-03   1.6050718e-03   8.2702283e-04
  -4.5970076e-02   2.5187311e-01  -7.9714328e-02   3.8514310e-03   1.0742198e-03   8.9113581e-04
  -3.7468422e-02   3.1538532e-01  -1.5300661e-01   5.4310920e-03   1.3389088e-03   7.0033401e-04
  -3.5293818e-02   2.7220803e-01  -1.2555228e-01   4.9038420e-03   1.0502465e-03   7.7324840e-04
  -5.1488516e-02   2.4989387e-01  -1.8630917e-01   5.9313871e-03   1.0058230e-03   7.6227394e-04
  -6.5022228e-02   1.4347775e-01  -4.1510403e-02   4.3909321e-03   1.1004336e-03   8.5452620e-04
  -5.5996565e-02   1.4516201e-01   3.6916495e-02   4.9885197e-03   1.1776139e-03   9.2103752e-04
  -2.8390631e-02   3.0663825e-01  -2.3281303e-02   5.8094462e-03   1.5039061e-03   5.8611552e-04
  -5.6636216e-02   1.7202739e-01  -2.9315550e-03   5.1122557e-03   1.0394303e-03   7.5600714e-04
  -4.2245174e-02   1.9771064e-01  -3.0976420e-02   5.5839453e-03   1.1797635e-03   6.7908303e-04
  -2.8569988e-02   2.4518165e-01  -3.4416292e-02   5.7303056e-03   1.0069030e-03   8.5504123e-04
  -3.4359143e-02   2.5141928e-01  -5.8986070e-02   5.1420062e-03   9.4709515e-04   9.0767452e-04
  -4.2422690e-02   2.0963819e-01   1.3879327e-02   5.8613596e-03   1.0986201e-03   1.0200106e-03
  -4.8216049e-02   2.4252060e-01  -5.5274969e-02   5.4080119e-03   1.1131540e-03   7.9808140e-04
  -2.3162136e-02   2.2790176e-01  -5.3160230e-03   4.9722224e-03   8.6927080e-04   9.8897210e-04
  -1.3229665e-02   1.8820723e-01  -3.9767234e-02   4.3040103e-03   8.7200355e-04   5.8076622e-04
  -9.9599676e-03   3.0228834e-01  -7.4005386e-02   5.0548253e-03   1.0478137e-03   4.5009399e-04
  -3.5217548e-02   2.1177971e-01   5.6520104e-02   4.0087502e-03   8.9692424e-04   6.1258668e-04
  -2.5876670e-02   2.6724475e-01  -2.8838319e-02   4.8705419e-03   8.9151000e-04   9.3539785e-04
  -2.8453016e-03   3.2529536e-01  -6.2528872e-02   5.7570984e-03   1.0882595e-03   1.2344652e-03
  -1.6942162e-02   2.6664114e-01  -3.1893741e-02   5.0834642e-03   1.0204337e-03   1.3125816e-03
  -3.3210318e-02   2.5145053e-01  -7.6496337e-02   4.7093940e-03   1.5344811e-03   7.7896385e-04
  -3.5176306e-02   2.2687308e-01   1.7894597e-02   4.6015905e-03   1.3949428e-03   7.6157056e-04
  -3.5427141e-02   2.7177400e-01  -5.5245414e-02   5.1119640e-03   1.4231182e-03   5.5920909e-04
  -3.4109431e-02   3.1976074e-01  -4.3714781e-02   3.9120102e-03   1.6822591e-03   7.4815125e-04
  -3.0817661e-02   3.3454771e-01  -7.0016302e-02   4.8451858e-03   1.6922960e-03   6.0505275e-04
  -3.1699504e-02   2.9864355e-01  -1.0239256e-01   5.2989234e-03   1.7194565e-03   6.2427277e-04
