   0.0000000e+00   0.0000000e+00   0.0000000e+00   0.0000000e+00   0.0000000e+00   0.0000000e+00
  -3.4426124e-02   1.0780877e-01   4.2655566e-02  -1.9856881e-03   5.0816419e-04   6.0597811e-04
  -2.2335856e-02   7.6263967e-02   3.7081615e-02  -4.0812771e-03   5.0460808e-04   8.0683604e-04
  -1.6530847e-02  -3.2958433e-02  -7.2668309e-02  -4.8347718e-03   8.2493983e-04   6.7229123e-04
  -4.5974151e-02   1.8291939e-01   5.0541004e-03  -5.0965257e-03   1.0497358e-03   8.0197595e-04
  -4.1121610e-02   9.5177376e-02   1.6007967e-02  -5.5883434e-03   1.2986054e-03   9.9242282e-04
  -2.0768524e-02   4.1322649e-02   3.9485923e-02  -6.0628175e-03   1.4843796e-03   9.6203919e-04
  -9.4307156e-03  -6.7252487e-02  -1.1223525e-02  -6.1115945e-03   1.7370504e-03   1.0878534e-03
  -1.2016007e-02  -1.4205921e-02  -1.3614837e-02  -6.5073902e-03   1.4043652e-03   1.0118325e-03
  -3.6183295e-02   1.3227447e-01   2.3539337e-02  -6.3091414e-03   1.7603025e-03   9.0109975e-04
  -4.1057064e-02   8.9635387e-02   5.9146999e-02  -6.5928156e-03   2.0982351e-03   1.1538846e-03
  -2.6665511e-03  -3.5590311e-02   3.3051413e-02  -7.3965298e-03   2.0000288e-03   1.1509745e-03
   1.7952189e-03  -3.4210560e-02   1.0140011e-02  -6.9701089e-03   1.8731071e-03   1.2282008e-03
  -9.8229935e-03   6.8665772e-02   6.5823738e-02  -7.1211985e-03   1.8383995e-03   1.2090856e-03
  -1.9147168e-02   2.7732718e-02   1.1586326e-01  -7.5724230e-03   2.1955228e-03   1.4448628e-03
   6.1258764e-03  -6.3844555e-02   1.0424559e-01  -8.5329495e-03   2.0585807e-03   1.4175384e-03
  -1.4805776e-03  -5.7807541e-02   5.2979841e-02  -8.2777743e-03   2.0840532e-03   1.3385775e-03
  -4.0666850e-03   1.3906172e-02   6.7877094e-02  -8.2962482e-03   1.9256117e-03   1.2750363e-03
  -2.8999838e-02   1.0352343e-01   1.2105451e-01  -8.4825245e-03   2.1699548e-03   1.5483972e-03
  -1.7891630e-02   4.7839087e-02   1.3107286e-01  -9.7834005e-03   2.3941650e-03   1.7775604e-03
  -3.1717031e-03  -9.5335334e-03   7.5437079e-02  -1.0306368e-02   2.1204057e-03   1.6308624e-03
  -1.9212276e-02   6.9996274e-02   8.2328507e-02  -1.0258684e-02   2.1762473e-03   1.8333072e-03
  -2.3024452e-02   1.0807759e-01   1.0607233e-01  -1.0868570e-02   2.5536422e-03   1.8738334e-03
  -7.3859609e-03  -1.2539844e-03   6.2306647e-02  -1.1074693e-02   2.5277224e-03   1.9400662e-03
  -1.9983842e-02   1.0287343e-01   4.7117741e-02  -1.1401761e-02   2.4299015e-03   2.0190992e-03
  -2.5657250e-02   1.3421190e-01   9.6156182e-02  -1.1682894e-02   2.4741949e-03   2.1008571e-03
  -1.6668694e-02   5.0205518e-02   1.3270372e-01  -1.2148293e-02   2.7350041e-03   2.3597212e-03
   1.4504959e-03  -5.2110714e-02   1.1870511e-01  -1.2287054e-02   2.6179796e-03   2.2465560e-03
  -2.3594468e-02   1.5290743e-01   1.2284257e-01  -1.2477707e-02   2.8347508e-03   2.2848665e-03
  -1.4605010e-02   4.1180977e-02   1.6274508e-01  -1.2741992e-02   3.2836780e-03   2.7352853e-03
   1.7458154e-02  -5.7970782e-02   1.3385495e-01  -1.2484061e-02   2.9716473e-03   2.4421096e-03
   1.6209980e-02  -3.9876349e-02   1.0701751e-01  -1.1874752e-02   2.9808591e-03   2.6853314e-03
  -1.6011953e-02   1.4394198e-01   7.4648452e-02  -1.2340856e-02   2.9851361e-03   2.5402306e-03
  -2.2628028e-02   1.5415265e-01   1.5389223e-01  -1.2297627e-02   3.3233276e-03   2.3925334e-03
  -9.0757305e-03   4.9862021e-02   1.9415685e-01  -1.2587538e-02   3.7495545e-03   2.6974265e-03
   8.3076508e-03  -2.6137820e-02   2.0292409e-01  -1.3249149e-02   3.7562125e-03   2.7195987e-03
   2.2734563e-02  -3.4402611e-02   1.7408127e-01  -1.3078270e-02   3.5097525e-03   2.4769351e-03
   4.9564163e-03   6.3128957e-02   1.7674168e-01  -1.3097400e-02   3.5788653e-03   2.7397843e-03
  -4.3090407e-03   1.2762824e-01   2.0380338e-01  -1.2791432e-02   3.6692998e-03   2.6612323e-03
  -4.2604014e-04   5.2797682e-02   2.3134739e-01  -1.3068732e-02   3.9387228e-03   2.8253554e-03
   2.8728395e-02  -8.9088003e-02   2.0889649e-01  -1.3435846e-02   3.8084258e-03   2.8528653e-03
   9.1994101e-03   4.0174243e-02   2.1983513e-01  -1.3182647e-02   3.9382475e-03   2.9331068e-03
  -9.1794618e-04   1.0295148e-01   2.6334456e-01  -1.3971809e-02   4.3310058e-03   3.1544667e-03
   2.8035173e-02  -1.9807212e-02   2.6221410e-01  -1.3430728e-02   4.2757923e-03   2.9716415e-03
   1.3568586e-02   4.1111970e-03   2.0496453e-01  -1.3680343e-02   4.2050045e-03   3.0279251e-03
  -2.0553413e-03   1.0047977e-01   2.3046938e-01  -1.3953285e-02   4.2854696e-03   3.0680942e-03
   4.6291653e-03   5.2473474e-02   2.4151984e-01  -1.4204626e-02   4.4689432e-03   3.1530603e-03
   1.0981679e-02   2.8373259e-04   2.1051137e-01  -1.4343220e-02   4.3129623e-03   3.1320854e-03
   1.1754349e-02   6.1801258e-02   2.4692636e-01  -1.4176284e-02   4.2592591e-03   3.0937694e-03
   1.2331362e-02   5.7750641e-02   2.8876254e-01  -1.4237467e-02   4.1795124e-03   3.1018625e-03
   5.9102917e-03  -1.6482245e-02   2.3883492e-01  -1.4751283e-02   4.3279284e-03   3.1560369e-03
   7.3578462e-03   4.0396107e-02   2.8120303e-01  -1.4634019e-02   4.3768390e-03   3.0668448e-03
   2.1845416e-02  -3.9313567e-02   2.2662150e-01  -1.4279368e-02   4.1057528e-03   3.0666678e-03
   2.2971832e-02  -4.5939130e-02   2.0150752e-01  -1.4263838e-02   3.8364889e-03   3.2299008e-03
   2.5352762e-02  -6.1845902e-02   2.3643491e-01  -1.3770836e-02   4.0305935e-03   3.1557605e-03
  -6.9505819e-03   1.1454427e-01   2.5179111e-01  -1.5200378e-02   4.2754442e-03   3.2106968e-03
  -4.0593911e-03   1.1949073e-01   3.1855646e-01  -1.4853129e-02   4.6515393e-03   3.1930987e-03
   1.3483941e-02   1.9548581e-03   3.7749045e-01  -1.4638761e-02   4.8442733e-03   3.0650588e-03
   2.9647320e-02  -5.9119728e-02   3.9027609e-01  -1.5009852e-02   4.7069182e-03   3.2329968e-03
   3.7613700e-02  -4.2843223e-02   3.4739958e-01  -1.5085980e-02   4.4489656e-03   2.9963107e-03
   1.4788077e-02   5.5621782e-02   3.5161489e-01  -1.5238714e-02   4.8676140e-03   3.2329888e-03
   1.4805907e-02   8.0277974e-02   3.9994665e-01  -1.5419155e-02   5.0103910e-03   3.3659089e-03
   3.9437438e-02  -4.0359969e-02   3.7704022e-01  -1.5451970e-02   4.9009108e-03   3.4778846e-03
   4.0259128e-02  -7.2657610e-02   3.0055231e-01  -1.5323223e-02   4.5647213e-03   3.5554543e-03
   1.7623391e-02   4.7656548e-02   3.1803700e-01  -1.5986292e-02   4.6431364e-03   3.4144328e-03
   1.0505427e-02   4.8520324e-02   3.5933254e-01  -1.5528057e-02   5.0075997e-03   3.3293466e-03
   2.8239468e-02  -4.9064893e-02   3.8026512e-01  -1.5755978e-02   4.9566981e-03   3.4414322e-03
   1.9727542e-02  -1.2143179e-02   3.4029059e-01  -1.5924789e-02   4.7446456e-03   3.5779922e-03
   8.3270739e-03   3.8758901e-02   3.7407727e-01  -1.6174873e-02   5.0301738e-03   3.4592933e-03
   2.5200027e-02  -2.2366373e-02   3.9326232e-01  -1.6492713e-02   4.9687369e-03   3.4433739e-03
   2.2079098e-02  -4.6472141e-02   3.6163595e-01  -1.6087743e-02   4.8326367e-03   3.5076096e-03
   8.2204500e-03   1.7879989e-02   3.9682228e-01  -1.6448887e-02   4.9839480e-03   3.6518687e-03
   3.2097602e-02  -9.5052149e-02   3.8929757e-01  -1.6755793e-02   4.9544424e-03   3.7603997e-03
   2.0724515e-02   5.9981576e-03   3.8575101e-01  -1.6176998e-02   4.8846897e-03   3.6412593e-03
   1.8141589e-02   6.0363209e-03   4.0071558e-01  -1.7059927e-02   5.2382428e-03   3.9216586e-03
   3.7481886e-02  -9.5794140e-02   3.7497315e-01  -1.6831970e-02   4.8089867e-03   3.9207851e-03
   1.6037511e-02   4.8248888e-02   3.6039023e-01  -1.6711978e-02   4.8738143e-03   3.8120740e-03
   1.2154611e-02   3.6931549e-02   4.0365668e-01  -1.6696200e-02   5.0869130e-03   4.0405520e-03
   2.9372001e-02  -5.6903664e-02   4.2195657e-01  -1.7031178e-02   5.2028796e-03   4.0887795e-03
   3.5053039e-02  -1.3693464e-02   3.6620193e-01  -1.6693476e-02   4.6900167e-03   4.0383870e-03
   1.1364301e-02   2.9027239e-02   3.4197569e-01  -1.6886738e-02   4.9280361e-03   4.0364290e-03
   5.4948802e-03   3.5281986e-02   3.8648920e-01  -1.6866347e-02   5.3302730e-03   4.0730142e-03
   3.2387921e-02  -1.0695273e-01   3.8635688e-01  -1.7213204e-02   4.9404816e-03   4.0596022e-03
   3.4244112e-02   1.0640448e-02   3.6623860e-01  -1.7551215e-02   4.4351281e-03   4.0875552e-03
   1.6104651e-02   8.7915015e-02   3.8897586e-01  -1.7567552e-02   4.4252454e-03   3.9756790e-03
   2.5242166e-02  -2.1510216e-02   4.1038137e-01  -1.7667074e-02   4.6854575e-03   4.1705791e-03
   2.6240040e-02  -6.0655367e-02   3.6411431e-01  -1.7787156e-02   4.8088580e-03   4.2483850e-03
   1.8000887e-02   4.8412014e-02   3.8133441e-01  -1.7387427e-02   4.7805673e-03   4.1986015e-03
   1.9868177e-02  -1.8140429e-02   4.3807672e-01  -1.8202067e-02   5.0709168e-03   4.3554700e-03
   3.5825964e-02  -5.2355051e-02   4.2721571e-01  -1.7839174e-02   5.1021687e-03   4.2873370e-03
   1.7372935e-02   2.4986682e-02   4.3227820e-01  -1.7962544e-02   5.6819671e-03   4.5674655e-03
   2.7796348e-02  -9.4473173e-03   4.2823113e-01  -1.8047177e-02   5.4950163e-03   4.6732966e-03
   2.0525077e-02   3.8623787e-02   3.8275672e-01  -1.7732358e-02   5.3156570e-03   4.4989403e-03
   2.2210912e-02   5.2449148e-02   4.2639262e-01  -1.8018621e-02   5.4891914e-03   4.4710142e-03
   2.2020458e-02  -6.3476233e-02   4.1702939e-01  -1.8018615e-02   5.8366204e-03   4.6688480e-03
   1.2821407e-02   3.6452783e-02   4.5634761e-01  -1.8133738e-02   5.8823522e-03   4.6722066e-03
   2.9050257e-02  -4.4420975e-02   4.3894757e-01  -1.7721964e-02   5.7070993e-03   4.7310114e-03
   1.1095177e-02   3.7063468e-02   4.0719596e-01  -1.8034521e-02   5.7315207e-03   4.7048339e-03
   1.1375651e-02  -1.4586903e-02   4.6357052e-01  -1.8610457e-02   6.2975238e-03   4.8757077e-03
   3.2740298e-02  -9.9873807e-02   4.5563589e-01  -1.8565996e-02   6.0690984e-03   4.8400487e-03
   3.0083447e-02  -1.9082168e-02   4.7120432e-01  -1.8449550e-02   6.1634833e-03   4.7839021e-03
   3.2400266e-02  -2.7487110e-02   4.9306131e-01  -1.8296082e-02   6.4486005e-03   4.7010304e-03
   3.5352876e-02  -8.2020587e-02   4.4669511e-01  -1.9032941e-02   6.3582892e-03   4.8638705e-03
   3.0326760e-02  -2.9058576e-02   4.8728997e-01  -1.8455998e-02   6.3650387e-03   4.6672448e-03
   4.2947804e-02  -1.0280760e-01   4.4938900e-01  -1.8503755e-02   5.9106194e-03   4.4923947e-03
   2.1927496e-02  -2.7417288e-02   4.2892968e-01  -1.8374510e-02   6.0821905e-03   4.6777929e-03
   2.1411342e-02   1.8932354e-04   4.8946713e-01  -1.8702328e-02   6.1731386e-03   4.7532147e-03
   4.5231023e-02  -1.0468640e-01   5.3079004e-01  -1.8537565e-02   6.3031987e-03   4.7558119e-03
   4.3830395e-02  -1.1567625e-01   5.0550604e-01  -1.9036817e-02   6.0550416e-03   4.8942078e-03
   3.7132854e-02  -1.4778063e-02   5.5585588e-01  -1.8793163e-02   5.9837997e-03   4.7834343e-03
   2.7845270e-02  -4.4375695e-02   5.0270539e-01  -1.9147014e-02   6.0835410e-03   4.8673248e-03
   2.0146367e-02   3.9077213e-02   5.5255210e-01  -1.8687847e-02   5.8070984e-03   4.8133169e-03
   5.1524386e-02  -1.3147172e-01   5.6746382e-01  -1.9002264e-02   5.8431679e-03   4.7671630e-03
   3.7770342e-02  -7.7713919e-02   5.7803685e-01  -1.9500467e-02   6.1551221e-03   5.1132585e-03
   6.3623990e-02  -1.4207284e-01   5.9162583e-01  -1.9616726e-02   5.9089172e-03   5.1058372e-03
   4.3531769e-02  -3.9390166e-02   6.0343490e-01  -1.9530828e-02   5.8509801e-03   5.1495019e-03
   5.3043970e-02  -1.2541862e-01   5.9101270e-01  -2.0062586e-02   5.8409779e-03   5.4287147e-03
   4.4090325e-02  -3.5304222e-02   5.7679680e-01  -1.9956175e-02   5.7524597e-03   5.2566496e-03
   5.6066799e-02  -1.0255054e-01   6.1272784e-01  -2.0209740e-02   5.8235399e-03   5.3305723e-03
   4.7060816e-02  -6.0714277e-02   5.9031744e-01  -2.0543739e-02   5.6963267e-03   5.4934075e-03
   7.0675036e-02  -1.3786725e-01   6.3950319e-01  -2.0424634e-02   5.7761858e-03   5.3598035e-03
   5.3123941e-02  -1.0557503e-01   5.9747393e-01  -2.0713288e-02   5.6394677e-03   5.5202981e-03
   4.5810267e-02  -1.4322488e-02   6.2788883e-01  -2.1199336e-02   5.4656209e-03   5.6570809e-03
   5.8599445e-02  -4.1837805e-02   5.8395161e-01  -2.0700223e-02   5.3816488e-03   5.4711554e-03
   4.8859898e-02  -2.5573253e-02   6.1885362e-01  -2.1138190e-02   5.7090847e-03   5.7380011e-03
   6.5567855e-02  -1.1371881e-01   5.9638588e-01  -2.0989495e-02   5.1671104e-03   5.7909345e-03
   6.6184524e-02  -7.8587634e-02   5.9278332e-01  -2.1553219e-02   5.3441092e-03   5.7247530e-03
   6.4947993e-02  -8.5646192e-02   6.1482427e-01  -2.1071425e-02   5.3268507e-03   5.8118172e-03
   6.8999383e-02  -1.1336072e-01   6.4250423e-01  -2.1250160e-02   5.6893366e-03   6.1203893e-03
   5.7008538e-02  -3.2858700e-02   6.2028092e-01  -2.1748946e-02   5.5775903e-03   6.2047433e-03
   7.3116509e-02  -1.5196880e-01   6.1619831e-01  -2.1515769e-02   5.5362459e-03   6.2447941e-03
   5.2049966e-02  -6.5685689e-02   5.8633312e-01  -2.2108651e-02   5.8310143e-03   6.4313023e-03
   5.7303634e-02  -7.0875385e-02   6.2345735e-01  -2.1905431e-02   5.8150177e-03   6.4569582e-03
   8.5429994e-02  -1.7579060e-01   6.1930743e-01  -2.1995164e-02   5.5148987e-03   6.2731344e-03
   8.5006720e-02  -1.9139768e-01   5.9477423e-01  -2.1182770e-02   5.3018334e-03   6.3669800e-03
   6.4875729e-02  -2.7479039e-02   6.4727905e-01  -2.1788867e-02   5.5398743e-03   6.3949031e-03
   8.2367150e-02  -1.5841495e-01   6.9677741e-01  -2.1498351e-02   5.8273417e-03   6.3759491e-03
   8.0273281e-02  -1.1871144e-01   6.7583022e-01  -2.1264867e-02   5.8228389e-03   6.3780205e-03
   8.3156636e-02  -1.1994654e-01   7.1508048e-01  -2.1518429e-02   6.0586010e-03   6.4386710e-03
   8.7413341e-02  -1.2493202e-01   6.9911608e-01  -2.1481170e-02   5.8628278e-03   6.4507789e-03
   9.6766468e-02  -1.4191915e-01   7.4470520e-01  -2.1665429e-02   5.8175044e-03   6.4187123e-03
   9.4219164e-02  -1.6833936e-01   7.0716938e-01  -2.2211266e-02   6.0888884e-03   6.6976396e-03
   8.6602120e-02  -6.2161069e-02   7.1939335e-01  -2.2012691e-02   6.3017951e-03   6.5521258e-03
   9.5821022e-02  -1.2850689e-01   7.2144187e-01  -2.2446965e-02   6.3022159e-03   6.6123728e-03
   8.9172093e-02  -1.5375203e-01   6.9426401e-01  -2.2484512e-02   6.3955860e-03   6.7087086e-03
   9.0978688e-02  -1.0583021e-01   7.0361225e-01  -2.1959788e-02   6.1421043e-03   6.6365745e-03
   1.0270923e-01  -1.4802800e-01   7.6002874e-01  -2.2174659e-02   6.4937541e-03   6.6087928e-03
   8.6543158e-02  -9.2857938e-02   7.0912538e-01  -2.1991855e-02   6.5823140e-03   6.8352885e-03
   1.0531873e-01  -1.5414193e-01   7.4675605e-01  -2.1946113e-02   6.5157138e-03   6.7862445e-03
   1.0127546e-01  -2.0443656e-01   7.1357568e-01  -2.1967076e-02   6.5588983e-03   6.6734536e-03
   1.0189004e-01  -1.9841418e-01   7.5746326e-01  -2.2400646e-02   6.7565967e-03   6.8728269e-03
   1.1867595e-01  -2.8274450e-01   6.9925586e-01  -2.1491325e-02   6.1614900e-03   6.9480532e-03
   1.2491021e-01  -3.4120012e-01   7.9309532e-01  -2.0137263e-02   6.2249933e-03   7.3092373e-03
   1.1092925e-01  -1.3861516e-01   7.9374157e-01  -2.1279018e-02   6.3328661e-03   6.7745407e-03
   9.6749509e-02  -8.5510836e-02   7.7270675e-01  -2.1280613e-02   6.2837916e-03   6.2098621e-03
   1.2584447e-01  -2.2574060e-01   7.7622782e-01  -2.2049904e-02   6.8997338e-03   6.1565283e-03
   1.3263061e-01  -2.1452544e-01   8.5298741e-01  -2.1815987e-02   7.2161619e-03   6.3157003e-03
   1.5307921e-01  -2.9204159e-01   8.7817828e-01  -2.2403980e-02   7.0271954e-03   6.4535724e-03
   1.5325619e-01  -2.7285005e-01   8.5301621e-01  -2.1958821e-02   6.7323706e-03   6.4070393e-03
   1.3857308e-01  -2.1940170e-01   8.9136518e-01  -2.2278645e-02   7.1156604e-03   6.5589537e-03
   1.5118565e-01  -2.5159131e-01   9.2737953e-01  -2.2525913e-02   7.0196583e-03   6.6729280e-03
   1.6424854e-01  -3.4213836e-01   9.0730259e-01  -2.2462561e-02   7.0341934e-03   6.6556605e-03
   1.4524198e-01  -2.0199607e-01   9.1105050e-01  -2.2197698e-02   7.7572506e-03   6.7936717e-03
   1.6096247e-01  -3.0396104e-01   8.7797523e-01  -2.2923273e-02   7.3482241e-03   6.8092388e-03
   1.4344551e-01  -3.0808487e-01   8.5935667e-01  -2.3084954e-02   7.4051863e-03   6.9405144e-03
   1.3656332e-01  -1.8180761e-01   8.8593029e-01  -2.3506589e-02   7.4375678e-03   6.9931878e-03
   1.5855641e-01  -2.9975496e-01   9.0436570e-01  -2.3004339e-02   7.2649837e-03   6.7291526e-03
   1.4149545e-01  -2.6821038e-01   8.9383667e-01  -2.3513671e-02   7.9104160e-03   7.0373646e-03
   1.5284551e-01  -2.6259758e-01   9.1714661e-01  -2.4097515e-02   7.6862809e-03   7.0822262e-03
   1.5272856e-01  -3.6911606e-01   8.4340150e-01  -2.4618232e-02   7.7295971e-03   7.1966686e-03
   1.3788887e-01  -2.1771247e-01   8.9938130e-01  -2.4100907e-02   7.7094060e-03   7.1497046e-03
   1.5476471e-01  -3.0808874e-01   9.0038083e-01  -2.4379220e-02   7.9373220e-03   7.1942475e-03
   1.4959646e-01  -3.2929569e-01   8.6317844e-01  -2.4355863e-02   7.9384356e-03   7.1416210e-03
   1.5619116e-01  -3.1089784e-01   9.1583767e-01  -2.4544737e-02   7.9703966e-03   7.1098553e-03
   1.4573207e-01  -3.0840854e-01   8.6211069e-01  -2.4051619e-02   7.7051446e-03   7.1532606e-03
   1.4504125e-01  -2.6327216e-01   8.9552549e-01  -2.4334184e-02   7.6041795e-03   7.1195751e-03
   1.3796496e-01  -2.1689081e-01   9.2453732e-01  -2.4679697e-02   7.8327503e-03   7.0800499e-03
   1.4777906e-01  -2.9021515e-01   8.8399380e-01  -2.4825929e-02   7.2240396e-03   7.1497456e-03
   1.4470971e-01  -2.5284673e-01   9.3270910e-01  -2.4378233e-02   7.8265594e-03   7.0188572e-03
   1.4609785e-01  -2.5942636e-01   9.0002130e-01  -2.4656955e-02   7.9339505e-03   7.1263069e-03
   1.4909915e-01  -2.5814584e-01   9.1494136e-01  -2.4622805e-02   7.6222317e-03   7.0420261e-03
   1.4930469e-01  -2.5727019e-01   9.0405148e-01  -2.5189056e-02   7.7167601e-03   7.2265887e-03
   1.5182921e-01  -2.6531514e-01   8.7928758e-01  -2.4696078e-02   7.3696995e-03   7.0858081e-03
   1.4421303e-01  -2.2538692e-01   9.0521537e-01  -2.4957227e-02   7.6579494e-03   7.3665031e-03
   1.4057932e-01  -2.1514826e-01   9.0266222e-01  -2.4945292e-02   7.7217297e-03   7.4481639e-03
   1.6755869e-01  -3.3701880e-01   9.1904977e-01  -2.5110086e-02   7.6683591e-03   7.3612372e-03
   1.4572244e-01  -2.4576341e-01   9.0582975e-01  -2.5504838e-02   7.8067014e-03   7.5964244e-03
   1.5780655e-01  -3.0376428e-01   9.2132113e-01  -2.5616827e-02   7.5748904e-03   7.5273544e-03
   1.5284200e-01  -3.1228700e-01   8.8390450e-01  -2.5476042e-02   7.6020218e-03   7.6777994e-03
   1.4830907e-01  -2.5260136e-01   9.1951223e-01  -2.5738781e-02   7.6226868e-03   7.8186560e-03
   1.5506655e-01  -2.5975272e-01   8.9828213e-01  -2.5738604e-02   7.3997726e-03   7.7660633e-03
   1.5082075e-01  -2.7389480e-01   9.2525008e-01  -2.5692596e-02   7.4818702e-03   7.8774012e-03
   1.6071571e-01  -3.0940248e-01   8.9175814e-01  -2.5858147e-02   7.3888285e-03   7.8361806e-03
   1.6276925e-01  -3.5821405e-01   9.2926787e-01  -2.5625931e-02   7.3470171e-03   7.8575925e-03
   1.5099541e-01  -3.2826847e-01   8.8625492e-01  -2.6199538e-02   7.4542609e-03   8.0758226e-03
   1.5243720e-01  -2.8631599e-01   9.0083272e-01  -2.6293516e-02   7.4283557e-03   7.7732125e-03
   1.5705062e-01  -3.5992924e-01   9.2244928e-01  -2.5800122e-02   7.6064301e-03   7.7970883e-03
   1.5513562e-01  -2.9544973e-01   9.3622256e-01  -2.6432777e-02   7.6684808e-03   7.8225232e-03
   1.6170382e-01  -3.4681879e-01   8.9730662e-01  -2.5224906e-02   7.2752429e-03   7.7411422e-03
   1.4861639e-01  -3.1030880e-01   8.8699699e-01  -2.4765075e-02   7.4616040e-03   8.0423762e-03
   1.6134491e-01  -3.0022228e-01   9.0160597e-01  -2.5173439e-02   7.4694688e-03   7.7606798e-03
   1.5128479e-01  -2.7309897e-01   9.1938307e-01  -2.5039517e-02   7.5915553e-03   7.6947065e-03
   1.5343996e-01  -3.2683935e-01   9.4821777e-01  -2.5241468e-02   7.6474516e-03   7.7961771e-03
   1.6671210e-01  -3.7654480e-01   9.5216984e-01  -2.5231507e-02   7.4514269e-03   7.7305406e-03
   1.6786725e-01  -3.5065125e-01   9.7564196e-01  -2.4651363e-02   7.4949874e-03   7.6448216e-03
   1.5848003e-01  -3.2799030e-01   9.6245370e-01  -2.4534379e-02   7.3993764e-03   7.7761892e-03
   1.6695092e-01  -4.0620864e-01   1.0041037e+00  -2.3437917e-02   7.5337011e-03   6.9740067e-03
   1.4966171e-01  -3.9161395e-01   9.7069552e-01  -2.3392396e-02   7.6987186e-03   6.7513862e-03
   1.4614409e-01  -3.6192344e-01   1.0386006e+00  -2.3315637e-02   7.7903231e-03   6.6958737e-03
