   0.0000000e+00   0.0000000e+00   0.0000000e+00   0.0000000e+00   0.0000000e+00   0.0000000e+00
  -9.7203515e-03  -4.7469874e-02   2.5996844e-02   1.3138674e-04   1.4437297e-04   1.7375625e-04
  -7.5342885e-03  -2.1054930e-02   1.3125325e-03   2.9312285e-04   2.5943592e-05   5.7521104e-05
  -2.1078181e-03  -1.9031611e-04   1.1089620e-02   1.1618666e-03  -7.1608766e-05   2.1086304e-04
  -6.8840514e-03  -5.9164794e-02  -8.4716680e-03   9.2816075e-04  -8.1666797e-05   7.9925351e-05
  -7.9024544e-03  -2.3073918e-02   1.5804329e-02   1.4677312e-03   2.3300712e-04   9.9207064e-05
  -4.8838354e-03  -6.5935694e-02   3.0019321e-02   9.7327479e-04  -9.8218501e-05   2.4463696e-04
  -3.7231430e-02  -4.3609058e-02   5.4755856e-02   1.6783451e-03   1.1103069e-04   6.2904624e-04
  -2.2372845e-02  -9.1121648e-02   3.7352951e-02   1.7004336e-03  -7.4405396e-05   4.4684281e-04
  -8.9437670e-03  -3.0466704e-02  -1.9649180e-02   1.0210190e-03  -1.7762054e-04  -2.1333683e-04
  -1.8152363e-02  -7.7851949e-02   5.1898820e-02   1.7756365e-03  -9.4845306e-05   3.6939626e-04
   8.8845072e-03  -8.6593851e-02   5.2783124e-03   1.5210826e-03  -4.2215527e-04  -1.1583525e-04
  -9.3225092e-03  -4.3493924e-02   1.3498435e-02   1.1515287e-03  -1.8961618e-04  -2.1830015e-04
   1.9072950e-03  -8.5433254e-02   1.1044027e-01   1.8135383e-03  -7.6581019e-04  -4.1037859e-05
  -5.5020643e-03  -1.0704023e-01   9.1391638e-02   2.0693424e-03  -7.1087631e-04   6.6195794e-06
   2.5523588e-03  -3.6193261e-02   8.2423168e-02   2.3909647e-03  -8.4746401e-04  -1.8695920e-05
   7.7148245e-03  -1.3441490e-01   1.1182568e-01   2.4573074e-03  -9.7284844e-04  -1.3147796e-04
   6.0169447e-03  -1.0839863e-01   9.7590976e-02   2.4527828e-03  -9.6061910e-04  -2.9865399e-04
   1.0948117e-02  -8.9599540e-02   1.0103569e-01   3.0761774e-03  -1.0172308e-03  -2.0124679e-04
   4.1702590e-02  -1.8464650e-01   1.6905071e-01   3.1638331e-03  -1.6892951e-03  -2.9477845e-04
   2.7536735e-02  -1.2315923e-01   1.3162474e-01   3.2219267e-03  -1.3970542e-03  -3.1524061e-04
   2.4035863e-02  -1.3629455e-01   1.5227463e-01   3.5617946e-03  -1.2973555e-03  -2.7931584e-04
   4.3517465e-02  -1.9885016e-01   1.7206485e-01   3.4868327e-03  -1.9761687e-03  -4.5380655e-04
   4.5849168e-02  -1.3445986e-01   1.5736167e-01   3.3996249e-03  -2.0747165e-03  -6.2497356e-04
   4.5573401e-02  -1.1481785e-01   1.5601475e-01   3.8328387e-03  -2.3629224e-03  -5.8038115e-04
   1.0383008e-02  -1.1989110e-01   1.0793826e-01   2.9237069e-03  -1.7650970e-03  -2.9039279e-04
   4.6738417e-02  -1.7141347e-01   1.8872967e-01   3.5419508e-03  -2.2244543e-03  -6.4655840e-04
   5.8961890e-02  -2.0892382e-01   1.8829607e-01   3.2845025e-03  -2.5124972e-03  -7.0934092e-04
   4.7964158e-02  -1.2500093e-01   1.5234879e-01   3.7831165e-03  -2.4046402e-03  -5.4016204e-04
   3.6975794e-02  -1.2329475e-01   1.4162508e-01   3.9971793e-03  -2.2700990e-03  -4.1662413e-04
   5.4400777e-02  -1.9594612e-01   1.9353146e-01   4.6699894e-03  -2.5652813e-03  -2.9875093e-04
   7.8956982e-02  -2.2979927e-01   2.1288974e-01   4.4626163e-03  -2.9994019e-03  -5.1348501e-04
   5.5708573e-02  -1.7332051e-01   1.7225416e-01   4.2395086e-03  -2.9004383e-03  -3.0356522e-04
   6.0024155e-02  -1.7800411e-01   2.0237258e-01   5.0438430e-03  -3.0619819e-03  -3.7276884e-04
   6.1904812e-02  -2.7311362e-01   2.0535973e-01   4.3576984e-03  -2.9996643e-03  -4.8188592e-04
   4.4422655e-02  -1.9973446e-01   1.9729377e-01   4.6169416e-03  -2.6623176e-03  -5.0604814e-04
   5.4922244e-02  -2.0380917e-01   1.8346461e-01   4.8911192e-03  -2.9354898e-03  -4.0791229e-04
   5.1062332e-02  -2.1218226e-01   1.8465710e-01   4.7911909e-03  -2.8022825e-03  -3.8572591e-04
   5.4334422e-02  -1.8063363e-01   1.7134744e-01   5.6174775e-03  -2.8966029e-03  -2.0623431e-04
   7.7102300e-02  -2.3384082e-01   1.9610583e-01   5.1602302e-03  -3.1386000e-03  -5.4385356e-04
   5.7381287e-02  -2.4554087e-01   2.3853890e-01   5.2387572e-03  -2.9922031e-03  -2.6046064e-04
   3.8810431e-02  -2.0837619e-01   1.7707918e-01   5.3071637e-03  -2.5242382e-03  -2.6164441e-04
   6.2515080e-02  -2.3257523e-01   2.2432979e-01   5.5745544e-03  -2.9461662e-03  -2.8516426e-04
   6.9199735e-02  -2.2978972e-01   1.9612539e-01   5.8184520e-03  -2.9638356e-03  -3.5537610e-04
   7.6453864e-02  -1.9996221e-01   1.9484514e-01   5.7185638e-03  -3.0988947e-03  -3.7768326e-04
   7.4798830e-02  -2.4199979e-01   1.9889557e-01   5.6700490e-03  -3.1552802e-03  -3.1011538e-04
   6.2914940e-02  -1.9471313e-01   1.8105259e-01   5.5880263e-03  -2.8462517e-03  -5.1715786e-04
   3.1674236e-02  -2.3867390e-01   2.5097976e-01   6.1001882e-03  -2.3551031e-03   1.6119283e-04
   3.4076039e-02  -2.5305512e-01   2.3104618e-01   6.4562963e-03  -2.5134512e-03   2.3065303e-04
   7.8695557e-02  -1.6493962e-01   1.6660161e-01   6.0209795e-03  -3.3621788e-03  -2.2699783e-04
   5.1453234e-02  -1.8507519e-01   2.1963904e-01   6.5137104e-03  -2.9239402e-03   3.3834632e-04
   4.7782299e-02  -2.5026876e-01   2.3032754e-01   6.4856251e-03  -2.7816465e-03   2.7569757e-04
   4.9159713e-02  -1.9115215e-01   2.1769286e-01   6.9304784e-03  -2.7349931e-03   2.1111184e-04
   3.9366298e-02  -1.9476232e-01   2.2890394e-01   6.7675764e-03  -2.7066389e-03   3.6653264e-04
   3.9881587e-02  -2.1962684e-01   2.5793493e-01   7.0495928e-03  -2.7196978e-03   3.9073891e-04
   4.2264366e-02  -2.0643287e-01   2.5874088e-01   7.1143408e-03  -2.8029232e-03   4.2190509e-04
   4.1263498e-02  -1.8468222e-01   2.8172884e-01   7.0925147e-03  -2.8000825e-03   5.9498231e-04
   4.8505422e-02  -2.1114022e-01   2.8683357e-01   7.0287928e-03  -2.9688861e-03   5.1127242e-04
   3.3622592e-02  -1.6709110e-01   2.6976176e-01   7.3623643e-03  -2.8223800e-03   6.2544137e-04
   4.2788262e-02  -1.9852898e-01   2.9869086e-01   7.5575754e-03  -3.0533386e-03   7.0291485e-04
   3.4943428e-02  -2.1648635e-01   2.8756548e-01   7.5710291e-03  -2.8679083e-03   6.4407796e-04
   4.4595220e-02  -2.1129285e-01   3.4123600e-01   8.2035606e-03  -3.2089949e-03   7.6326183e-04
   4.0776736e-02  -2.1625264e-01   3.4939672e-01   8.2101252e-03  -3.1373112e-03   8.5516710e-04
   4.1406019e-02  -1.7219746e-01   3.6308113e-01   8.1570456e-03  -3.1878909e-03   8.8891390e-04
   4.6190417e-02  -2.0645193e-01   3.8191683e-01   8.3098708e-03  -3.2872589e-03   7.5761908e-04
   4.8714987e-02  -1.9130366e-01   4.0504354e-01   8.4843118e-03  -3.3570261e-03   6.8407287e-04
   4.9963665e-02  -2.0634664e-01   4.1079359e-01   8.6245983e-03  -3.4096270e-03   6.9623053e-04
   5.4910906e-02  -1.8997641e-01   4.4458569e-01   8.6847944e-03  -3.5066487e-03   8.0364555e-04
   5.2705070e-02  -2.0721637e-01   4.4071582e-01   8.8079069e-03  -3.5156323e-03   8.5899984e-04
   4.3620486e-02  -1.8793155e-01   4.9742166e-01   8.9179451e-03  -3.3633441e-03   1.0632614e-03
   4.8941344e-02  -2.0885915e-01   4.5415724e-01   8.9215659e-03  -3.5400859e-03   9.5985745e-04
   7.1386120e-02  -1.4273912e-01   6.3940965e-01   9.0031501e-03  -3.6514089e-03   8.4076491e-04
   4.4221589e-02  -1.0016289e-01   7.2367880e-01   7.9871006e-03  -3.1624622e-03   1.4792673e-03
   2.8205911e-02  -1.9452555e-01   5.4809066e-01   9.0639473e-03  -3.1988264e-03   1.3072384e-03
   3.2365598e-02  -1.2796274e-01   7.0776523e-01   8.5717731e-03  -3.0667969e-03   1.5469087e-03
   5.5027845e-02  -1.5834363e-01   6.5836187e-01   8.8749470e-03  -3.5334464e-03   1.0100739e-03
   6.1860624e-02  -1.1109058e-01   8.0610854e-01   8.6142481e-03  -3.4379143e-03   1.2932002e-03
   4.7717443e-02  -1.0129022e-01   7.8992967e-01   8.5076220e-03  -3.3227281e-03   1.4981710e-03
  -3.6396394e-02  -4.1050085e-02   9.7747512e-01   7.9984972e-03  -1.7176252e-03   2.4430088e-03
  -4.6408311e-02  -1.4938425e-02   1.0105331e+00   7.8207915e-03  -1.5857819e-03   2.7598361e-03
  -9.9329735e-02   1.6506233e-01   1.3734424e+00   5.9455117e-03  -3.6529148e-05   3.4771968e-03
  -5.1596145e-02   3.0445401e-01   1.6534475e+00   4.7598120e-03  -2.8111976e-04   3.2760586e-03
  -9.2300434e-02  -2.0366210e-01   2.2262347e+00   1.2436148e-03  -3.8306826e-03   1.3748750e-03
   5.8057201e+00   3.6110390e+00   2.0091938e+01   6.6420531e-02  -2.6724043e-01  -7.3968665e-02
   7.2067236e-01   9.6994814e+00   1.3948170e+00  -1.1938256e-01  -3.0011575e-02   5.1456104e-03
   4.6696276e+00  -3.4251582e+00  -2.7514853e+01  -1.4154605e-01  -7.7790918e-03  -6.0047978e-02
   2.6847728e-01  -6.5883217e-01  -3.9835409e+00  -1.0858495e-02  -1.3296104e-02  -3.2616160e-03
  -4.9566413e-02  -7.4191489e-01   6.0837811e-02   6.8763905e-03  -1.9947462e-03   1.2113281e-03
  -2.1086698e-02  -4.1441550e-01   2.5231241e-01   3.2545092e-03  -2.8763361e-03   1.2373057e-03
  -1.5369433e-01  -6.2526301e-01   7.1524977e-01   9.1710611e-03  -8.8097295e-04   2.6490920e-03
  -1.7291419e-01  -4.9075436e-01   6.9367729e-01   7.3325116e-03  -1.0122948e-03   2.9705623e-03
  -1.9164266e-01  -3.7695319e-01   1.5104459e+00   7.1444154e-03   1.1155082e-03   3.6265054e-03
  -1.8848878e-01  -1.8021880e-01   1.5097226e+00   2.8301334e-03   4.9794744e-04   3.9221553e-03
  -1.2814687e-01  -5.6460223e-01   2.9249788e+00  -2.0671730e-03  -1.2891818e-03   3.3867503e-03
  -1.0399168e-01   3.2557050e+00  -2.6080832e+00  -7.4824901e-02  -1.0641256e-02   8.6544286e-03
  -5.0700067e-01   1.5477926e+00   2.0485534e+01  -2.0234729e-01   6.6516209e-02   1.9176687e-02
  -2.1986467e+00   3.3523273e+00  -2.9078729e+01  -1.7934416e-01  -3.4634672e-02  -4.1696482e-02
  -4.7641523e-01   1.9192457e+00   2.0643207e+01  -2.0219790e-01   6.3056275e-02   2.1015226e-02
  -2.4121312e+00   2.9810016e+00  -2.9436553e+01  -1.7638334e-01  -3.0685528e-02  -4.0840960e-02
  -5.6026365e-01   1.9671085e+00   2.0279864e+01  -2.0134478e-01   6.4391144e-02   1.6793049e-02
  -2.1463901e+00   2.9273679e+00  -2.9102383e+01  -1.8160038e-01  -3.7618653e-02  -4.2840348e-02
  -6.3183175e-01   1.8907583e+00   1.9870531e+01  -2.0589831e-01   7.1363230e-02   1.2273831e-02
  -2.1020152e+00   2.9143074e+00  -2.9018241e+01  -1.8316415e-01  -3.9994631e-02  -4.0633487e-02
  -4.5014422e-01   1.7271390e+00   1.9689505e+01  -2.1524503e-01   7.8937301e-02   5.4613899e-03
  -1.7543131e+00   2.8142763e+00  -2.8780479e+01  -1.8546791e-01  -4.2746483e-02  -3.7345892e-02
  -6.1539574e-01   1.8685659e+00   1.9033927e+01  -2.1537548e-01   8.1350018e-02   3.2877916e-04
  -1.1056617e+00   3.1339902e+00  -2.7897393e+01  -1.9810528e-01  -5.7180515e-02  -4.3534715e-02
  -6.0104350e-01   1.9492878e+00   1.8704080e+01  -2.1596297e-01   8.0580633e-02  -3.3414986e-03
  -5.4755139e-01   3.4348484e+00  -2.7192936e+01  -2.0826550e-01  -6.9319176e-02  -4.7784456e-02
  -7.2142930e-01   1.9709069e+00   1.8239206e+01  -2.1731409e-01   8.3843601e-02  -7.9592986e-03
  -1.8551912e-01   3.6659176e+00  -2.6568790e+01  -2.1868489e-01  -8.0017190e-02  -5.2474337e-02
  -7.7538048e-01   2.0373407e+00   1.7853125e+01  -2.1881969e-01   8.4793433e-02  -9.1625232e-03
   1.4917310e+00   6.3063617e+00  -2.3768283e+01  -2.6750778e-01  -1.1777571e-01  -2.0737531e-02
  -8.7865170e-01   2.2090429e+00   1.7569151e+01  -2.1925577e-01   8.6450877e-02  -7.3121195e-03
   5.0712827e+00   1.1910426e+01  -1.7046964e+01  -3.8343690e-01  -1.7977625e-01   1.0267547e-02
  -9.0126037e-01   2.2470075e+00   1.7152102e+01  -2.2100838e-01   8.6434095e-02  -7.0882021e-03
   5.4990564e+00   1.2940731e+01  -1.5272453e+01  -4.1541924e-01  -1.8784831e-01   1.5768051e-02
  -1.0002527e+00   2.4085760e+00   1.6736140e+01  -2.2166463e-01   8.7271424e-02  -8.8477753e-03
   5.3696025e+00   1.3396390e+01  -1.3904702e+01  -4.4121514e-01  -1.8646968e-01   1.3418591e-02
  -1.0816049e+00   2.4748914e+00   1.6297611e+01  -2.2328553e-01   8.7607450e-02  -9.1661001e-03
   4.6705014e+00   1.3679671e+01  -1.3940682e+01  -4.4911443e-01  -1.7905658e-01   2.1999252e-02
  -1.2687005e+00   2.5549250e+00   1.5861994e+01  -2.2438690e-01   9.0550364e-02  -1.1673373e-02
   4.5745941e+00   1.3723079e+01  -1.3297898e+01  -4.6213352e-01  -1.7454402e-01   1.3494437e-02
  -1.2380318e+00   2.6189928e+00   1.5347776e+01  -2.2509991e-01   8.8165527e-02  -1.4910402e-02
   4.3064966e+00   1.3866114e+01  -1.2804761e+01  -4.7571873e-01  -1.6966483e-01   1.1556420e-02
  -1.1838517e+00   2.7110213e+00   1.4779029e+01  -2.2675464e-01   8.4222508e-02  -1.5615793e-02
   4.2697906e+00   1.3861805e+01  -1.2072016e+01  -4.8571979e-01  -1.6318096e-01   4.2650093e-03
  -8.5412668e-01   2.6807971e+00   1.3885683e+01  -2.2303778e-01   7.0875381e-02  -2.1046017e-02
   4.7295911e+00   1.3680528e+01  -1.2782445e+01  -4.6107891e-01  -1.5754046e-01  -6.9792292e-03
  -4.8492449e-01   2.7141375e+00   1.3010184e+01  -2.2110660e-01   5.9281660e-02  -2.4577751e-02
   4.4019969e+00   1.3822194e+01  -1.2492159e+01  -4.7240828e-01  -1.5338271e-01  -5.5253478e-03
  -1.2529874e-01   2.7141959e+00   1.2103110e+01  -2.1824320e-01   4.9426546e-02  -2.6319551e-02
   2.4395112e+00   1.4763313e+01  -1.0704617e+01  -5.4540535e-01  -1.3675029e-01   7.4081433e-03
   5.6313005e-02   2.5148780e+00   1.1231540e+01  -2.1269019e-01   4.4405518e-02  -2.5646819e-02
   2.2191012e+00   1.4805822e+01  -1.0542411e+01  -5.5663623e-01  -1.3385318e-01   6.3589901e-03
   2.1481151e-01   2.6359758e+00   1.0412717e+01  -2.1200862e-01   4.0320804e-02  -3.0463870e-02
   1.6057740e+00   1.3508679e+01  -1.0157247e+01  -5.6644900e-01  -1.3380230e-01   2.5038442e-02
   6.4680123e-01   2.6177968e+00   9.4499793e+00  -2.1413575e-01   3.4420265e-02  -2.9055312e-02
   1.5373369e+00   1.3482518e+01  -1.0487977e+01  -5.7635078e-01  -1.3444150e-01   2.4808481e-02
   8.1241120e-01   2.7030193e+00   8.6221194e+00  -2.1688033e-01   3.0568815e-02  -3.0092068e-02
   1.4171002e+00   1.3342115e+01  -1.0822690e+01  -5.8660018e-01  -1.3548363e-01   2.5371097e-02
   8.0261513e-01   3.0338489e+00   7.9211779e+00  -2.2002717e-01   2.8347710e-02  -3.0605479e-02
   1.1636345e+00   1.2615709e+01  -1.0034235e+01  -5.7649956e-01  -1.2476524e-01   2.9153931e-02
   8.5032320e-01   3.1348980e+00   7.1846303e+00  -2.2537423e-01   3.0515393e-02  -3.5670843e-02
   1.1497857e+00   1.2549642e+01  -1.0980966e+01  -5.9514527e-01  -1.2987552e-01   2.6117735e-02
   1.0147124e+00   3.3963887e+00   6.3846615e+00  -2.3105751e-01   2.8763908e-02  -3.8224227e-02
   1.0575534e+00   1.2025765e+01  -1.0785370e+01  -5.9389545e-01  -1.2450976e-01   2.6593749e-02
   1.0782722e+00   1.3941162e+00   4.9596406e+00  -2.4446904e-01   2.7786577e-02  -3.3189688e-02
   9.1878097e-01   1.1629240e+01  -1.1201777e+01  -6.0360398e-01  -1.2222348e-01   2.5636955e-02
   8.1461847e-01   3.2199563e+00   4.9437480e+00  -2.3806644e-01   2.3361650e-02  -2.2663022e-02
   8.1384021e-01   1.1168160e+01  -1.1685972e+01  -6.1357327e-01  -1.2023275e-01   2.4524536e-02
   9.4636127e-01   1.7092549e+00   4.0994959e+00  -2.5365903e-01   2.4879234e-02  -2.9709530e-02
  -8.2269632e-02   1.0128618e+01  -1.3829214e+01  -6.4919425e-01  -1.2004212e-01   2.8800339e-02
   9.0731130e-01   4.3241811e+00   4.1832215e+00  -2.4630192e-01   2.0465566e-02  -2.3572591e-02
   2.6749382e-02   9.7828147e+00  -1.3479485e+01  -6.4568563e-01  -1.1234336e-01   2.5777849e-02
   8.8151360e-01   3.0275459e+00   3.4163043e+00  -2.5956842e-01   2.3753720e-02  -2.9539128e-02
   1.7434596e-01   9.3327084e+00  -1.3296264e+01  -6.4371868e-01  -1.0689436e-01   2.4055250e-02
   9.2593881e-01   5.1970057e+00   3.2134153e+00  -2.5964671e-01   2.1660294e-02  -3.3231267e-02
  -3.1404289e-01   8.3199614e+00  -1.4370633e+01  -6.6103784e-01  -9.9771798e-02   2.4752974e-02
   9.1040038e-01   6.1304943e+00   2.7304350e+00  -2.5759586e-01   1.1805468e-02  -1.5025619e-02
  -4.0119163e+00   1.3513330e+00  -1.9654939e+01  -7.0914905e-01  -7.2725394e-02   4.1851253e-02
   8.8170888e-01   6.8365021e+00   2.2746240e+00  -2.6740109e-01   1.2787668e-02  -1.5723142e-02
  -6.6721012e+00  -5.3221223e+00  -2.1882294e+01  -7.0652573e-01  -4.6732494e-02   5.1922163e-02
   6.5941617e-01   7.1287503e+00   1.5065594e+00  -2.8130270e-01   1.2655108e-02  -1.6375741e-02
  -7.0795855e+00  -6.8942047e+00  -2.2426656e+01  -7.1023024e-01  -3.5833274e-02   5.4815352e-02
   7.4640524e-01   8.9180472e+00   1.1032472e+00  -2.9258132e-01   1.1666918e-02  -1.9466749e-02
  -7.7857764e+00  -8.3146756e+00  -2.2824200e+01  -7.1377024e-01  -2.7645841e-02   6.0771293e-02
   8.6023669e-01   8.9575762e+00   5.0170138e-01  -2.8969276e-01   5.2961869e-03  -1.6422096e-02
  -4.7638846e+00  -1.2606603e+00  -1.9844035e+01  -7.1197022e-01  -3.1894525e-02   3.9904421e-02
   7.3431119e-01   9.5858102e+00   4.9926873e-02  -2.9765862e-01   5.1942998e-03  -1.6018687e-02
  -8.9010088e+00  -1.0151406e+01  -2.3609396e+01  -7.2470820e-01  -1.7205315e-02   7.4086503e-02
   5.3967797e-01   1.0847132e+01  -3.0644789e-01  -3.1814295e-01   8.8833189e-03  -1.9409520e-02
  -9.2529485e+00  -1.0677447e+01  -2.4047223e+01  -7.3316424e-01  -1.6100913e-02   8.3657806e-02
   4.3090169e-01   1.1043085e+01  -6.3993725e-01  -3.2026931e-01   7.1289471e-03  -1.8705097e-02
  -3.4465177e+00   5.8564040e+00  -1.6935544e+01  -7.4095069e-01  -2.9203710e-02   2.7096098e-02
   6.3195264e-01   1.1005968e+01  -1.1871301e+00  -3.1871163e-01  -1.1909172e-03  -1.6966980e-02
  -3.9393604e+00   4.9190575e+00  -1.7156268e+01  -7.4036624e-01  -1.9041873e-02   3.7122546e-02
   1.1699906e+00   4.9300069e+00  -2.3217248e+00  -1.7480714e-01  -2.0646177e-02  -9.6791062e-03
  -4.8117796e+00   3.8585959e+00  -1.7292759e+01  -7.3395049e-01  -5.2880941e-03   4.5243114e-02
   4.5304399e-01   1.1648388e+01  -1.6697340e+00  -3.2654783e-01  -2.9910598e-04  -2.1797236e-02
  -6.5047985e+00   3.0673883e+00  -1.7276659e+01  -7.3717393e-01   1.6699743e-02   5.5292225e-02
   7.0113647e-01   1.1614698e+01  -2.0375724e+00  -3.2377360e-01  -6.9471592e-03  -2.1884719e-02
  -7.5041210e+00   1.9387712e+00  -1.7351881e+01  -7.3331601e-01   2.2699225e-02   6.9727057e-02
   1.0167949e+00   1.0949360e+01  -2.6673846e+00  -3.0839587e-01  -1.6726931e-02  -2.1220827e-02
  -8.5239475e+00   6.0113499e-01  -1.7637643e+01  -7.2980792e-01   2.9763776e-02   8.0136595e-02
   1.3199717e+00   9.1974987e+00  -3.6445462e+00  -2.6631047e-01  -2.4605771e-02  -1.9919669e-02
  -9.4415192e+00  -6.9801408e-01  -1.8024672e+01  -7.2858444e-01   3.5285124e-02   9.1244933e-02
   1.4093737e+00   8.6762951e+00  -3.9624026e+00  -2.5119053e-01  -2.7214563e-02  -2.0073610e-02
  -9.3562111e+00  -4.4762253e+00  -2.0231830e+01  -7.3382181e-01   3.2523473e-02   1.0008213e-01
   1.4427695e+00   8.5594628e+00  -4.1959231e+00  -2.4703722e-01  -2.8540091e-02  -2.0526736e-02
  -1.0598504e+01  -6.6022059e+00  -2.1107486e+01  -7.3636053e-01   2.8004000e-02   1.1816350e-01
   1.4528856e+00   8.5311056e+00  -4.3693882e+00  -2.4589177e-01  -2.9321442e-02  -2.0930433e-02
  -1.2225424e+01  -8.4919448e+00  -2.2403524e+01  -7.4605227e-01   2.1570859e-02   1.3930842e-01
   1.4617900e+00   8.4769703e+00  -4.4722021e+00  -2.4456675e-01  -3.0274879e-02  -2.0757852e-02
  -1.2290050e+01  -1.1934759e+01  -3.1493730e+01  -8.6125291e-01  -1.6223782e-02   1.3161710e-01
   1.4710297e+00   7.9357449e+00  -4.5886054e+00  -2.2883162e-01  -3.0140113e-02  -1.9966490e-02
  -9.8327738e+00  -6.3881080e+00  -3.7144380e+01  -9.8561779e-01   3.9562093e-02   4.0733598e-02
   1.4181959e+00   6.5988733e+00  -4.4745431e+00  -1.9090524e-01  -2.8427833e-02  -1.8369682e-02
  -6.5524702e+00   1.3823223e+01  -4.4559908e+01  -1.2652464e+00   7.5896944e-02  -5.4969937e-02
   1.2481669e+00   4.9224857e+00  -3.9728875e+00  -1.4344627e-01  -2.4639309e-02  -1.4126734e-02
  -9.0242223e+00   4.7223218e+01  -4.2464893e+01  -1.6981089e+00   7.4417537e-02  -9.4646131e-02
   1.1050760e+00   4.0107325e+00  -3.4633659e+00  -1.1754929e-01  -2.2334001e-02  -1.1183806e-02
  -1.1130974e+00   5.9662043e+01  -3.8650653e+01  -1.8540131e+00  -9.6875419e-02  -1.7352603e-01
   8.6686009e-01   3.0520102e+00  -2.8571667e+00  -9.0617136e-02  -1.7256194e-02  -9.6597703e-03
   3.7406828e+01   6.0767952e+01  -3.6739690e+01  -1.9786125e+00  -5.0757101e-01  -2.8635777e-01
   7.3141693e-01   2.1969717e+00  -2.0695667e+00  -6.6342012e-02  -1.4495326e-02  -7.8096185e-03
   7.2806457e+01   5.5684624e+01  -3.0062954e+01  -2.8373694e+00  -9.0730628e-01  -9.6810457e-01
   4.8540359e-01   1.5046151e+00  -8.6939940e-01  -4.4227821e-02  -9.5029253e-03  -5.0578688e-03
   1.4975786e+01   5.2248605e+01  -9.2357103e+01  -1.2174234e+00  -6.3205965e-01   2.3922902e-02
