   0.0000000e+00  -2.8707708e-14  -3.5527137e-15   0.0000000e+00   0.0000000e+00  -6.9388939e-18
   1.0033504e-02  -1.3308378e-01   3.0558310e-02  -1.9605096e-04  -2.1626899e-04  -2.8121015e-04
   1.9217468e-02  -1.4250413e-01   3.4329073e-02  -7.5416901e-04  -3.0717712e-04  -1.7759301e-04
  -1.9483141e-03  -2.4209821e-02  -1.3288959e-02  -9.4761761e-04   1.2680232e-04  -4.5121065e-04
   1.3492792e-02  -1.6020378e-01  -8.6641439e-02   8.6524331e-04  -4.7097102e-04  -9.4795487e-05
  -5.1674665e-03  -4.0328036e-02  -8.7694776e-02  -3.2805056e-04  -2.6566950e-04  -9.5721242e-05
   2.3275777e-02  -8.4664022e-02  -1.4236531e-01   4.7630681e-04  -4.1363238e-04   7.5739391e-04
   4.6377879e-03  -2.1087321e-01  -2.4344948e-01   1.7760814e-03   3.0009531e-04   4.5297987e-04
   1.7985244e-02  -2.2645493e-01  -4.5455895e-02   1.5530113e-03   7.2941728e-04  -8.9074964e-04
   2.7847458e-02  -1.3487588e-01  -1.9252589e-01   4.0831685e-03   3.2777438e-04  -4.0891508e-04
   1.3183692e-02  -9.3751304e-02  -2.0698054e-01   3.3473140e-03   5.0479385e-04  -6.8064861e-04
   4.3663183e-02  -2.5869899e-01  -8.7099154e-02   3.0067102e-03  -3.4887903e-05  -6.8422786e-04
   1.3669569e-02  -9.7847664e-02  -3.1290226e-01   3.8006576e-03   4.4485368e-04  -7.4589183e-04
   2.6842329e-02  -1.4838874e-01  -1.4297812e-01   2.7884874e-03   6.8185149e-04  -7.1561641e-04
   2.8413221e-02  -1.5786109e-01  -2.4504641e-01   3.6529768e-03   4.1162223e-04  -7.7713315e-04
   2.9453488e-02  -6.8565617e-02  -2.2013739e-01   2.2032288e-03   6.1179981e-04  -8.5815407e-04
   2.8362184e-02  -2.0130740e-01  -3.0430956e-01   2.7992745e-03   6.1096316e-04  -9.7293283e-04
  -1.7099439e-02  -9.5318472e-02  -3.1411914e-01   1.0680241e-03   1.0824366e-03  -1.5264627e-03
  -1.3304936e-02  -9.4743493e-02  -2.2322003e-01   1.3209768e-03   5.0027315e-04  -1.9073753e-03
   8.7546138e-03  -8.6698937e-02  -2.7109443e-01   1.5080437e-03   5.0293842e-04  -1.4537155e-03
   1.4240006e-02  -1.5892776e-01  -1.7467000e-01   1.6955644e-03   5.8422870e-04  -1.4901443e-03
  -9.1973119e-03   2.0091594e-02  -4.4339441e-01   1.0847203e-03   4.5181084e-04  -1.6140439e-03
   2.5095025e-02  -1.7497787e-01  -5.9925987e-02  -2.0585232e-05   1.4770097e-04  -1.7181384e-03
   2.7972919e-02  -1.8592250e-01  -1.9841560e-01   1.8738053e-03   2.2697104e-04  -1.4670138e-03
  -1.6154105e-02   2.1266473e-02  -4.0873665e-01   3.2862623e-03   6.0505443e-04  -1.1583223e-03
   3.8230239e-03  -1.4451438e-01  -3.6650262e-01   3.8312577e-03   8.5599522e-04  -1.0066923e-03
   1.7459317e-02  -1.8645138e-01  -2.7019853e-01   2.8850676e-03   8.2714283e-04  -1.4709030e-03
  -1.0401255e-02  -1.0053337e-01  -5.1058794e-01   4.7322744e-03   1.2331063e-03  -1.4363868e-03
   1.2373221e-02  -1.5079630e-01  -2.8487574e-01   3.0524807e-03   7.7792832e-04  -1.4028265e-03
   6.4258294e-03  -1.6384693e-01  -3.7531584e-01   4.2136289e-03   9.9671711e-04  -1.3999641e-03
   1.1146501e-02  -2.0849652e-01  -1.7742115e-01   3.4331832e-03   1.0113188e-03  -1.5311836e-03
  -3.9535209e-03  -1.5847637e-01  -2.9335582e-01   4.0948166e-03   1.3797672e-03  -1.7403580e-03
  -9.8499058e-03  -1.3170818e-01  -3.6042801e-01   4.2644655e-03   1.2797973e-03  -1.6611875e-03
   5.0422991e-03  -1.6985103e-01  -3.4797512e-01   3.1659373e-03   1.2336967e-03  -1.6306961e-03
  -1.6867113e-02  -6.0833524e-02  -4.8633096e-01   3.3870656e-03   1.0042728e-03  -1.8277333e-03
   6.4459903e-02  -1.3507656e-01  -2.5349570e-01   2.4592408e-03   1.7992304e-04  -4.8911115e-04
   6.4140712e-02  -1.3422026e-01  -2.9187183e-01   3.3312879e-03   3.9731632e-04  -3.6154004e-04
   6.6880310e-02  -1.7415647e-01  -2.8452127e-02   1.9091911e-03   7.1413429e-04  -1.0201336e-03
   8.0995748e-02  -2.2329595e-01  -1.8300278e-01   5.3221052e-03   2.8801954e-05  -7.4260708e-04
   5.6923585e-02  -9.1216162e-02  -2.1377840e-01   3.7446768e-03   1.8862913e-04  -7.4847543e-04
   7.6851771e-02  -2.5904053e-01  -1.4047863e-01   4.2229627e-03   3.5725560e-04  -8.2649611e-04
   6.0878595e-02  -1.2831547e-01  -3.1135200e-01   3.9270846e-03   1.3016114e-04  -7.4971827e-04
   6.0795825e-02  -1.3188562e-01  -1.7630171e-01   2.3021455e-03   6.2827181e-04  -9.2493774e-04
   5.3230573e-02  -1.9660514e-01  -1.9509514e-01   2.1910129e-03   5.4130184e-04  -1.0495824e-03
   3.2604415e-02  -4.4244735e-02  -2.3583105e-01   2.9308113e-03   6.9250955e-04  -1.0303327e-03
   4.1535526e-02  -1.1533156e-01  -2.6400316e-01   2.9914106e-03   7.8018532e-04  -1.0535005e-03
   4.2642449e-02  -1.2604107e-01  -2.6572334e-01   3.1855086e-03   9.2360281e-04  -9.7429183e-04
   3.4648255e-02  -1.5339160e-01  -3.0629104e-01   3.6906877e-03   8.4630833e-04  -9.8994956e-04
   3.5024261e-02  -1.3197088e-01  -2.9661956e-01   3.5791718e-03   1.0653230e-03  -9.5542659e-04
   6.0222899e-02  -1.9865860e-01  -2.3609795e-01   3.9006102e-03   4.2986965e-04  -9.8112218e-04
   4.4780118e-02  -1.1795801e-01  -3.1167785e-01   4.3154441e-03   3.6023955e-04  -9.4922212e-04
   5.8563326e-02  -1.2066115e-01  -1.8615028e-01   3.2390906e-03   6.1406207e-05  -9.6018320e-04
   3.4051651e-02  -7.4637767e-02  -3.2229812e-01   4.0445089e-03   6.0148099e-04  -1.0523563e-03
   4.1224123e-02  -1.4699920e-01  -2.8975393e-01   3.5701002e-03   4.7856760e-04  -7.4264633e-04
   4.2262393e-02  -1.2290641e-01  -2.8045657e-01   4.1598103e-03   2.8791409e-04  -4.8225902e-04
   4.2026086e-02  -1.3119845e-01  -2.1000948e-01   3.8161969e-03   3.8946346e-04  -4.4881649e-04
   3.9554254e-02  -1.3046454e-01  -3.2739677e-01   4.5585887e-03   4.1690461e-04  -3.9154875e-04
   5.2754509e-02  -8.7069481e-02  -2.4812922e-01   3.3841403e-03   3.7647151e-04  -5.0439170e-04
   4.7305060e-02  -1.1456264e-01  -3.0666550e-01   3.3474372e-03   9.8671029e-04  -4.8221010e-04
   5.0911852e-02  -1.1056762e-01  -2.9556617e-01   3.7540084e-03   5.1733615e-04  -4.8038868e-04
   4.3332572e-02  -1.3464040e-01  -2.8744409e-01   3.6799931e-03   8.2184567e-04  -3.4240549e-04
   5.0128395e-02  -1.7974616e-01  -3.1579284e-01   3.8897738e-03   5.6519540e-04  -1.3669857e-05
   5.0570260e-02  -1.3895260e-01  -2.5623287e-01   3.4374867e-03   7.6727272e-04  -8.6639491e-05
   5.6075060e-02  -1.9718618e-01  -2.6653821e-01   4.0209118e-03   4.3024932e-04  -3.6641736e-06
   5.8177480e-02  -9.1063149e-02  -2.5539355e-01   3.2127788e-03   4.0850707e-04  -1.1609882e-05
   8.2544527e-02  -2.0615111e-01  -8.7254765e-02   2.6604179e-03   5.6060204e-05   3.0061760e-04
   7.4370839e-02  -2.2221980e-01  -2.5427036e-01   5.1659746e-03   6.9604093e-04   2.5262500e-04
   3.5590544e-02  -4.9795886e-02  -4.2691516e-01   7.8423980e-03   5.3529246e-04   5.0712630e-04
   6.1627683e-02  -2.4369675e-01  -1.6067531e-01   5.4529390e-03   6.8692973e-04   6.1945855e-04
   5.5303826e-02  -2.5599573e-01  -2.1947244e-01   6.9532226e-03   2.7480758e-04   3.3881226e-04
   6.0799591e-02  -1.8280381e-01  -5.7114061e-02   5.1719419e-03   3.0991892e-04   6.1951144e-04
   7.2590461e-02  -2.2241308e-01  -5.0215640e-02   4.0900544e-03   7.5804491e-04   5.4081479e-04
   4.6768721e-02  -1.0431972e-01  -1.7566432e-01   3.8067542e-03   1.1336195e-03   3.9645665e-04
   6.7279985e-02  -1.8992324e-01  -3.2020274e-02   4.2632749e-03   7.2336026e-04   5.2056575e-04
   4.1783674e-02  -7.3214659e-02  -2.3789810e-01   3.6497426e-03   1.0539847e-03   2.3657278e-04
   2.9540696e-02  -1.4250053e-01  -2.4877269e-01   3.9197906e-03   1.0493933e-03   2.6119586e-04
   4.3339555e-02  -1.6798038e-01  -2.1590884e-01   3.3199049e-03   6.1139169e-04   2.5704733e-04
   5.5767570e-02  -2.3544170e-01  -9.7721002e-02   3.7308179e-03   5.8092770e-04   3.7652949e-04
   2.3152923e-02  -1.3698291e-01  -1.4621696e-01   3.5517593e-03   4.3087667e-04   1.3905835e-04
   4.4331327e-02  -1.1162118e-01  -1.1737630e-01   2.1373381e-03   6.4064353e-04  -5.5576794e-05
   3.9063158e-02  -1.0074765e-01  -2.0544297e-01   2.5090847e-03   2.3566138e-04  -1.4436834e-04
   2.6609085e-02  -1.0358827e-01  -1.5507941e-01   1.9084109e-03   6.2189644e-05  -4.5018737e-04
   3.5640557e-02  -7.4798435e-02  -2.4854449e-01   2.5770710e-03   3.1708589e-04  -2.6619023e-04
   6.2158347e-02  -1.6375008e-01  -4.2621224e-02   1.5406991e-03   4.2111884e-04  -2.0707686e-04
   8.4767616e-02  -2.2868452e-01  -4.2252109e-02   2.4300895e-03   2.5907635e-06  -3.2347194e-04
   4.5622028e-02  -5.4016866e-02  -2.1080569e-01   3.6427023e-03   1.6367732e-05  -4.0177624e-04
   6.9157176e-02  -1.6202942e-01  -1.0072705e-01   2.7133349e-03  -3.0903139e-04  -3.6088037e-04
   5.5479397e-02  -1.3872764e-01  -2.7139083e-01   3.7669766e-03   2.2909959e-04  -3.8542205e-04
   6.8553428e-02  -1.2412846e-01  -5.0195635e-02   2.4122233e-03   1.3407077e-05  -3.1896796e-04
   5.9471825e-02  -1.0371561e-01  -2.1522168e-01   3.7642133e-03  -7.5821765e-05   1.4346703e-06
   5.3437788e-02  -1.3005739e-01  -3.7117735e-01   5.8304198e-03  -9.0526877e-05  -1.8491321e-04
   6.6915867e-02  -1.2771474e-01  -2.8873782e-01   5.5430237e-03  -4.6719882e-04  -4.2553436e-04
   7.8542171e-02  -1.0123408e-01  -2.1743630e-01   4.6693042e-03  -5.2451364e-04  -2.8934352e-04
   7.4727348e-02  -1.2132318e-01  -2.3451035e-01   4.8930060e-03  -4.6334191e-04  -2.6062359e-04
   8.0531197e-02  -1.4089211e-01  -2.9299726e-01   4.5826570e-03  -8.1346404e-04  -2.1863790e-04
   8.4137784e-02  -1.4595190e-01  -2.5353081e-01   4.6291868e-03  -7.1632649e-04  -1.5317614e-04
   6.2710577e-02  -1.1597344e-01  -2.3085458e-01   2.2951742e-03  -2.5686940e-04  -3.4494419e-04
   7.2455987e-02  -9.7626678e-02  -2.1661296e-01   2.3046184e-03  -3.5721019e-04  -2.8435338e-04
   6.7855837e-02  -4.3414660e-02  -1.9045689e-01   1.6234433e-03  -8.5659029e-04  -4.9753420e-05
   6.1323665e-02  -3.6731765e-02  -1.7140656e-01   1.0260447e-03  -7.5763249e-04  -3.5386927e-04
   6.3594598e-02  -6.9534551e-02  -2.6999356e-01   2.2543991e-03  -1.0198485e-04  -3.2254778e-04
   8.5835617e-02  -1.3825050e-01  -1.9248789e-01   1.4410837e-03  -4.6889690e-04  -6.7459304e-05
   9.9133393e-02  -2.1865214e-01  -2.0078095e-02   2.7616478e-03  -2.2488701e-04  -5.1049074e-05
   1.1548225e-01  -1.9165255e-01  -2.0793028e-02   4.6860769e-03  -7.1575487e-04   3.6409955e-04
   8.1518579e-02  -8.9845235e-02  -1.9641119e-01   6.0287656e-03  -5.7179024e-04   4.0278362e-04
   1.0920612e-01  -1.7120553e-01  -1.1199393e-01   3.9206949e-03  -6.6318917e-04   5.9262074e-04
   8.5749682e-02  -1.1890729e-01  -4.5175683e-01   7.2223255e-03  -7.9180450e-05   7.7380505e-04
   1.0883002e-01  -1.7389705e-01  -2.4487434e-01   6.4424923e-03  -6.0853283e-05   7.9846609e-04
   1.0789454e-01  -9.3837124e-02  -4.0222092e-01   6.6307689e-03  -9.2178488e-05   9.6552716e-04
   1.2825091e-01  -1.6223245e-01  -2.4131785e-01   6.1705307e-03  -4.2089415e-04   9.7528221e-04
   1.1248772e-01  -1.7332645e-01  -4.5378848e-01   6.9278350e-03  -1.2550240e-04   8.5420807e-04
   1.2266353e-01  -1.0441668e-01  -2.7268309e-01   5.5638229e-03   2.9158352e-04   7.7081031e-04
   1.3298509e-01  -1.2512004e-01  -4.5077710e-01   5.2055294e-03   1.9150857e-04   7.7389060e-04
   1.5106034e-01  -5.2378273e-02  -4.0486706e-01   4.2669205e-03  -5.0486696e-04   1.4164348e-03
   1.2027287e-01  -2.1301213e-01  -3.9262702e-01   5.9446222e-03   1.9833583e-04   1.5196709e-03
   1.3693768e-01  -1.9281259e-01  -3.6482287e-01   5.7569725e-03  -1.4887324e-04   1.6750032e-03
   1.3027650e-01  -1.4659296e-01  -4.8512794e-01   6.1223557e-03  -8.7556912e-06   1.3353482e-03
   1.2963883e-01  -1.5898750e-01  -4.3752722e-01   5.0665226e-03   2.0923499e-04   1.4530902e-03
   1.3441732e-01  -1.8268877e-01  -4.5225071e-01   5.0287697e-03  -5.5681766e-04   1.1139256e-03
   1.0766523e-01  -1.1468881e-01  -4.4607896e-01   5.3200568e-03   4.7811999e-05   1.5119216e-03
   1.1583978e-01  -2.4293131e-01  -4.3859906e-01   6.1072166e-03   7.4193557e-05   1.4625542e-03
   1.3065504e-01  -1.5173432e-01  -4.3267802e-01   4.9309200e-03  -2.5027503e-04   1.4955578e-03
   1.4652087e-01  -1.6736949e-01  -3.9110225e-01   5.6262360e-03   2.7133602e-04   1.6037639e-03
   1.1387544e-01  -1.2913906e-01  -4.8391379e-01   5.1651389e-03   7.6017363e-05   1.5886723e-03
   1.2699345e-01  -1.7421462e-01  -4.0781242e-01   5.0885813e-03  -7.8966938e-05   1.6453481e-03
   1.0495568e-01  -7.7544476e-02  -5.0970246e-01   5.4660650e-03   9.6858134e-05   1.4403633e-03
   1.1779555e-01  -1.8939294e-01  -4.2512047e-01   4.9493265e-03  -6.8000586e-04   1.3036687e-03
   1.0308561e-01  -1.4046557e-01  -4.6187429e-01   4.2563142e-03  -4.0494130e-04   1.2297986e-03
   1.0825720e-01  -2.2389725e-01  -3.2262974e-01   4.9499463e-03  -6.4430502e-05   7.9790761e-04
   1.0060956e-01  -1.6022902e-01  -4.5949980e-01   5.2519054e-03  -5.5263314e-04   8.0653165e-04
   1.2005603e-01  -1.7705125e-01  -2.4739312e-01   4.6351341e-03  -1.5237326e-03   1.0779739e-03
   1.1309294e-01  -1.5612469e-01  -4.0752072e-01   6.1129297e-03  -1.2380080e-03   1.3267988e-03
   1.2032359e-01  -1.8823242e-01  -2.5295503e-01   5.8558075e-03  -1.0275301e-03   1.3849208e-03
   1.0537692e-01  -1.8560640e-01  -3.5516833e-01   5.5554354e-03  -8.6253136e-04   1.3556519e-03
   1.1364919e-01  -1.7417343e-01  -2.9895408e-01   4.5709830e-03  -1.0398380e-03   1.0892487e-03
   1.1261143e-01  -2.0327500e-01  -3.3286554e-01   4.2548686e-03  -1.0242645e-03   1.3161669e-03
   9.3043744e-02  -1.5272616e-01  -9.1882521e-01   7.0891862e-03  -4.0956742e-04   9.1643910e-04
   1.1840265e-01  -2.6869319e-01  -7.9520905e-01   8.6620840e-03  -1.0846104e-03   8.9919927e-04
   1.2173337e-01  -1.7668618e-01  -7.9744855e-01   9.1653952e-03  -1.8295817e-03   1.1015019e-03
   1.2529430e-01  -1.5142161e-01  -6.7116291e-01   8.7879813e-03  -1.5057947e-03   1.3667546e-03
   1.4399563e-01  -2.9045204e-01  -7.5525431e-01   8.5226321e-03  -1.6269683e-03   9.1104383e-04
   1.2878317e-01  -1.2069754e-01  -8.7412639e-01   8.4839639e-03  -2.2076177e-03   8.8687146e-04
   1.4754293e-01  -2.1420493e-01  -7.2231873e-01   9.3206936e-03  -1.3020538e-03   1.5725415e-03
   1.5192282e-01  -2.1188747e-01  -7.9713084e-01   1.0284284e-02  -2.1756836e-03   1.9305954e-03
   1.5163537e-01  -1.1378922e-01  -7.1771385e-01   8.5074815e-03  -2.1756200e-03   1.9921404e-03
   1.2079641e-01  -2.2479535e-01  -7.4405868e-01   8.8918176e-03  -2.1558124e-03   1.5926798e-03
   1.2233135e-01  -1.3172631e-01  -7.3343730e-01   8.8580144e-03  -1.7989062e-03   1.7106871e-03
   1.6213122e-01  -2.5803760e-01  -5.4691275e-01   7.5761351e-03  -1.7703412e-03   1.8510202e-03
   1.4782628e-01  -1.4164956e-01  -7.8969254e-01   8.4919089e-03  -2.0865986e-03   1.7414417e-03
   1.4531010e-01  -1.6685813e-01  -6.3344692e-01   7.6336076e-03  -2.1887463e-03   1.7720719e-03
   1.4617606e-01  -2.3145472e-01  -6.9443928e-01   8.2157777e-03  -2.2040707e-03   1.8538258e-03
   1.2561236e-01  -1.6252478e-01  -7.3260888e-01   8.3271255e-03  -1.9073609e-03   1.8007512e-03
   1.4339727e-01  -2.5849869e-01  -5.7914981e-01   7.9509086e-03  -2.1097597e-03   2.0715494e-03
   1.4026445e-01  -1.8180423e-01  -6.2347802e-01   7.4169761e-03  -2.4847549e-03   2.2010565e-03
   1.3716619e-01  -1.4999030e-01  -6.8048928e-01   6.8493838e-03  -2.4057821e-03   2.2356597e-03
   1.4704103e-01  -1.9143231e-01  -5.4979818e-01   4.9832207e-03  -2.6847855e-03   2.3862790e-03
   1.7708167e-01  -3.0314923e-01  -4.4973968e-01   7.5462738e-03  -2.2208819e-03   2.8881227e-03
   1.4272321e-01  -2.4925975e-01  -5.7886583e-01   1.0843494e-02  -2.0617596e-03   2.2709641e-03
   1.2937183e-01  -1.4059460e-01  -5.7895375e-01   8.7751886e-03  -2.1088693e-03   2.2461074e-03
   1.4831120e-01  -1.7622570e-01  -6.6986047e-01   9.8754880e-03  -1.9971052e-03   2.3802214e-03
   1.5132914e-01  -1.7970619e-01  -6.0066439e-01   7.8239276e-03  -1.7835956e-03   2.3560361e-03
   1.7598667e-01  -2.4955238e-01  -6.9405720e-01   1.0042342e-02  -2.7653803e-03   2.8008254e-03
   1.8008042e-01  -1.7053686e-01  -5.6642301e-01   8.7172830e-03  -2.8961343e-03   2.6911460e-03
   1.4680456e-01  -7.4280474e-02  -8.0163864e-01   8.1834660e-03  -2.3207449e-03   2.5186428e-03
   1.7050982e-01  -1.4058408e-01  -5.5895067e-01   6.2070853e-03  -2.6064688e-03   2.5950564e-03
   1.7937628e-01  -1.9950631e-01  -6.3445049e-01   8.4653868e-03  -2.7074770e-03   2.7116528e-03
   1.7655301e-01  -1.8626058e-01  -5.7937739e-01   7.2673749e-03  -2.6163068e-03   2.6546193e-03
   1.7747012e-01  -1.7851310e-01  -5.2409768e-01   7.8262856e-03  -2.3614773e-03   2.5246931e-03
   1.7135698e-01  -1.1898912e-01  -5.3556156e-01   7.4125134e-03  -2.2846520e-03   2.5313449e-03
   1.8019415e-01  -2.4806473e-01  -4.0662450e-01   8.2137020e-03  -2.1893693e-03   2.9558577e-03
   1.7296512e-01  -2.0096105e-01  -5.8145570e-01   1.0760343e-02  -2.2780577e-03   3.1976714e-03
   1.5383708e-01  -2.0579185e-01  -6.7366019e-01   1.1026238e-02  -1.9886937e-03   3.2299152e-03
   1.8239669e-01  -1.7222195e-01  -6.1735909e-01   7.8008601e-03  -2.6566319e-03   3.2122142e-03
   1.5324394e-01  -1.7371404e-01  -6.6032175e-01   9.0501016e-03  -2.4658820e-03   2.8835302e-03
   1.3755750e-01  -1.6473278e-01  -6.0673334e-01   7.4877782e-03  -2.0903602e-03   2.2353419e-03
   1.5019500e-01  -1.7866696e-01  -6.2662586e-01   6.9854413e-03  -2.6228886e-03   1.9275205e-03
   1.6281403e-01  -1.6159407e-01  -5.9439319e-01   8.1529765e-03  -2.9784935e-03   2.2911065e-03
   1.6544300e-01  -1.4766529e-01  -6.2376357e-01   7.5552539e-03  -2.8276751e-03   2.2984140e-03
   1.5732319e-01  -1.6286743e-01  -6.8455218e-01   8.8313746e-03  -2.6946438e-03   2.4254059e-03
   1.5813149e-01  -2.1229224e-01  -6.0004756e-01   8.2988750e-03  -2.7426102e-03   2.3826382e-03
   1.6203807e-01  -1.6623908e-01  -6.6510694e-01   9.8749226e-03  -2.9377641e-03   2.5916807e-03
   1.4976654e-01  -1.7733617e-01  -6.4380781e-01   9.0528880e-03  -2.4886492e-03   2.3577349e-03
   1.4930031e-01  -1.5930215e-01  -6.3988979e-01   1.0402766e-02  -2.6184329e-03   2.5645415e-03
   1.5075705e-01  -9.7718833e-02  -6.9398275e-01   9.4508108e-03  -2.4533978e-03   2.3525580e-03
   1.5217187e-01  -2.6524030e-01  -7.1526212e-01   1.0929235e-02  -2.4307984e-03   2.6109079e-03
   1.4952363e-01  -1.6840794e-01  -7.2591485e-01   1.1510751e-02  -2.9294860e-03   2.7869918e-03
   1.5168320e-01  -1.7363690e-01  -6.6122178e-01   1.0263532e-02  -2.9764839e-03   2.6481572e-03
   1.6297442e-01  -2.0194968e-01  -6.6469949e-01   1.0407156e-02  -2.9638720e-03   2.3251964e-03
   1.3567112e-01  -8.0089317e-02  -7.9331629e-01   1.1039750e-02  -3.1291654e-03   2.3257272e-03
   1.5820875e-01  -1.8077648e-01  -6.3144843e-01   1.0952220e-02  -3.1145024e-03   2.4541793e-03
   1.5377121e-01  -1.5389384e-01  -7.1043034e-01   1.0211593e-02  -3.0301590e-03   2.2885909e-03
   1.3751189e-01  -1.5294379e-01  -5.5323239e-01   9.2852766e-03  -3.0726297e-03   1.9515705e-03
   1.1760043e-01  -2.2714603e-01  -7.3205742e-01   1.0127836e-02  -1.6302841e-03   1.8457745e-03
   1.2353991e-01  -2.0248307e-01  -7.4216385e-01   1.1586549e-02  -2.0297976e-03   2.1430335e-03
   1.2119552e-01  -2.7536212e-01  -6.2955653e-01   1.0188670e-02  -1.7582349e-03   2.3879697e-03
   1.4046866e-01  -1.7750980e-01  -6.1846482e-01   1.0166893e-02  -2.2982087e-03   2.5180376e-03
   1.2896924e-01  -1.8114993e-01  -4.7743673e-01   1.0964298e-02  -1.7944131e-03   2.2556864e-03
   1.3666320e-01  -2.2176078e-01  -5.3656390e-01   1.1209984e-02  -1.8154050e-03   2.7404819e-03
   1.1121414e-01  -1.4161941e-01  -7.3324360e-01   1.2107509e-02  -1.4209829e-03   2.7302211e-03
   1.2159166e-01  -2.6049922e-01  -6.5588552e-01   1.2969382e-02  -1.6191564e-03   2.3582759e-03
   1.0329222e-01  -1.7462682e-01  -7.9594423e-01   1.1650543e-02  -1.7313297e-03   2.4438940e-03
   8.9580943e-02  -1.6649648e-01  -7.2656803e-01   1.2178215e-02  -1.4971027e-03   2.3086498e-03
   1.0155602e-01  -2.0840817e-01  -7.2231926e-01   1.1430865e-02  -1.3678954e-03   2.3774525e-03
   1.1734440e-01  -1.3848900e-01  -6.8142724e-01   1.1420785e-02  -1.4490221e-03   2.3983896e-03
   1.3025562e-01  -2.7735644e-01  -6.7634628e-01   1.1695231e-02  -1.7680277e-03   2.2394676e-03
   1.1989537e-01  -1.9859123e-01  -6.5095524e-01   1.1008025e-02  -1.5687108e-03   2.2500800e-03
   1.2256294e-01  -1.9844690e-01  -6.1843519e-01   1.1105139e-02  -1.7257110e-03   2.0603228e-03
   1.0631158e-01  -1.0308106e-01  -7.8419165e-01   1.0629374e-02  -1.4363044e-03   2.0912702e-03
   1.2767083e-01  -1.7950366e-01  -5.9027669e-01   1.0336048e-02  -2.0750780e-03   2.0957765e-03
