   0.0000000e+00  -1.3629560e-14   3.5527137e-15   0.0000000e+00   0.0000000e+00   6.9388939e-18
   1.6263733e-02   4.1776725e-03   1.3010725e-02  -4.9345536e-04  -1.4919227e-04   8.1937694e-05
   1.4257116e-02  -2.1962992e-02  -7.5063467e-03  -4.2093834e-04  -1.9689685e-04   1.0118747e-04
   3.2896827e-02  -4.5195519e-02   2.9092160e-03  -3.0139423e-04  -7.0703706e-04   1.1723695e-04
   3.4409008e-02  -1.3265936e-02  -6.0199087e-03  -2.4927374e-04  -5.6811271e-04  -8.6763734e-05
   2.6953779e-02  -6.2590679e-02   2.8434558e-02   1.1346546e-04  -7.0994968e-04  -1.5414241e-05
   2.6012281e-02  -3.4730617e-02  -5.0316700e-03  -6.3091790e-04  -4.8083248e-04  -4.2773139e-05
   4.5807378e-02  -7.9708434e-02   5.3091630e-02   2.9234656e-06  -9.8760222e-04  -2.7849649e-04
   4.0530719e-02  -4.3163737e-02   1.2931345e-03  -1.1220684e-04  -7.7541150e-04  -3.8284118e-04
   3.4650275e-02  -9.1333575e-02   1.5867128e-02   1.0366147e-03  -8.7530739e-04  -3.4951750e-04
   2.8231322e-02  -4.2137479e-02   2.0931584e-02  -7.2108393e-04  -4.9349087e-04  -2.6523994e-04
   4.0216661e-02  -8.9511295e-02   4.6768121e-02  -1.3016493e-04  -9.8490405e-04  -2.9810092e-04
   3.9279103e-02  -2.5277232e-02   1.0024998e-02   1.2374123e-04  -6.7948128e-04  -3.5772563e-04
   3.5784435e-02  -8.9258540e-02   2.8738878e-02   7.4548098e-04  -6.9070513e-04  -4.4358286e-04
   4.2725967e-02  -5.9698997e-02   2.3202671e-02  -5.3360241e-04  -1.0753132e-03  -3.4071153e-04
   3.3300863e-02  -1.1177178e-02  -1.5944098e-02   8.8380634e-04  -1.2408345e-03  -7.2802950e-04
   3.2560902e-02  -3.3997665e-02   6.0731729e-03  -7.8055193e-04  -1.1577924e-03  -2.5397645e-04
   2.1567963e-02  -5.2540593e-02  -1.5625685e-02  -6.2561974e-04  -6.5720066e-04  -2.7798290e-04
   3.2262811e-02  -9.3098195e-02  -1.9595070e-02  -2.1549442e-04  -1.0068967e-03  -3.2542075e-04
   2.0086047e-02   4.8603908e-04  -3.0562574e-02  -5.3578142e-05  -6.5244244e-04  -3.4525542e-04
   3.7684163e-02  -6.3436026e-02   1.7154892e-02   1.4560957e-04  -1.3226381e-03  -3.6314642e-04
   1.6172670e-02  -5.1036854e-03  -1.6947619e-02  -3.2077189e-04  -5.4313069e-04  -2.6444241e-04
   2.0038668e-02  -5.2203563e-02   1.8366684e-02  -8.6825857e-05  -8.2807420e-04  -1.0542023e-04
   6.5944115e-03  -5.0425974e-02  -8.1569122e-03   1.0875933e-05  -6.4697769e-04  -2.4849136e-04
   1.5834257e-02  -5.8603698e-04   4.3703523e-04   8.2773158e-04  -9.4527379e-04  -3.9724188e-04
   1.0063881e-02   1.0367503e-02  -8.2707199e-03  -1.9097875e-04  -6.9578874e-04  -3.7506368e-04
   1.3235651e-02  -2.8574208e-02  -3.2356515e-02   5.3638330e-04  -5.4539631e-04  -4.5303394e-04
   1.7056191e-02  -2.4077962e-02  -5.5991763e-03   2.0837605e-04  -6.5524983e-04  -4.0206192e-04
   1.3249883e-02  -8.6394441e-03  -3.2435827e-02   3.0919104e-04  -4.9424488e-04  -5.4835816e-04
   6.6099413e-03  -2.9524951e-02  -2.4530237e-02   1.0919314e-03  -6.7421091e-04  -8.2654185e-04
   3.3917074e-03   1.7546614e-02  -4.0974284e-02  -8.4306916e-04  -2.5531965e-04  -3.9244406e-04
   1.7875237e-02  -4.2280458e-02  -2.0185486e-02   3.0580394e-04  -7.8677322e-04  -4.0902214e-04
   2.4140477e-02  -3.8792889e-02  -3.5419535e-02   3.5282591e-04  -1.0163156e-03  -4.3971992e-04
   1.2203085e-02  -4.7721335e-02  -2.3292133e-02  -2.8922791e-05  -5.1997302e-04  -2.3771095e-04
   2.2879053e-02  -1.3174438e-02  -4.3638960e-03   1.1336169e-04  -9.0284171e-04  -3.0856571e-04
   1.0822151e-02  -2.4699082e-02  -5.4937002e-02   2.6329781e-04  -6.0685179e-04  -4.0015198e-04
   3.6825724e-02  -3.2072445e-02  -2.0219853e-02   9.1687119e-04  -1.3952933e-03  -9.8973789e-04
   3.0695278e-02   3.9882927e-03  -7.3475447e-02   8.3068062e-04  -1.2666852e-03  -9.2228439e-04
   1.9388555e-02  -9.8478791e-03  -7.2666870e-02   2.7062939e-03  -1.2301128e-03  -1.0635934e-03
   1.3262313e-02  -6.7994656e-02  -3.1460966e-02   1.2245581e-03  -1.2328786e-03  -1.2422639e-03
   1.0983674e-02   3.9165245e-02  -8.4391200e-02   2.5409593e-04  -7.3035222e-04  -8.0018640e-04
   2.6970175e-02  -1.3500906e-02  -5.3393998e-02   6.5731447e-04  -1.2494523e-03  -9.1268618e-04
   2.0156792e-02  -3.1811614e-04  -7.1934521e-02   4.2041922e-04  -1.1315526e-03  -8.2404356e-04
   1.1626509e-02  -4.2704399e-02  -4.5362796e-02   1.8543024e-03  -1.0290093e-03  -1.0102392e-03
   5.9841827e-03  -6.7411130e-02  -4.9994779e-02   2.2075728e-04  -8.1389858e-04  -7.0483217e-04
   1.6724459e-02  -4.8234029e-02  -5.8178498e-02   1.2925417e-03  -1.1706869e-03  -9.3335696e-04
  -2.6833045e-03  -5.3053403e-02  -5.1707785e-02   8.7344308e-04  -1.1436252e-03  -8.7489878e-04
  -6.5648510e-03  -6.9081645e-03  -8.2016193e-02   7.9138979e-04  -8.5610389e-04  -9.1376284e-04
   8.6581467e-04  -2.4811611e-02  -7.2668155e-02   3.1074752e-03  -1.2846892e-03  -1.5577161e-03
   6.2604321e-04  -1.0106683e-02  -6.4217891e-02   1.1537942e-03  -6.9862406e-04  -1.1751287e-03
  -3.2629744e-02  -5.1230245e-02  -8.1314737e-02   1.0094004e-03  -1.5849723e-04  -7.3667170e-04
  -4.3915042e-02  -5.4232054e-02  -6.3100542e-02   4.1924188e-04  -4.1378723e-04  -5.8381572e-04
  -2.5232892e-02   4.4845725e-02  -1.0563380e-01   1.3504837e-03  -5.6770402e-04  -8.4159839e-04
  -1.3929763e-02  -2.3955611e-02  -9.0444420e-02   1.5849300e-03  -8.2848064e-04  -6.3034537e-04
  -1.4262356e-02  -2.5300926e-02  -6.9345912e-02   1.3453165e-03  -3.4020567e-04  -5.6290338e-04
  -8.6003796e-03  -8.1846865e-02  -4.5144260e-02   2.4655420e-03  -7.0642065e-04  -6.0754359e-04
  -1.6478116e-02  -4.0186665e-02  -4.9781661e-02   1.3755593e-03  -2.6379841e-04  -5.1833971e-04
  -1.1585118e-02  -1.0744041e-01  -3.3602206e-02   2.3823556e-03  -6.3865795e-04  -6.5539887e-04
  -2.2165645e-02  -7.9746142e-02  -7.5182052e-02   2.2408366e-03  -5.9764720e-04  -6.8636107e-04
  -2.3173729e-02  -3.5912775e-02  -6.4107537e-02   3.4405177e-03  -6.9407398e-04  -9.2196208e-04
  -2.1808971e-02  -5.1186198e-02  -7.4199602e-02   2.5043231e-03  -8.8220802e-04  -1.0671175e-03
  -4.9403104e-02  -3.7527264e-02  -8.0167568e-02   1.5677604e-03   1.0732378e-04  -8.9217387e-04
  -4.4507561e-02  -5.2443434e-02  -5.6503150e-02   8.4054442e-04  -1.1729965e-04  -5.7040437e-04
  -3.5750546e-02  -1.1939297e-02  -1.0336858e-01   1.6572508e-03  -2.2199510e-04  -6.9647112e-04
  -1.9447708e-02  -2.2958356e-02  -6.2927206e-02   2.6630373e-03  -7.7905445e-04  -1.1391813e-03
  -4.5191750e-02  -6.4061917e-03  -8.8511235e-02   1.6992173e-03   9.6859618e-05  -7.3858696e-04
  -3.5299920e-02  -6.3074815e-02  -8.1997705e-02   2.7316192e-03  -3.2963297e-04  -8.8100328e-04
  -2.6443509e-02  -2.7523556e-02  -1.1056636e-01   3.5265683e-03  -7.6038929e-04  -1.0792682e-03
  -4.9815668e-02  -3.7333667e-02  -9.1528543e-02   1.7280168e-03   2.8988836e-04  -6.8423243e-04
  -3.1771860e-02  -3.6635286e-02  -7.1444436e-02   2.0011876e-03  -3.2676521e-04  -6.5510172e-04
  -2.6486732e-02   2.4569659e-02  -1.1181027e-01   3.0523739e-03  -5.3937609e-04  -7.3776291e-04
  -3.6971696e-02  -3.7035341e-02  -6.7446094e-02   2.3543872e-03  -2.0818221e-04  -8.4070466e-04
  -4.3352002e-02  -5.2539778e-02  -8.9591419e-02   1.0999028e-03   1.4219395e-04  -6.0025247e-04
  -3.4177367e-02  -4.5806006e-02  -1.2478813e-01   3.1363226e-03  -2.9204306e-04  -9.1136214e-04
  -2.2176400e-02  -3.2380929e-02  -7.9877686e-02   3.2369830e-03  -6.6835620e-04  -1.1509111e-03
  -4.8113637e-02   3.5567920e-02  -1.1923574e-01   3.8103494e-03  -1.5063551e-04  -1.2864390e-03
  -3.2458909e-02  -1.1218905e-02  -7.5574662e-02   3.3452954e-03  -4.9386784e-04  -1.5462054e-03
  -4.3573075e-02   2.7332859e-02  -1.0345267e-01   1.3140646e-03  -5.2679016e-05  -1.1047266e-03
  -4.1205271e-02  -2.7504324e-02  -1.0061511e-01   2.0906138e-03  -3.6215877e-04  -1.2525634e-03
  -3.8905189e-02   2.6848845e-02  -1.2501353e-01   1.8574474e-03  -4.4452144e-04  -1.3386886e-03
  -3.4662652e-02   5.8583087e-02  -1.1363503e-01   1.7956021e-03  -1.4716399e-04  -1.1990748e-03
  -3.1718382e-02  -7.4580214e-02  -1.2476011e-01   3.6681554e-03  -4.8467197e-04  -1.5777279e-03
  -3.5174906e-02  -3.0429247e-03  -1.2161109e-01   2.3870532e-03  -1.1623607e-04  -1.1946408e-03
  -3.6837363e-02  -6.8036036e-02  -7.3314081e-02   2.2139143e-03  -3.1363584e-04  -1.0964092e-03
  -3.0853374e-02  -2.5281974e-02  -1.2793388e-01   2.2745343e-03  -2.5668485e-04  -1.2126431e-03
  -1.4084032e-02  -1.2450093e-02  -1.3577650e-01   4.0850191e-03  -7.4639611e-04  -1.3979514e-03
  -3.5704655e-02   3.8633025e-03  -1.1127481e-01   2.5522522e-03  -1.6953775e-04  -1.1481504e-03
  -3.7105609e-02   1.6507765e-02  -1.3874240e-01   3.6371151e-03  -3.6965195e-04  -1.1460450e-03
  -3.6600833e-02  -3.3886948e-02  -1.2815786e-01   3.8510229e-03  -6.7861333e-04  -1.2597840e-03
  -4.6181516e-02   3.0601684e-02  -1.2721061e-01   2.7176105e-03   6.1078510e-05  -1.0535920e-03
  -4.0356522e-02   2.5867128e-02  -8.9688384e-02   2.4046382e-03  -1.3742652e-04  -8.9869947e-04
  -4.4309264e-02  -1.4525195e-02  -1.0812972e-01   2.8353770e-03  -2.7307600e-04  -9.5451938e-04
  -5.2230682e-02  -7.7726249e-03  -8.7436517e-02   3.4424357e-03   2.0885523e-04  -1.0357719e-03
  -5.0041420e-02  -2.4199227e-02  -7.8070370e-02   1.7321555e-03  -3.9562197e-05  -7.8973770e-04
  -6.0583465e-02  -3.6467625e-02  -1.1009677e-01   3.8126301e-03   2.6027222e-04  -9.4309674e-04
  -3.2745666e-02  -7.6745990e-02  -1.2948961e-02   2.9935450e-03  -6.6858379e-04  -1.3742358e-03
  -5.8146461e-02  -4.1476994e-04  -6.1150845e-02   2.5097459e-03   2.5302938e-04  -1.3123756e-03
  -3.3945160e-02   1.1926352e-02  -3.7014852e-02   2.9459830e-03  -3.0368821e-04  -1.1405648e-03
  -5.2361034e-02  -5.8950335e-03  -7.9840272e-02   3.7520133e-03   3.0053825e-04  -1.4811877e-03
  -4.9567312e-02   1.7184702e-02  -5.1538859e-02   3.6427535e-03   3.7039154e-04  -1.2053430e-03
  -6.1178389e-02  -2.8930913e-02  -5.1864457e-02   2.5613465e-03   6.4150529e-04  -9.9043693e-04
  -5.6822430e-02  -4.5493010e-02  -4.3527514e-02   3.6732996e-03   4.2250918e-04  -1.1615800e-03
  -4.6806924e-02  -9.9406205e-03  -7.6153814e-02   3.4281357e-03  -9.6263183e-05  -8.9243491e-04
  -5.5627878e-02   2.4529314e-02  -6.6453164e-02   4.8001142e-03  -5.7064713e-05  -8.7179094e-04
  -5.5212505e-02   7.0251831e-03  -4.4526173e-02   2.9976088e-03  -1.9486786e-04  -1.0235800e-03
  -6.6500454e-02   9.3895869e-03  -1.0085655e-01   3.7957614e-03   1.0719613e-04  -1.1095129e-03
  -6.2639248e-02  -2.7044402e-02  -8.8712523e-02   4.0730122e-03  -8.6322343e-05  -1.0889045e-03
  -5.4909780e-02  -7.4904864e-03  -9.1647589e-02   4.1543895e-03  -2.6465502e-04  -1.4819944e-03
  -6.7160948e-02   1.0928027e-02  -7.6557099e-02   4.6010829e-03   2.7985607e-04  -1.9427833e-03
  -7.0695693e-02   5.9947726e-02  -9.2919212e-02   5.1944412e-03   1.1711681e-04  -1.9991049e-03
  -8.0523646e-02   7.7576363e-02  -1.2447047e-01   3.3399785e-03   2.0910491e-04  -1.9303181e-03
  -5.4736589e-02   9.4584879e-02  -8.0086259e-02   2.6373631e-03  -7.2187147e-04  -2.4152740e-03
  -6.5486083e-02   6.5362288e-02  -5.6770357e-02   5.1147413e-04  -2.5028437e-04  -1.6228977e-03
  -7.6558902e-02   1.1924708e-01  -7.9425624e-02   1.7105920e-04   2.4073032e-04  -1.2544907e-03
  -4.7991569e-02   5.5437211e-02  -3.4959188e-02   8.1685454e-04  -4.1700649e-04  -1.4184464e-03
  -2.9561186e-02   4.6910767e-02  -3.9852640e-02   2.3665690e-03  -1.0492814e-03  -1.7701926e-03
  -4.5333524e-02  -3.7535717e-02   3.5294611e-03   1.7154310e-03  -7.8380290e-04  -1.8756687e-03
  -5.8660417e-02   5.7935280e-02  -4.2494283e-02   1.4330030e-03  -2.4697136e-04  -1.6374662e-03
  -3.5702866e-02   5.6364873e-02  -3.5749770e-02   2.5473154e-03  -1.0700993e-03  -1.8011237e-03
  -5.6503127e-02   8.7599977e-02  -4.3792182e-02   2.4070735e-03  -5.1711614e-04  -1.9700552e-03
  -5.5285125e-02   7.1683675e-02  -4.0291656e-02   1.4027251e-03  -5.5895139e-04  -1.6102163e-03
  -4.8996054e-02   4.3472401e-02  -5.3901774e-02   1.8335024e-03  -8.3090521e-04  -1.7631146e-03
  -5.5512072e-02   1.8104956e-02  -6.0947913e-02   2.0972580e-03  -1.0890839e-03  -2.3498696e-03
  -6.9925337e-02   1.2019057e-01  -7.3341409e-02   1.6445520e-03  -3.4269983e-04  -1.9486896e-03
  -4.1359014e-02   9.8101389e-02  -4.5197912e-02   1.9858332e-03  -8.8237621e-04  -1.7708832e-03
  -5.5913465e-02   2.3421161e-02  -5.3263642e-02   2.3157995e-03  -6.7010347e-04  -1.9316142e-03
  -4.6128412e-02   3.8657531e-02  -5.0242969e-02   3.7956670e-03  -9.8618992e-04  -1.8169440e-03
  -2.7849508e-02   6.8143046e-02  -5.5246425e-02   4.0435606e-03  -1.6032416e-03  -2.1179305e-03
  -7.4773354e-02   2.6321728e-02  -5.0795198e-02   2.3368453e-03  -3.7744195e-04  -2.0219784e-03
  -5.8958890e-02   2.2899630e-02  -2.3265658e-02   1.1847508e-03  -8.1551973e-04  -1.8160208e-03
  -6.6526684e-02   5.9705439e-02  -7.0557021e-02   2.1683855e-03  -5.1652671e-04  -2.0831016e-03
  -5.9829412e-02   6.1917788e-02  -3.5901574e-02   2.2055142e-03  -6.1441649e-04  -1.9776199e-03
  -6.3661320e-02   5.4540002e-02  -5.7613304e-02   2.9986229e-03  -6.2574658e-04  -1.9051959e-03
  -5.4491228e-02   9.0486466e-02  -3.5150905e-02   4.0969741e-03  -1.0845277e-03  -2.3103473e-03
  -6.2894780e-02  -9.6583219e-04  -3.1943731e-02   2.0627155e-03  -8.1641607e-04  -2.0402036e-03
  -7.6593691e-02   8.1820567e-02  -5.9133913e-02   1.2072697e-03  -2.9420660e-04  -1.8837821e-03
  -6.4458219e-02   4.2231065e-02  -5.0636273e-02   2.7521120e-03  -1.0168581e-03  -2.2249179e-03
  -7.9477679e-02   1.3491335e-01  -8.8647591e-02   3.3348442e-03  -3.4171666e-04  -1.9895066e-03
  -6.4570829e-02   9.9813627e-02  -4.1429933e-02   4.6727324e-03  -1.1392033e-03  -2.5378956e-03
  -7.4192221e-02   1.0742185e-01  -1.4971738e-02   3.2565524e-03  -5.6561452e-04  -2.2082409e-03
  -1.0037489e-01   5.1108044e-02  -3.7148921e-02   2.0044183e-03   1.2276942e-04  -1.8327642e-03
  -8.1558693e-02   8.4639513e-02  -7.4032254e-02   3.1329293e-03  -2.8554062e-04  -1.8670357e-03
  -8.0755688e-02   1.5887983e-01  -1.0544766e-01   1.6190860e-03  -3.1766211e-04  -1.8377314e-03
  -1.0624358e-01   4.4723629e-02  -1.6633221e-01   4.1608383e-03   6.1365168e-04  -1.9280575e-03
  -8.1750157e-02   1.2128141e-02  -1.1701989e-01   5.3949716e-03  -1.1766800e-04  -2.0564866e-03
  -9.7384394e-02  -6.5653923e-03  -1.2489912e-01   3.9291649e-03   4.7994752e-05  -1.6421953e-03
  -8.2532864e-02   4.4908319e-03  -1.2727159e-01   4.3283584e-03  -1.7139352e-04  -1.7703651e-03
  -8.5401213e-02   2.1399805e-02  -1.4269184e-01   5.2469629e-03  -4.3028504e-04  -1.7575671e-03
  -8.6987741e-02   6.2191324e-03  -1.3346500e-01   5.5239492e-03  -2.8759884e-04  -1.8353002e-03
  -9.6764906e-02   8.2768780e-02  -9.5484400e-02   5.3031201e-03  -1.8150123e-04  -1.9186443e-03
  -7.9587641e-02   1.4821422e-01  -1.0949878e-01   3.9393450e-03  -2.8421872e-04  -1.9877053e-03
  -1.0405417e-01   6.0544761e-02  -1.6362737e-01   6.0558937e-03   7.4079718e-05  -1.9387133e-03
  -6.6349208e-02   5.8306414e-02  -9.6952573e-02   6.7029553e-03  -6.6630733e-04  -2.2385937e-03
  -7.1998778e-02   1.1578859e-01  -6.9777336e-02   5.8972807e-03  -2.3390495e-04  -2.0819806e-03
  -8.8496460e-02   1.4750981e-01  -9.6165418e-02   4.5790315e-03   6.2951978e-05  -1.8072766e-03
  -8.5090401e-02   1.1624298e-01  -1.4626357e-01   5.5843172e-03  -1.5107498e-04  -1.7337723e-03
  -8.2301587e-02   1.1346784e-01  -8.7400532e-02   4.6662780e-03  -2.0812110e-04  -2.2744420e-03
  -8.6977973e-02   8.5685750e-02  -1.0589016e-01   5.5564024e-03  -3.0827909e-04  -1.9223888e-03
  -7.4239937e-02   2.0986033e-01  -1.1828475e-01   5.2486088e-03  -5.5900134e-04  -2.4080521e-03
  -9.5817342e-02   1.4150347e-01  -3.7250713e-02   3.6560865e-03   1.9209037e-04  -2.2514211e-03
  -9.9644931e-02   1.2614163e-01  -4.0895623e-02   2.0928144e-03   2.9868182e-04  -1.6700001e-03
  -1.0713580e-01   1.1076212e-01  -4.2097491e-02   3.0359510e-03   5.4052329e-04  -1.6816025e-03
  -1.0397968e-01   9.5789400e-02  -9.1616830e-02   2.8627991e-03   7.6927547e-04  -1.1722290e-03
  -8.1658173e-02   9.7865025e-02  -6.3331773e-02   3.5947794e-03   5.2862158e-04  -1.0168272e-03
  -7.3924035e-02   8.0639233e-02  -3.8679985e-02   4.8901056e-03   6.1927512e-05  -1.3235971e-03
  -8.2467686e-02   1.1257175e-01  -6.4881206e-02   5.2306063e-03   3.2344343e-04  -1.5272090e-03
  -6.4209436e-02   3.5914152e-02  -2.0267087e-02   5.5444763e-03  -3.1102949e-04  -1.4503244e-03
  -5.3355627e-02   1.4896994e-02   2.8046972e-02   5.3549584e-03  -1.1503161e-03  -1.7808639e-03
  -9.7469259e-02   9.4637711e-02  -9.1508208e-03   3.5243861e-03   2.6990280e-04  -1.6076621e-03
  -1.0567629e-01   1.2832417e-01  -6.2326415e-02   4.3309335e-03   5.4239032e-04  -1.3874671e-03
  -9.8787986e-02   6.1648105e-02  -4.7470675e-02   4.1563933e-03   1.5223266e-04  -1.6864361e-03
  -9.3516371e-02   1.7354370e-01  -7.1446947e-02   5.1153566e-03  -1.5718411e-04  -1.8648723e-03
  -1.2066507e-01   1.5782183e-01  -5.1101786e-02   4.4276248e-03   7.9455825e-06  -1.9118708e-03
  -1.3860594e-01   1.9413045e-01  -5.3721307e-02   3.7102244e-03   5.5780590e-04  -1.7182055e-03
  -1.3764211e-01   1.4824766e-01  -3.3901410e-02   3.9317655e-03   4.2342704e-04  -1.4337446e-03
  -1.3239296e-01   1.4869690e-01  -6.9491393e-02   3.3858391e-03   5.4401298e-04  -1.5019625e-03
  -1.3237674e-01   1.0645074e-01  -4.1395478e-02   4.8924280e-03   6.2816379e-04  -1.5435689e-03
  -1.1204340e-01   1.5153156e-01   1.3210875e-02   4.7966341e-03   5.0273839e-05  -1.8158817e-03
  -1.1688045e-01   1.9789697e-01   1.6245866e-02   4.2134887e-03  -7.0901352e-06  -1.8621583e-03
  -1.3729184e-01   1.1002508e-01  -2.2453083e-02   2.5560253e-03   6.4557327e-04  -1.5359872e-03
  -1.2745594e-01   1.2235319e-01  -1.9160723e-02   4.9487889e-03   2.7267207e-04  -1.9793859e-03
  -1.3591320e-01   1.1241610e-01   2.0877886e-02   3.1812597e-03   7.8630378e-04  -1.9282382e-03
  -1.2551539e-01   1.5383283e-01  -5.3495791e-02   3.7358414e-03   3.8864664e-04  -1.7685165e-03
  -1.1550646e-01   8.9079171e-02  -4.6078007e-03   4.9401342e-03  -4.0014752e-04  -2.0821553e-03
  -1.2378516e-01   1.1625259e-01  -3.9926627e-02   5.0347237e-03  -2.5811233e-04  -2.1342538e-03
  -1.2568260e-01   4.8113113e-02  -1.5719322e-03   4.7872565e-03  -2.9788944e-04  -2.1518984e-03
  -1.2520457e-01   8.6796102e-02  -1.2412017e-02   4.7761227e-03  -2.6711524e-04  -2.0206121e-03
  -9.6351960e-02   1.0550602e-01   3.2979957e-03   5.4536008e-03  -9.4713653e-04  -2.4097583e-03
  -1.1024726e-01   1.6808608e-01  -1.2548203e-02   6.8456881e-03  -8.9659131e-04  -2.7007228e-03
  -1.2811166e-01   2.0325169e-01  -2.8561328e-02   5.3065746e-03  -4.1075939e-04  -2.7167372e-03
  -1.1946483e-01   2.1698542e-01  -2.7361462e-02   5.8849889e-03  -1.1272148e-03  -2.8882861e-03
  -1.2926589e-01   1.4674693e-01  -2.3355049e-02   2.7291951e-03  -1.4161433e-03  -2.4221805e-03
  -1.4152497e-01   1.4721422e-01  -2.7663558e-02   2.2297918e-03  -5.2673716e-04  -2.4551670e-03
  -1.2722398e-01   1.3876580e-01  -2.2148068e-02   3.2619912e-03  -1.0145630e-03  -2.5372582e-03
  -1.2855805e-01   1.5878983e-01  -4.6817491e-02   3.5649048e-03  -7.2187588e-04  -2.6621025e-03
  -1.0026009e-01   1.3675939e-01  -1.7262959e-02   5.4798609e-03  -1.4773841e-03  -3.0227922e-03
  -7.5576701e-02   1.5408605e-01   3.6330398e-02   4.4792034e-03  -2.2951442e-03  -3.1617692e-03
  -9.6840831e-02   8.8887512e-02   7.3829606e-03   4.0197767e-03  -1.6226403e-03  -2.7908887e-03
  -7.6954423e-02   1.1195648e-01   5.6385262e-02   5.3250787e-03  -1.9839865e-03  -3.1764787e-03
  -6.4563360e-02   1.0904690e-01   2.1643101e-02   4.8717801e-03  -2.6179448e-03  -3.7456789e-03
  -7.1087658e-02   1.0634265e-01   1.2183522e-02   5.5065106e-03  -2.5924970e-03  -3.7161400e-03
  -6.1201496e-02   5.4244075e-02   1.1575936e-01   4.1630019e-03  -3.2930645e-03  -3.7718325e-03
  -8.1872126e-02   1.3664061e-01   9.0619258e-02   2.4674848e-03  -2.5010543e-03  -3.6342067e-03
  -9.8742780e-02   1.1287239e-01   6.3876223e-02   3.1451571e-03  -1.9609436e-03  -3.6100502e-03
  -9.9254514e-02   1.4029406e-01   3.4146463e-02   2.7226238e-03  -1.6855391e-03  -3.4760178e-03
  -1.0099893e-01   1.2999416e-01   5.3363706e-02   3.8132772e-03  -1.4013759e-03  -3.4131775e-03
  -9.5663715e-02   5.6454277e-03   6.4957687e-02   3.5597579e-03  -1.7908031e-03  -3.4275250e-03
  -9.7199911e-02   6.5521768e-02   4.1380126e-02   4.8392424e-03  -1.8334200e-03  -3.4480385e-03
  -7.5294212e-02   9.2406207e-02   8.4065327e-02   5.5095489e-03  -2.5578591e-03  -3.5833145e-03
