   0.0000000e+00   0.0000000e+00   1.4210855e-14   0.0000000e+00   0.0000000e+00   0.0000000e+00
  -4.4796239e-03  -6.6346318e-02   1.2397520e-02  -3.4636740e-04  -6.4580192e-05  -1.9601553e-04
   6.6354776e-03  -4.8200535e-02  -7.7931557e-03  -4.9105846e-04   1.8983376e-04  -1.9730688e-04
  -1.4320480e-02  -4.5954921e-02   4.5397067e-03  -8.3019564e-05  -7.1282224e-05  -1.3172628e-04
   3.0606455e-03  -1.1872620e-01   1.2280136e-03  -1.2674315e-03   1.7645194e-04  -1.8803589e-04
  -3.2409424e-03  -9.3436804e-02  -2.2289236e-02  -6.5286574e-04   2.1251009e-05  -8.6630047e-05
  -1.9493465e-03  -1.1636289e-01  -1.4724896e-02  -7.4950438e-04   3.8965404e-05   2.6036381e-05
  -3.2224366e-03  -1.3034365e-01  -2.8630990e-02  -9.3803908e-04   9.8231280e-05  -1.6435041e-04
  -1.8195576e-02  -9.6775802e-02  -2.0233113e-02  -2.5846980e-04  -6.3717556e-05  -1.9243538e-04
   1.1449904e-02  -9.5728090e-02  -2.2791075e-02  -8.7200390e-04   3.2798763e-04  -4.1980785e-04
  -1.5571296e-02  -8.5084492e-02  -1.9182764e-02  -6.1391495e-04  -7.6079591e-05  -3.5803257e-04
  -3.5208363e-02  -1.5871604e-01  -1.7634444e-02  -1.1006685e-03  -2.4526209e-04  -3.3300321e-04
  -2.9652124e-02  -1.1398892e-01  -3.3651451e-02  -1.2611895e-03  -3.8572266e-05  -3.8287951e-04
  -2.6139566e-02  -1.5609841e-02  -1.1829711e-04   2.0648280e-05   5.3049274e-06  -4.0758678e-04
  -2.1624831e-02  -1.1583766e-01  -1.5551781e-03  -1.4176226e-03   9.9679585e-07  -2.6165475e-04
  -1.7919883e-02  -1.1632434e-01  -1.3133762e-02  -8.7208223e-04   7.7289436e-05  -3.5074397e-04
  -4.5475133e-02  -7.1663737e-02   1.4465920e-02  -9.1546895e-04  -1.5276491e-04  -3.3869637e-04
  -4.8320937e-02  -7.6867633e-02  -8.4173062e-03  -8.1504031e-04  -1.8746859e-04  -3.4625540e-04
  -5.0453028e-02  -1.7113369e-01   7.3288740e-03  -1.3512654e-03  -2.4929260e-04  -4.5042911e-04
  -3.3491075e-02  -2.1994215e-01   7.6101764e-03  -2.2540863e-03   7.2498423e-05  -3.9092868e-04
  -4.2344227e-02  -1.4381033e-01   8.9218056e-03  -1.4079561e-03  -1.4768373e-04  -2.4433385e-04
  -3.1305937e-02  -1.8802384e-01   1.3724653e-02  -2.2971942e-03   9.4436229e-05  -3.4119200e-04
  -4.4373798e-02  -8.6823778e-02  -3.5048868e-03  -1.4405420e-03  -1.5498088e-04  -3.0600588e-04
  -4.1211096e-02  -1.0349167e-01  -8.1245856e-03  -1.5354428e-03  -8.4522915e-05  -3.3745118e-04
  -2.9273611e-02  -1.0190628e-01  -4.1394919e-02  -1.1898507e-03   9.9217291e-06  -1.8812225e-04
  -3.0221937e-02  -1.9340031e-01  -5.4402530e-02  -2.0354561e-03   1.0790878e-05  -2.1544624e-04
  -6.5401288e-02  -4.9457545e-02  -1.0844842e-02  -8.6093465e-04  -3.5333039e-04  -2.8840310e-04
  -3.7694496e-02  -1.2316497e-01  -3.3218300e-02  -1.4276167e-03  -6.1821162e-05  -2.7864062e-04
  -6.4972192e-02  -1.0220327e-01  -1.1039256e-02  -6.6116600e-04  -3.3274182e-04  -2.5442162e-04
  -4.8574004e-02  -1.2349862e-01  -1.0218160e-02  -1.4005143e-03  -1.3544770e-04  -3.0971984e-04
  -6.3563591e-02  -6.3380332e-02   1.1107744e-02  -9.3904814e-04  -2.8634510e-04  -2.7107404e-04
  -6.8258870e-02  -3.5552745e-02   2.5995944e-02  -6.5045241e-04  -3.8650053e-04  -2.2159842e-04
  -5.9606296e-02  -1.7596943e-01   1.2653755e-02  -1.3892465e-03  -3.0303509e-04  -2.3012797e-04
  -4.7509384e-02  -1.5075966e-01   7.8795702e-03  -1.9600391e-03  -1.3558282e-04  -1.7493941e-04
  -6.5691891e-02  -1.6026543e-01   1.2684238e-02  -1.1189732e-03  -3.4133425e-04  -2.5837410e-04
  -7.0058838e-02  -1.2716434e-01  -2.6734738e-02  -1.0690969e-03  -4.8195581e-04  -3.1565177e-04
  -9.3645542e-02   7.3574065e-02  -1.5437287e-01   4.2024480e-04  -5.6992864e-04  -2.9886986e-04
  -1.5620643e-01   1.5098170e-01  -3.4270003e-01   1.2478859e-03  -1.1988986e-03  -2.3901163e-04
  -2.4949903e-01   3.5215755e-01  -2.5114956e-01   4.8149375e-03  -1.9782275e-03  -7.7057977e-04
  -1.8514611e-01   4.3918450e-01  -3.5369867e-01   5.1015882e-03  -1.1791602e-03  -7.0735288e-04
  -1.8897512e-01   4.4451252e-01  -4.4527048e-01   4.7185377e-03  -1.3888019e-03  -4.3223564e-04
  -1.7648218e-01   3.9242040e-01  -4.3776541e-01   4.7480211e-03  -1.2412215e-03  -5.2074598e-04
  -1.7821317e-01   2.4911511e-01  -4.2545814e-01   2.4094661e-03  -1.3892625e-03  -3.1330443e-04
  -1.7019695e-01   2.8919158e-01  -4.3904709e-01   3.0570607e-03  -1.2525030e-03  -3.4790777e-04
  -1.7991880e-01   3.2194007e-01  -4.3505021e-01   3.0775306e-03  -1.3717993e-03  -1.8586134e-04
  -1.6988284e-01   2.3369073e-01  -4.1185688e-01   2.7316735e-03  -1.2606865e-03  -3.4453323e-04
  -1.7784697e-01   2.7600729e-01  -4.0283769e-01   2.8241252e-03  -1.2796392e-03  -2.6406635e-04
  -1.6692480e-01   2.5209222e-01  -4.1963817e-01   2.0904328e-03  -1.1387624e-03  -1.5929041e-04
  -1.7951766e-01   2.4427370e-01  -4.7298751e-01   2.4681222e-03  -1.2637971e-03  -1.7970734e-04
  -1.6914174e-01   4.8270300e-01  -4.8076274e-01   3.6420010e-03  -1.2657608e-03  -3.5038357e-04
  -1.6439073e-01   3.7840076e-01  -4.9134107e-01   2.9723364e-03  -1.1401434e-03  -1.0185151e-04
  -1.7598559e-01   2.6874453e-01  -4.6551484e-01   1.4924425e-03  -1.3140794e-03  -1.0725885e-04
  -1.7202922e-01   2.0900274e-01  -4.9564523e-01   2.1111115e-03  -1.2006464e-03  -8.2611233e-06
  -1.7579336e-01   3.5015095e-01  -4.9824768e-01   2.4405779e-03  -1.3522336e-03  -2.4753621e-05
  -1.7493377e-01   3.7855270e-01  -5.2494972e-01   3.2111128e-03  -1.2680851e-03  -3.2138944e-05
  -1.9005204e-01   3.3026054e-01  -4.9503669e-01   2.8139835e-03  -1.5292852e-03   2.8825023e-05
  -1.9167895e-01   2.5661562e-01  -4.9737317e-01   2.1813922e-03  -1.4982724e-03  -1.8934611e-05
  -1.8579567e-01   3.1724215e-01  -4.5364530e-01   2.4089346e-03  -1.4880544e-03   2.4832508e-05
  -1.8674375e-01   3.0906660e-01  -4.3719685e-01   2.1307618e-03  -1.5101407e-03   9.0466441e-05
  -1.7393400e-01   2.5120694e-01  -4.2151158e-01   1.5554007e-03  -1.4041942e-03   1.5268833e-04
  -1.6181128e-01   3.0490237e-01  -4.2998145e-01   2.0974472e-03  -1.2372498e-03   1.8724534e-04
  -1.8196692e-01   1.3367522e-01  -3.8729690e-01   7.3770643e-04  -1.4690650e-03   2.1248216e-04
  -1.7815409e-01   2.8371552e-01  -4.1171379e-01   2.2446150e-03  -1.4184459e-03   3.4935765e-04
  -1.6892270e-01   1.4380722e-01  -4.1673877e-01   9.8959870e-04  -1.3648216e-03   1.8880972e-04
  -1.5030899e-01   2.3868167e-01  -4.1158093e-01   1.3870252e-03  -1.1520659e-03   2.0659923e-04
  -1.6763358e-01   8.5524874e-02  -3.8271629e-01   5.5370717e-04  -1.4012226e-03   1.4041724e-04
  -1.8622572e-01   1.1787403e-01  -3.7005497e-01   6.0503258e-04  -1.4893033e-03   1.8227387e-04
  -1.8216890e-01   1.5799702e-01  -4.1102044e-01   1.2827155e-03  -1.4446268e-03   1.7332013e-04
  -1.9826445e-01   2.2944854e-01  -3.8155742e-01   1.5886473e-03  -1.5863435e-03   6.8983668e-05
  -2.0649469e-01   1.5155571e-01  -3.6056113e-01   1.1356729e-03  -1.5585586e-03   8.3030471e-05
  -1.8986300e-01   2.2340173e-01  -3.7265983e-01   7.9681310e-04  -1.1903599e-03   5.0395441e-05
  -2.0522981e-01   1.7557041e-01  -3.6321497e-01   8.4232987e-04  -1.3781492e-03   1.4355384e-04
  -2.0593979e-01   1.5741612e-01  -3.5981088e-01   3.6473887e-04  -1.4227463e-03   6.4878614e-05
  -1.8747240e-01   6.4340369e-02  -3.7401151e-01  -2.5577421e-04  -1.1297031e-03   1.9918180e-05
  -1.9779735e-01   8.1804629e-02  -3.7421327e-01   2.5109319e-04  -1.2980366e-03  -7.2942393e-05
  -1.8967808e-01   9.5401291e-02  -3.6256314e-01   7.0834372e-05  -1.1500519e-03  -6.1854411e-05
  -1.9333508e-01   2.1658984e-02  -3.3771504e-01  -1.2213044e-03  -1.1712522e-03  -7.3332865e-05
  -1.8941982e-01   5.4485667e-03  -2.8421782e-01  -4.6134319e-04  -1.1878984e-03  -6.1716046e-05
  -1.9686101e-01   7.2688883e-02  -3.5568046e-01  -6.5737950e-05  -1.3263917e-03   1.2169497e-04
  -1.8526016e-01   1.4377776e-01  -3.4475596e-01   1.8740437e-04  -1.1517540e-03   1.4085065e-06
  -2.0305999e-01   1.8386716e-01  -3.6781515e-01   5.4612139e-04  -1.4362270e-03   2.5949834e-05
  -1.8404145e-01   1.6449103e-01  -3.9548779e-01  -7.5882544e-05  -1.1542915e-03   5.4766467e-05
  -1.8218719e-01   1.3845935e-01  -3.4590328e-01   1.4694016e-04  -1.1030249e-03   8.5744204e-05
  -1.8234819e-01  -1.0418113e-02  -3.3923989e-01  -7.9846242e-04  -1.0359779e-03  -5.6941872e-05
  -1.7534647e-01   6.2282363e-02  -3.2227497e-01  -6.0076200e-04  -9.3234898e-04   6.5581209e-05
  -1.7741186e-01   8.6786540e-02  -3.0963263e-01  -2.7414570e-04  -1.0217725e-03  -4.7079454e-05
  -1.5863117e-01   2.0232779e-01  -3.5812848e-01   8.8311172e-04  -8.0325389e-04   1.9191726e-04
  -1.6896719e-01   1.9777026e-01  -3.5250157e-01   7.8856294e-04  -9.2068253e-04   2.8748448e-05
  -1.8084564e-01   2.6251728e-01  -3.4351659e-01   8.9485608e-04  -1.0997637e-03   9.5416808e-05
  -1.8539925e-01   1.4961627e-01  -3.3747240e-01   5.3895049e-04  -1.1772191e-03   8.5253536e-05
  -1.9656735e-01   1.1301822e-01  -3.0370173e-01   1.0281521e-05  -1.2277595e-03  -1.0996009e-05
  -1.9543275e-01   2.4581969e-01  -3.2281135e-01   1.2674184e-03  -1.1548735e-03   3.5658865e-05
  -1.9140435e-01   6.6320881e-02  -2.9318357e-01  -5.0830307e-04  -1.1610488e-03   7.8586231e-05
  -1.8651219e-01   2.2078951e-01  -2.9643039e-01   4.7616857e-04  -1.0141274e-03   9.0736000e-05
  -1.8569225e-01   2.3786225e-01  -3.1355352e-01   1.0021380e-03  -9.5896335e-04   2.2602091e-04
  -1.8237958e-01   2.4591599e-01  -3.3288189e-01   1.2261604e-03  -9.4072254e-04   2.3589533e-04
  -1.9335086e-01   2.5456440e-01  -3.2481299e-01   1.7657832e-03  -1.1204438e-03   1.6110853e-04
  -2.1572925e-01   2.6579534e-01  -3.2772077e-01   1.3892324e-03  -1.2934322e-03   2.3029930e-04
  -2.1178397e-01   2.4050049e-01  -3.0896574e-01   8.4173599e-04  -1.1710800e-03   2.8845258e-04
  -2.4252173e-01   2.5594501e-01  -3.0518121e-01   1.7584263e-03  -1.6368523e-03   2.4943198e-04
  -2.3237605e-01   1.1094460e-01  -2.8507011e-01   7.2986646e-04  -1.5026280e-03   2.7666957e-04
  -2.3289291e-01   2.7191736e-01  -2.6518925e-01   1.2443822e-03  -1.4871822e-03   2.3566630e-04
  -2.2799656e-01   1.1022624e-01  -2.8369942e-01   5.9374283e-04  -1.3839961e-03   2.8252276e-04
  -2.3579579e-01   1.2223628e-01  -2.6496733e-01  -8.8419525e-05  -1.5093138e-03   2.8094644e-04
  -2.3974171e-01   1.6151063e-01  -2.4792720e-01   6.6180297e-04  -1.5610191e-03   2.3798927e-04
  -2.4626012e-01   2.3127115e-01  -2.8057318e-01   8.3333404e-04  -1.6476773e-03   2.6614589e-04
  -2.4048250e-01   2.6199402e-01  -2.8228297e-01   1.1667388e-03  -1.5835947e-03   2.9249885e-04
  -2.4751872e-01   3.1146744e-01  -2.7058712e-01   1.9208901e-03  -1.6289412e-03   3.3492670e-04
  -2.3250476e-01   1.6466175e-01  -2.7283247e-01   7.4608933e-04  -1.4161200e-03   6.2657201e-04
  -2.3313637e-01   3.6932602e-01  -2.9275914e-01   2.3823845e-03  -1.4414483e-03   5.5585882e-04
  -2.6779016e-01   3.0548933e-01  -2.9858138e-01   1.5406229e-03  -1.9691025e-03   4.2651150e-04
  -2.6293084e-01   1.8583578e-01  -2.9504538e-01   7.8826410e-04  -1.8446744e-03   2.1278825e-04
  -2.5857437e-01   1.1349105e-01  -3.0088505e-01  -7.2300598e-04  -1.7243666e-03   3.7203412e-04
  -2.7157698e-01   3.0680080e-01  -3.0066811e-01   9.8261019e-04  -1.9435235e-03   4.0195840e-04
  -2.7498428e-01   2.7003916e-01  -3.1010354e-01   7.6694931e-04  -1.9859354e-03   5.0361562e-04
  -2.7736439e-01   1.4576299e-01  -3.0961180e-01   7.8729755e-04  -2.0243551e-03   4.2415082e-04
  -2.4287283e-01   1.8278025e-01  -3.5394924e-01   7.8224378e-04  -1.4740762e-03   6.0670354e-04
  -2.6606938e-01   2.9103825e-01  -3.3086139e-01   1.6410507e-03  -1.8380409e-03   4.6764553e-04
  -2.3691730e-01   1.9006332e-01  -3.7009345e-01   4.5167879e-04  -1.4603729e-03   3.1085835e-04
  -2.3949779e-01   3.5428989e-01  -3.6094022e-01   2.0611852e-03  -1.5224362e-03   5.3059171e-04
  -2.5319287e-01   2.8443135e-01  -3.1483420e-01   1.7928821e-03  -1.7429575e-03   5.7229113e-04
  -2.4529348e-01   2.9375839e-01  -3.4037156e-01   9.6247870e-04  -1.5247386e-03   7.0539768e-04
  -2.6758225e-01   1.9838339e-01  -2.9199733e-01   6.5419947e-04  -1.8931390e-03   6.8530241e-04
  -2.4562973e-01   3.2061382e-01  -3.4500947e-01   1.2256301e-03  -1.5101955e-03   6.5245266e-04
  -2.7999478e-01   3.2993906e-01  -3.4549140e-01   1.7742223e-03  -1.8353431e-03   7.6077501e-04
  -3.0794590e-01   4.5649291e-01  -3.2876112e-01   3.2702627e-03  -2.3690045e-03   6.0747094e-04
  -2.8512502e-01   3.3425147e-01  -3.1957810e-01   1.5495570e-03  -2.0318255e-03   5.4813914e-04
  -2.9561077e-01   4.2663245e-01  -3.0448281e-01   2.6613813e-03  -2.1135412e-03   6.7879094e-04
  -2.8689539e-01   3.1155332e-01  -3.0556977e-01   2.0431367e-03  -2.0459139e-03   7.0520234e-04
  -2.9744152e-01   2.9157821e-01  -2.7182145e-01   1.5370408e-03  -2.1197664e-03   7.4726619e-04
  -2.6918976e-01   3.4532916e-01  -2.9872131e-01   2.5242503e-03  -1.8213606e-03   7.3867905e-04
  -2.9962330e-01   2.5441605e-01  -2.4448853e-01   1.3535388e-03  -2.2498780e-03   7.8256235e-04
  -2.9741771e-01   1.4208405e-01  -2.5495651e-01   7.8140647e-04  -2.1615386e-03   7.5464788e-04
  -2.8938579e-01   2.3455071e-01  -2.5366400e-01   9.8040438e-04  -2.0356216e-03   9.2142072e-04
  -2.8280079e-01   2.8792560e-01  -2.4576793e-01   2.1150987e-03  -1.9879531e-03   7.7173966e-04
  -3.0459812e-01   3.5559080e-01  -2.5929384e-01   2.5222174e-03  -2.1959053e-03   8.8776078e-04
  -3.0260481e-01   3.1249266e-01  -2.8188506e-01   2.2459823e-03  -2.1565362e-03   9.1725292e-04
  -2.8312821e-01   4.1752403e-01  -2.6103687e-01   3.1523420e-03  -1.8805402e-03   1.0283256e-03
  -2.9684464e-01   3.5441534e-01  -2.3825513e-01   2.6976743e-03  -2.1429730e-03   9.8512637e-04
  -3.0358446e-01   3.7146311e-01  -2.3261203e-01   2.4684947e-03  -2.1363434e-03   1.0640782e-03
  -3.0232006e-01   2.9590899e-01  -2.3103815e-01   2.4432551e-03  -2.1260081e-03   9.4034111e-04
  -3.2223444e-01   3.8500856e-01  -2.3847991e-01   2.8414399e-03  -2.3245018e-03   1.2312727e-03
  -3.1076839e-01   3.7472448e-01  -2.3889455e-01   2.5896003e-03  -2.1117582e-03   9.6647394e-04
  -3.1315615e-01   2.4401608e-01  -2.4697602e-01   1.9454066e-03  -2.2470713e-03   9.5331191e-04
  -3.0982988e-01   4.0660278e-01  -2.3429143e-01   3.1935125e-03  -2.1375814e-03   1.0672278e-03
  -2.9962161e-01   3.7788597e-01  -2.5008429e-01   2.5092307e-03  -1.9755165e-03   1.0587892e-03
  -3.0210445e-01   4.4926422e-01  -2.7001807e-01   3.4639114e-03  -2.0554593e-03   1.1824538e-03
  -3.1402249e-01   2.5605874e-01  -2.4557394e-01   1.9451855e-03  -2.2211799e-03   1.0900791e-03
  -3.1463298e-01   4.1131013e-01  -2.5222726e-01   3.0400162e-03  -2.1466456e-03   9.9430370e-04
  -3.0191338e-01   3.2770133e-01  -2.7387081e-01   2.7165200e-03  -1.9270388e-03   1.0767926e-03
  -3.3681773e-01   5.3778092e-01  -2.3287104e-01   3.6409963e-03  -2.4189965e-03   1.0595968e-03
  -3.2755037e-01   3.7560995e-01  -2.4778148e-01   2.9525408e-03  -2.2724749e-03   1.0237846e-03
  -3.1175869e-01   4.2502239e-01  -2.4559486e-01   2.8250204e-03  -2.1171568e-03   1.2333033e-03
  -3.1775240e-01   3.7531706e-01  -2.3975934e-01   2.6775736e-03  -2.1924756e-03   1.1596934e-03
  -3.3388134e-01   3.8371858e-01  -2.4497800e-01   2.8943785e-03  -2.4166209e-03   1.0937273e-03
  -3.3383281e-01   3.0555154e-01  -2.5417516e-01   2.2610651e-03  -2.2891971e-03   1.2305021e-03
  -3.4920641e-01   3.7933237e-01  -2.4461480e-01   2.9491807e-03  -2.4828561e-03   1.2190634e-03
  -3.4547223e-01   3.0501514e-01  -2.4387651e-01   2.2104312e-03  -2.3624479e-03   1.2555181e-03
  -3.3662929e-01   4.5898349e-01  -2.3105595e-01   3.1294143e-03  -2.2807803e-03   1.2522356e-03
  -3.4709083e-01   3.2394507e-01  -2.5430908e-01   2.9873227e-03  -2.4490826e-03   1.2255991e-03
  -3.5266403e-01   3.6310490e-01  -2.4626542e-01   2.6821233e-03  -2.4741263e-03   1.2812815e-03
  -3.3766102e-01   3.8472886e-01  -2.3101084e-01   2.1324362e-03  -2.2766355e-03   1.1530241e-03
  -3.4931549e-01   3.8891550e-01  -2.4498962e-01   2.6544276e-03  -2.4917023e-03   1.1365744e-03
  -3.5296334e-01   3.5886122e-01  -2.4753660e-01   2.4854716e-03  -2.4672897e-03   1.1938074e-03
  -3.4685364e-01   3.7088936e-01  -2.8342864e-01   2.0641748e-03  -2.4884665e-03   1.0729297e-03
  -3.5272652e-01   3.4078709e-01  -2.4573636e-01   1.9320258e-03  -2.5518944e-03   9.6802028e-04
  -3.4322830e-01   2.9945621e-01  -2.7540244e-01   1.7070995e-03  -2.3578640e-03   1.1080830e-03
  -3.5182915e-01   3.5921163e-01  -2.3981670e-01   1.5931849e-03  -2.4433654e-03   1.1563786e-03
  -3.4700379e-01   3.1344942e-01  -2.2253167e-01   1.7783396e-03  -2.3311246e-03   1.0938365e-03
  -3.4387001e-01   3.8263820e-01  -2.5351203e-01   2.2046185e-03  -2.3218567e-03   1.1491949e-03
  -3.3438632e-01   2.5167196e-01  -2.5235738e-01   1.3843761e-03  -2.3035869e-03   1.0112037e-03
  -3.5232092e-01   3.9573348e-01  -2.5503287e-01   2.6171006e-03  -2.5419608e-03   1.3116040e-03
  -3.4042436e-01   2.3964276e-01  -2.2817271e-01   5.7385250e-04  -2.3237800e-03   1.1101938e-03
  -3.4381353e-01   4.0621147e-01  -2.5813738e-01   2.7915761e-03  -2.4475731e-03   9.8011675e-04
  -3.4961431e-01   3.4151125e-01  -2.6360570e-01   2.2464117e-03  -2.4200468e-03   1.1169009e-03
  -3.5533560e-01   4.0384230e-01  -2.6095442e-01   2.4572933e-03  -2.4353978e-03   1.0154102e-03
  -3.7572307e-01   2.5301472e-01  -2.3282803e-01   1.2925542e-03  -2.6509028e-03   9.5643542e-04
  -3.6325509e-01   3.3832210e-01  -2.7152164e-01   2.0823697e-03  -2.4385668e-03   1.0817039e-03
  -3.6908220e-01   2.7377821e-01  -2.5206213e-01   1.4934263e-03  -2.5473633e-03   9.8628667e-04
  -3.5638571e-01   4.3706908e-01  -2.8696991e-01   2.4568008e-03  -2.4698227e-03   9.6618259e-04
  -3.6286015e-01   3.9066631e-01  -2.7843423e-01   2.5753323e-03  -2.5434991e-03   1.0583365e-03
  -3.5457368e-01   4.0393217e-01  -2.5139230e-01   2.2933589e-03  -2.4239497e-03   9.0461106e-04
  -3.5596557e-01   4.5233285e-01  -2.3948605e-01   3.1623440e-03  -2.4288319e-03   1.0283268e-03
  -3.5311063e-01   4.2989854e-01  -2.2955380e-01   2.5792091e-03  -2.4480338e-03   9.8819869e-04
  -3.5769834e-01   4.4319253e-01  -2.2730405e-01   3.4726968e-03  -2.6026396e-03   8.1159093e-04
  -3.6411485e-01   4.4998890e-01  -2.1562250e-01   3.2011575e-03  -2.6145072e-03   9.0501345e-04
  -3.7141827e-01   5.5798810e-01  -2.1978566e-01   3.6429697e-03  -2.6169758e-03   8.8229731e-04
  -3.8644677e-01   4.5881358e-01  -2.1637171e-01   3.6010258e-03  -2.9292045e-03   9.7830730e-04
  -3.9268640e-01   3.7554269e-01  -1.8906178e-01   2.5032940e-03  -2.9895791e-03   8.2672422e-04
  -3.9507599e-01   4.5812341e-01  -1.9257375e-01   3.2167076e-03  -2.9827656e-03   8.0786714e-04
  -4.0530132e-01   4.7360747e-01  -1.2114529e-01   3.4345749e-03  -3.0895979e-03   9.5610086e-04
  -3.9270327e-01   5.3735501e-01  -3.1532663e-01   3.9572951e-03  -3.0935951e-03   6.9756801e-04
  -3.4841500e-01   3.8012781e-01  -2.7493469e-01   1.6871512e-03  -2.8117110e-03   7.1221941e-04
  -3.6747124e-01   4.1805454e-01  -1.7766422e-01   2.8782412e-03  -2.9138447e-03   7.8699395e-04
  -3.6664799e-01   4.6308749e-01  -2.1415683e-01   3.8735867e-03  -2.9379864e-03   8.4767528e-04
  -3.5897932e-01   5.1860263e-01  -1.7066885e-01   3.7893976e-03  -2.7551153e-03   8.9436019e-04
  -3.7484915e-01   4.5961999e-01  -1.7688361e-01   3.0574402e-03  -2.8989560e-03   8.7912598e-04
  -3.7403456e-01   4.8424433e-01  -1.7375040e-01   3.8120370e-03  -2.8955249e-03   7.9927324e-04
  -3.7138675e-01   5.2436861e-01  -1.8290844e-01   3.6322547e-03  -2.8182354e-03   8.3042164e-04
  -3.6593571e-01   4.9538263e-01  -1.7679477e-01   3.5318782e-03  -2.7198391e-03   8.6736347e-04
  -3.7724692e-01   5.0208009e-01  -1.8596248e-01   3.8665830e-03  -2.9772291e-03   8.8518819e-04
  -3.6967123e-01   5.3087107e-01  -1.6294026e-01   3.3121816e-03  -2.8146311e-03   8.3454043e-04
  -3.8720128e-01   5.1504296e-01  -1.5694409e-01   3.2459823e-03  -3.0955803e-03   7.4344497e-04
  -3.8695102e-01   3.4865122e-01  -1.2081421e-01   1.8976213e-03  -3.0967784e-03   7.5661949e-04
  -3.8482459e-01   4.1786678e-01  -1.5650550e-01   2.5140766e-03  -3.1452645e-03   7.3941011e-04
  -3.7974086e-01   3.6077149e-01  -1.3224387e-01   2.0193734e-03  -3.1443546e-03   6.6822212e-04
  -3.8393801e-01   5.5691765e-01  -2.2891761e-01   3.4920621e-03  -3.1498139e-03   5.6960741e-04
  -4.0604596e-01   3.7564576e-01  -5.0242394e-01   1.2957938e-03  -3.6120255e-03   6.4937898e-04
  -3.9088167e-01   3.0985314e-01  -5.5943113e-01   6.3861120e-04  -3.5204247e-03   8.6332850e-04
