   0.0000000e+00   0.0000000e+00   0.0000000e+00   0.0000000e+00   0.0000000e+00   0.0000000e+00
  -4.4661600e-03   6.9506427e-02  -5.9075493e-03  -6.4624112e-04  -1.9063681e-04   1.6743675e-04
  -1.9304509e-02  -6.5258363e-02  -2.5816294e-02  -7.0797811e-04  -5.3206658e-04  -9.9296840e-05
  -2.2978621e-02  -8.5212516e-02  -1.0692123e-01  -1.3711511e-03  -4.9780955e-04  -1.1861462e-04
  -2.0458690e-02   4.7733244e-02  -2.4073048e-03  -1.6173430e-03  -5.0045802e-04   9.5635556e-05
  -1.4971122e-02  -3.3899754e-02  -8.2116959e-03  -1.3928101e-03  -3.5976709e-04   9.2305702e-05
  -4.2203032e-03  -1.8054244e-03   1.4299905e-02  -3.1492679e-04  -2.6054456e-04   1.8868547e-04
  -9.8430003e-03   3.5844236e-02  -2.7941185e-02  -7.8630307e-04  -2.9551631e-04   2.2265046e-04
  -1.8898185e-02  -4.8684968e-02  -6.6585020e-02  -8.4290486e-04  -5.0621354e-04   1.6003870e-04
  -7.1445180e-03  -3.2865408e-02  -5.2516735e-02  -1.1969238e-03  -2.7534328e-04   2.1492257e-04
   2.8572367e-03  -4.3827292e-02  -3.0478051e-02  -1.4361557e-03   5.6567561e-05   2.9896330e-04
   8.3013126e-03  -6.7510230e-02  -4.8973826e-02  -1.1029467e-03  -4.6695585e-05   2.9631581e-04
   1.4193099e-02   6.2218879e-03  -3.6304208e-02  -1.5152387e-03  -7.6446798e-05   1.4471589e-04
   1.0327283e-02   1.2094582e-02  -4.9637087e-02  -2.6106290e-04   2.0251893e-04   2.7257637e-04
   4.6803352e-04  -4.7431385e-02  -6.0538116e-02  -5.0739702e-04   3.7505352e-05   1.4870428e-04
  -1.2751649e-02  -4.1294937e-02  -1.2239658e-01  -2.0352013e-03  -2.5329187e-04   5.9548492e-05
  -3.7649296e-03  -8.2707374e-02  -1.2205161e-01  -1.1638005e-03   6.1400158e-05   1.4228407e-04
   4.1698713e-04  -8.7822616e-02  -9.1219974e-02  -1.3741672e-03   1.3028402e-05   9.3725920e-05
  -6.7384202e-03   7.6263521e-03  -1.0425916e-01  -2.7436729e-03  -1.5968884e-04   2.3553199e-04
  -1.1863814e-02  -1.2091615e-01  -1.1794858e-01  -2.0080142e-03   3.8444231e-04  -6.6892386e-04
  -3.0550515e-02  -2.4230534e-02  -9.1648815e-02  -1.0638637e-03   1.5752633e-04  -7.3294038e-04
  -2.1050089e-02  -4.0166848e-02  -1.5171318e-01  -2.6347562e-03   6.4908173e-05  -4.2001382e-04
  -1.2892443e-02  -2.5272260e-02  -1.2459100e-01  -1.7036052e-03  -2.0426651e-05  -2.9759513e-04
  -1.0096717e-02  -5.4604766e-02  -1.5249646e-01  -1.5680191e-03   1.1423633e-04  -2.4357111e-04
  -9.7871931e-03  -1.7893593e-02  -1.0393237e-01  -2.0159225e-03   1.2191680e-04  -3.3725594e-04
  -3.4282914e-03  -9.4957859e-02  -1.2368200e-01  -6.3619894e-04   2.9700704e-04  -4.1524866e-04
   6.6237586e-03  -3.1108229e-02  -4.0550678e-02  -7.1502908e-04   4.5681710e-04  -3.5888548e-04
  -1.3907876e-02  -2.6620425e-02  -9.5452439e-02  -1.4853552e-03   2.2954515e-04  -4.5059151e-04
  -1.1572306e-02   6.8024314e-03  -8.9382019e-02  -2.7927882e-03   2.9675871e-04  -4.7390100e-04
  -1.5703365e-02  -9.7451249e-03  -9.7096177e-02  -1.6725585e-03   3.0944243e-04  -5.5176645e-04
  -1.8118539e-02  -4.3041493e-02  -1.1362253e-01  -2.1282785e-03   1.7506995e-04  -5.7998439e-04
  -2.6643046e-02  -4.6042129e-02  -1.4602202e-01  -3.2558748e-03   2.8740899e-04  -4.8962605e-04
  -3.2236811e-02  -1.2617115e-01  -2.2636235e-01  -4.1623478e-03   5.0014450e-04  -4.6122513e-04
  -3.3771412e-02  -1.4993718e-01  -2.0757398e-01  -3.8583573e-03   3.2686631e-04  -4.4753347e-04
  -4.6652242e-02  -1.1164842e-01  -2.1751235e-01  -5.4155286e-03   5.0958706e-04  -7.1363054e-04
  -6.1721414e-02  -9.4362868e-02  -2.4749335e-01  -3.5538082e-03   6.0888069e-04  -7.7333784e-04
  -4.9605393e-02  -1.1262649e-01  -2.0265474e-01  -4.0469693e-03   5.9899897e-04  -7.2347708e-04
  -5.7316669e-02  -1.0064645e-01  -2.0943170e-01  -3.9904818e-03   4.9415647e-04  -7.6255255e-04
  -3.5739980e-02  -9.8339692e-02  -1.8992599e-01  -2.9551898e-03   5.7044352e-04  -8.3064212e-04
  -2.3413267e-02  -2.5772646e-02  -1.6851469e-01  -3.0834230e-03   7.3126813e-04  -9.6246551e-04
  -3.2728655e-02  -4.9980355e-02  -1.7789391e-01  -2.1731241e-03   5.3020225e-04  -7.8111583e-04
  -3.6958451e-02  -1.1831153e-02  -1.8502890e-01  -2.6186554e-03   6.8046881e-04  -6.7289010e-04
  -5.6385742e-02   1.8221225e-02  -1.9596092e-01  -3.1236310e-03   6.4210531e-04  -7.1649199e-04
  -6.7974317e-02  -8.7986177e-02  -2.4256295e-01  -3.2891259e-03   5.1515732e-04  -8.9370784e-04
  -5.5405280e-02  -6.2356628e-02  -2.2455608e-01  -4.8390286e-03   6.9411755e-04  -7.9202847e-04
  -6.6169769e-02  -9.2882317e-02  -2.3641687e-01  -3.7412864e-03   5.9240209e-04  -9.7123073e-04
  -6.0780458e-02  -1.2073334e-01  -2.2816410e-01  -4.7898602e-03   4.0556183e-04  -8.0785845e-04
  -6.1821183e-02  -1.0382948e-01  -2.4124565e-01  -4.6200570e-03   1.6564844e-04  -9.8596882e-04
  -5.1777330e-02  -5.6138960e-02  -1.8591257e-01  -3.0573619e-03   2.7880339e-04  -8.9159427e-04
  -4.5631599e-02  -3.8947269e-02  -1.3471437e-01  -2.2665404e-03   3.0888858e-04  -9.0649036e-04
  -3.9925606e-02  -6.7995578e-02  -1.5228981e-01  -1.9281567e-03   4.2379558e-04  -9.3362334e-04
  -5.4075542e-02  -5.2063116e-02  -1.5845613e-01  -2.5288286e-03   1.4854618e-04  -1.0703784e-03
  -4.6685807e-02  -9.7662653e-03  -1.2185687e-01  -2.3305752e-03   4.6687023e-04  -1.0526174e-03
  -3.3864709e-02  -1.0900037e-01  -1.2932867e-01  -2.1736654e-03   4.8439144e-04  -1.0273710e-03
  -4.0523075e-02   3.4149424e-03  -1.4180183e-01  -3.4526992e-03   5.6208817e-04  -1.0263538e-03
  -3.7417928e-02  -1.3551576e-02  -1.5039969e-01  -2.0940814e-03   8.6052007e-04  -9.6353450e-04
  -3.9059236e-02   1.2306581e-02  -1.5224184e-01  -3.2204937e-03   8.0173990e-04  -9.8241092e-04
  -3.2594483e-02   1.4049796e-02  -1.3983038e-01  -2.4782649e-03   9.5757097e-04  -1.0528241e-03
  -3.6652408e-02  -6.7417670e-02  -1.5104972e-01  -3.1314858e-03   7.8050486e-04  -9.8277853e-04
  -3.1685231e-02  -8.8829753e-02  -1.4144725e-01  -3.1742122e-03   7.5082081e-04  -1.0435085e-03
  -2.8557732e-02  -5.0224368e-02  -1.6466047e-01  -3.4352831e-03   8.0419779e-04  -9.9755999e-04
  -1.9355774e-02  -5.2399714e-02  -1.3227958e-01  -3.9166382e-03   1.0166431e-03  -9.4075869e-04
  -4.0985714e-02  -2.6214161e-02  -1.8019370e-01  -3.4875324e-03   6.3437268e-04  -9.6803076e-04
  -4.7674848e-02   1.0026805e-02  -1.8431519e-01  -4.4717416e-03   7.7631387e-04  -9.7932386e-04
  -5.2238122e-02  -6.5433673e-02  -2.2155111e-01  -3.0136361e-03   6.1852871e-04  -1.0273974e-03
  -5.6828567e-02  -4.8380314e-02  -2.3607608e-01  -5.2598715e-03   6.8694217e-04  -1.0911535e-03
  -7.6654494e-02  -1.1954777e-02  -2.6872092e-01  -4.0673961e-03   5.0653497e-04  -1.0877009e-03
  -7.5914119e-02  -7.6690509e-02  -3.4080463e-01  -6.4643162e-03   2.5867834e-04  -1.0770359e-03
  -7.0996356e-02  -9.0900398e-02  -3.1340160e-01  -5.8125475e-03   5.9568471e-04  -1.1478060e-03
  -5.7425234e-02  -1.5071866e-01  -2.9090440e-01  -5.7610346e-03   4.8971687e-04  -1.0606594e-03
  -5.7691415e-02  -3.8482225e-02  -2.7108838e-01  -5.0445918e-03   5.7718836e-04  -1.2255543e-03
  -5.8036039e-02  -1.0270203e-01  -2.7211889e-01  -4.9964116e-03   4.7248471e-04  -1.1347269e-03
  -6.6835475e-02  -6.4320718e-02  -3.0644850e-01  -5.2810050e-03   3.0115923e-04  -1.3026171e-03
  -6.6928816e-02  -8.6348882e-02  -2.6667304e-01  -4.2871154e-03   3.4410942e-04  -1.1431340e-03
  -7.0378408e-02  -8.8876647e-02  -2.9530046e-01  -5.4981136e-03   2.3822406e-04  -1.2274965e-03
  -8.0392012e-02  -2.7804433e-02  -3.2061308e-01  -5.0735568e-03   3.0453365e-04  -1.2562898e-03
  -8.4912634e-02  -4.5891411e-02  -3.3543686e-01  -5.3818952e-03   1.9859660e-04  -1.2600889e-03
  -8.9706885e-02  -1.7945094e-02  -2.9838872e-01  -5.1427968e-03   4.8572807e-04  -1.2518957e-03
  -8.8144340e-02  -1.0533148e-01  -3.2986427e-01  -4.6873342e-03   2.8510797e-04  -1.1923699e-03
  -9.9806602e-02  -8.8007269e-02  -4.2150913e-01  -7.4267812e-03   1.0189021e-04  -1.3332317e-03
  -1.1194263e-01  -7.4964109e-02  -4.0656814e-01  -6.9281118e-03  -1.0962055e-04  -1.3066187e-03
  -1.0848663e-01  -1.2286279e-01  -4.1196903e-01  -7.6301479e-03  -8.9152829e-05  -1.4304132e-03
  -9.7245798e-02  -1.5943708e-01  -3.9582516e-01  -6.9287652e-03   9.3171592e-05  -1.3610763e-03
  -9.9802430e-02  -1.7926587e-01  -3.9662286e-01  -6.7381111e-03  -1.9942202e-04  -1.4186710e-03
  -9.0701409e-02  -1.0032789e-01  -3.7050904e-01  -7.1982903e-03  -7.3526975e-05  -1.3463730e-03
  -8.4014968e-02  -1.0841940e-01  -4.1540174e-01  -6.7035317e-03   1.1084608e-04  -1.2509474e-03
  -9.4064340e-02  -1.6892301e-01  -4.7287404e-01  -8.1007694e-03  -2.8928626e-04  -1.1190915e-03
  -1.0211815e-01  -1.1546884e-01  -4.5458020e-01  -8.1246438e-03  -1.8106573e-05  -1.2555377e-03
  -1.0311920e-01  -2.1072137e-01  -4.4935478e-01  -7.7419405e-03  -2.7669555e-04  -1.1958097e-03
  -1.1356089e-01  -1.7013922e-01  -4.6727234e-01  -8.8424366e-03  -1.3860106e-04  -1.2754419e-03
  -1.1727235e-01  -1.3249576e-01  -4.6990732e-01  -8.2256408e-03  -3.5868364e-04  -1.2451240e-03
  -1.0795222e-01  -1.6794322e-01  -4.3026131e-01  -8.3313446e-03   8.9410101e-05  -1.2729245e-03
  -1.0530694e-01  -1.6960710e-01  -4.2686255e-01  -8.5211086e-03   2.1361389e-04  -1.3000125e-03
  -1.1475933e-01  -1.2357346e-01  -4.6078566e-01  -8.1296677e-03  -1.5606036e-04  -1.2996048e-03
  -1.1005912e-01  -9.4143288e-02  -5.6121291e-01  -1.0593514e-02  -1.1399355e-05  -1.0949758e-03
  -1.1877247e-01  -1.1673017e-01  -5.1246913e-01  -9.1176317e-03  -4.8364404e-05  -1.2066274e-03
  -1.2522846e-01  -1.7249454e-01  -5.1829250e-01  -1.0113255e-02  -2.6005393e-04  -1.3466918e-03
  -1.3156997e-01  -1.3525532e-01  -5.7341837e-01  -1.0624043e-02  -2.8897815e-04  -1.1926107e-03
  -1.2137396e-01  -2.0399105e-01  -5.5348820e-01  -1.0347732e-02  -3.6302492e-04  -1.3597109e-03
  -1.2819329e-01  -1.9388797e-01  -6.4002834e-01  -1.2419218e-02  -2.4353136e-04  -1.3644740e-03
  -1.2857935e-01  -1.5889099e-01  -6.3082332e-01  -1.1554948e-02  -4.1634120e-04  -1.3196062e-03
  -1.3134278e-01  -2.1166829e-01  -6.2128117e-01  -1.2652467e-02  -4.7106367e-04  -1.3520207e-03
  -1.2409715e-01  -1.5064083e-01  -6.2286805e-01  -1.2638356e-02  -3.4802721e-04  -1.3217640e-03
  -1.2245331e-01  -2.1622846e-01  -6.1419839e-01  -1.1239782e-02  -2.6563389e-04  -1.3409963e-03
  -1.1876187e-01  -1.9632647e-01  -6.3248790e-01  -1.2494630e-02  -2.7578355e-04  -1.3551312e-03
  -1.2467994e-01  -1.7996748e-01  -6.3285653e-01  -1.1807094e-02  -2.4489396e-04  -1.5173820e-03
  -1.2264193e-01  -2.7952615e-01  -6.2428962e-01  -1.2205416e-02  -5.6604410e-04  -1.4369026e-03
  -1.3210093e-01  -1.7598057e-01  -6.5827544e-01  -1.2151720e-02  -5.7003671e-04  -1.3805414e-03
  -1.2401698e-01  -2.2994583e-01  -6.5688417e-01  -1.1658389e-02  -5.8789368e-04  -1.3931495e-03
  -1.3516904e-01  -1.7002006e-01  -6.2519269e-01  -1.2421422e-02  -5.3049512e-04  -1.6542343e-03
  -1.2932241e-01  -1.4483215e-01  -6.0345698e-01  -1.1256622e-02  -4.3542755e-04  -1.5049281e-03
  -1.2418778e-01  -1.3764845e-01  -5.5266355e-01  -1.2137019e-02  -5.2039974e-04  -1.3206356e-03
  -1.2612025e-01  -7.3761334e-02  -5.4319282e-01  -1.0920490e-02  -4.1757934e-04  -1.5061373e-03
  -1.3276936e-01  -1.9044124e-01  -5.6441286e-01  -1.0258842e-02  -3.3352848e-04  -1.4684963e-03
  -8.2777062e-02  -5.5016849e-02  -4.9806369e-01  -1.0000602e-02  -3.6807257e-04  -1.0514669e-03
  -7.6255032e-02  -1.3232251e-01  -4.5395594e-01  -7.0771774e-03  -3.3362650e-05  -1.5190267e-03
  -8.4212342e-02  -3.7408793e-02  -5.3969028e-01  -7.8826520e-03   3.2949203e-04  -1.5362769e-03
  -7.7381105e-02  -1.9726189e-02  -4.6083447e-01  -6.5083893e-03   2.6485914e-04  -1.5738585e-03
  -8.0363963e-02  -1.0173074e-01  -4.9399917e-01  -7.0341218e-03   2.6542473e-04  -1.7077324e-03
  -7.4145196e-02  -8.1828738e-02  -4.7893748e-01  -7.0582949e-03   4.4979154e-04  -1.7521215e-03
  -6.9740722e-02  -1.5007652e-01  -4.9809228e-01  -7.5921638e-03   5.3109938e-04  -1.5245184e-03
  -6.7941811e-02  -3.3642016e-02  -4.8945931e-01  -8.1157636e-03   6.4956885e-04  -1.5939281e-03
  -6.9483266e-02  -1.0757658e-01  -5.4730669e-01  -6.9680600e-03   9.5836106e-04  -1.7247217e-03
  -7.5374736e-02  -1.0777093e-01  -5.9835914e-01  -9.5908820e-03   7.2111044e-04  -1.6565490e-03
  -7.1120236e-02  -9.6492282e-02  -5.4902209e-01  -7.9450025e-03   8.3185168e-04  -1.5045304e-03
  -8.2497611e-02  -1.6088820e-01  -5.8028677e-01  -9.2062773e-03   6.5628174e-04  -1.5378796e-03
  -9.7648907e-02  -7.3460205e-02  -6.4001548e-01  -1.0277497e-02   3.8417500e-04  -1.4881261e-03
  -1.1114296e-01  -1.4257227e-01  -6.3717147e-01  -9.8050301e-03   1.0033653e-04  -1.3985144e-03
  -1.1154226e-01  -1.2419546e-01  -7.2057190e-01  -1.1100764e-02   2.7549439e-04  -1.5426436e-03
  -9.4765335e-02  -1.5451122e-01  -6.6917090e-01  -9.9564934e-03   2.4945404e-04  -1.4270968e-03
  -1.0114896e-01  -1.3282517e-01  -7.6070979e-01  -1.1539457e-02   1.5300868e-04  -1.5511918e-03
  -1.1665546e-01  -1.1168347e-01  -7.1743802e-01  -1.0990867e-02  -1.6918113e-04  -1.5596435e-03
  -1.1162293e-01  -1.6513623e-01  -7.3095817e-01  -1.2156110e-02  -2.8945602e-05  -1.6747570e-03
  -1.0876203e-01  -1.5894188e-01  -6.8382890e-01  -1.1457515e-02   9.6103781e-06  -1.7499945e-03
  -1.1003612e-01  -1.6279181e-01  -6.6942283e-01  -1.0902204e-02  -1.0103169e-04  -1.7857504e-03
  -1.1115919e-01  -1.2385100e-01  -6.7732318e-01  -1.1366609e-02  -1.0163543e-04  -1.8688672e-03
  -1.1231120e-01  -1.6209827e-01  -6.9857529e-01  -1.0642555e-02  -1.0134020e-05  -1.7712215e-03
  -1.0784275e-01  -1.5902484e-01  -6.7929813e-01  -1.1955120e-02  -1.5515089e-04  -1.6375194e-03
  -1.1220839e-01  -1.6783715e-01  -6.9159868e-01  -1.1503140e-02  -2.3937259e-04  -1.7038938e-03
  -9.8386975e-02  -1.8642856e-01  -6.6657744e-01  -1.1748258e-02  -1.7927416e-04  -1.7238676e-03
  -9.7558282e-02  -1.8933409e-01  -7.0685428e-01  -1.1678670e-02  -1.9079398e-04  -1.7589950e-03
  -9.4972603e-02  -1.9815022e-01  -7.0555532e-01  -1.1136727e-02  -1.3806458e-04  -1.7787570e-03
  -1.0278202e-01  -1.2134383e-01  -7.1186294e-01  -1.2172305e-02  -2.2020981e-04  -1.8429211e-03
  -9.4263873e-02  -1.6122858e-01  -6.7796179e-01  -1.0922625e-02   5.5351263e-05  -1.7160403e-03
  -9.8121359e-02  -1.9237169e-01  -6.9565329e-01  -1.0705283e-02  -1.2423833e-04  -1.7827261e-03
  -1.0769809e-01  -1.2467161e-01  -7.8009937e-01  -1.2736141e-02  -1.1014395e-04  -1.6717778e-03
  -1.2067800e-01  -1.2396862e-01  -7.8678848e-01  -1.1782932e-02  -3.9392056e-04  -1.5208190e-03
  -1.4048387e-01  -1.4770311e-01  -8.5533426e-01  -1.2994568e-02  -8.7472405e-04  -1.7250636e-03
  -1.3218880e-01  -1.8988477e-01  -7.9550770e-01  -1.2312850e-02  -5.4721683e-04  -1.4016401e-03
  -1.2711193e-01  -2.3157040e-01  -8.1841883e-01  -1.3088393e-02  -6.7922237e-04  -1.6100831e-03
  -1.2959292e-01  -1.0591252e-01  -8.2934464e-01  -1.3432182e-02  -5.0653570e-04  -1.6610439e-03
  -1.4480651e-01  -1.1654703e-01  -8.4720465e-01  -1.2344852e-02  -9.1971399e-04  -1.5080315e-03
  -1.4573145e-01  -1.0890498e-01  -9.2433237e-01  -1.4430296e-02  -9.4764920e-04  -1.3582002e-03
  -1.4673081e-01  -1.5543191e-01  -8.4997495e-01  -1.3286155e-02  -1.0174218e-03  -1.4848165e-03
  -1.5253140e-01  -2.0237044e-01  -8.9983487e-01  -1.4345768e-02  -1.0234247e-03  -1.4457369e-03
  -1.4497140e-01  -1.5935694e-01  -8.8841229e-01  -1.3311585e-02  -8.3719195e-04  -1.2948248e-03
  -1.5583385e-01  -1.6289693e-01  -8.5562912e-01  -1.4079699e-02  -1.1948558e-03  -1.4487102e-03
  -1.5326465e-01  -7.7450035e-02  -8.3593302e-01  -1.3638716e-02  -1.0107747e-03  -1.2594178e-03
  -1.4545726e-01  -1.9157665e-01  -8.4412974e-01  -1.3509614e-02  -1.0980174e-03  -1.3464933e-03
  -1.3577531e-01  -1.7944378e-01  -8.3237495e-01  -1.4033605e-02  -9.9700308e-04  -1.2954194e-03
  -1.3970211e-01  -1.5133396e-01  -8.5348185e-01  -1.3474396e-02  -1.1516549e-03  -1.4142350e-03
  -1.3126312e-01  -7.3997753e-02  -8.5089866e-01  -1.4336674e-02  -1.0109339e-03  -1.2399809e-03
  -1.3230675e-01  -1.3214569e-01  -8.6094920e-01  -1.3837495e-02  -1.2116874e-03  -1.4468596e-03
  -1.1135750e-01  -2.0873765e-01  -8.6684003e-01  -1.4447470e-02  -9.6595984e-04  -1.1136378e-03
  -1.1822705e-01  -1.9554601e-01  -8.6416577e-01  -1.4056579e-02  -1.1315180e-03  -1.2655917e-03
  -1.1562425e-01  -1.7364266e-01  -8.5052370e-01  -1.3810065e-02  -1.1200663e-03  -1.0937356e-03
  -1.1669457e-01  -9.9311908e-02  -8.2192706e-01  -1.4407477e-02  -9.2314253e-04  -1.2200039e-03
  -1.1515874e-01  -1.9295701e-01  -8.2153020e-01  -1.3843457e-02  -1.0056733e-03  -1.2847062e-03
  -1.1399439e-01  -1.9068632e-01  -8.2510456e-01  -1.4125829e-02  -1.0563291e-03  -1.3498878e-03
  -1.3965528e-01  -6.8795956e-02  -8.7483277e-01  -1.5267938e-02  -1.4316690e-03  -1.4135280e-03
  -1.3586164e-01  -1.8130882e-01  -9.1224022e-01  -1.5050788e-02  -1.2706000e-03  -1.2283459e-03
  -1.6918112e-01  -1.7460572e-01  -1.0385696e+00  -1.7028994e-02  -2.1235874e-03  -1.0633071e-03
  -1.7762638e-01  -2.4875619e-01  -9.7439773e-01  -1.6258527e-02  -2.2855965e-03  -1.4025551e-03
  -1.3884818e-01  -2.7075200e-01  -9.3626954e-01  -1.5734085e-02  -1.7667686e-03  -1.1746145e-03
  -1.5692309e-01  -1.8319610e-01  -9.1360023e-01  -1.5592694e-02  -1.5859533e-03  -1.3883213e-03
  -1.4780312e-01  -2.7471755e-01  -9.6864066e-01  -1.4599004e-02  -1.5308970e-03  -1.4531070e-03
  -1.4593065e-01  -1.9815850e-01  -8.9630558e-01  -1.5919408e-02  -1.7571812e-03  -1.4752114e-03
  -1.5001076e-01  -2.4799806e-01  -9.0889315e-01  -1.4240002e-02  -1.7818688e-03  -1.7667787e-03
  -1.4277538e-01  -2.8071618e-01  -8.4688602e-01  -1.4612729e-02  -1.8006559e-03  -1.6203532e-03
  -1.5770764e-01  -1.3569758e-01  -8.3090401e-01  -1.4375006e-02  -1.6164854e-03  -1.9053003e-03
  -1.4918756e-01  -2.3414344e-01  -8.1961747e-01  -1.3868000e-02  -1.3493797e-03  -1.6497069e-03
  -1.5052137e-01  -2.1226669e-01  -8.1789516e-01  -1.4168534e-02  -1.3481918e-03  -1.7214025e-03
  -1.4556577e-01  -2.2552950e-01  -8.1354662e-01  -1.4205618e-02  -9.1725080e-04  -1.8382147e-03
  -1.5644558e-01  -2.5547841e-01  -8.1255534e-01  -1.3967390e-02  -1.1290141e-03  -2.1180852e-03
  -1.8664886e-01  -2.1458119e-01  -8.2346567e-01  -1.4347364e-02  -1.4639605e-03  -2.4899461e-03
  -1.8158417e-01  -2.3480936e-01  -8.3162024e-01  -1.4109055e-02  -1.2490579e-03  -2.5444245e-03
  -1.7977629e-01  -2.0005737e-01  -8.1693002e-01  -1.3844771e-02  -1.1949688e-03  -2.4811855e-03
  -1.6687289e-01  -1.8068941e-01  -8.0563443e-01  -1.3700875e-02  -8.7503561e-04  -2.3985103e-03
  -1.6784324e-01  -2.5502845e-01  -8.1133475e-01  -1.3614112e-02  -9.4954305e-04  -2.4354524e-03
  -1.7388418e-01  -1.8854119e-01  -7.7788172e-01  -1.4303430e-02  -9.5740027e-04  -2.3806701e-03
  -1.6137357e-01  -2.1510495e-01  -7.8803176e-01  -1.3492141e-02  -7.5664004e-04  -2.2133493e-03
  -1.5184928e-01  -2.8312819e-01  -7.9983588e-01  -1.3381206e-02  -7.3701420e-04  -2.2557035e-03
  -1.6188448e-01  -1.5537936e-01  -8.0737436e-01  -1.3900535e-02  -7.8243286e-04  -2.3001337e-03
  -1.6245494e-01  -2.0965753e-01  -8.0438078e-01  -1.3310776e-02  -7.6061602e-04  -2.1689969e-03
  -1.6136229e-01  -1.7310569e-01  -8.6476695e-01  -1.4254343e-02  -9.0654214e-04  -2.1166175e-03
  -1.5543869e-01  -2.1625294e-01  -8.4428914e-01  -1.3951518e-02  -8.7276885e-04  -2.0313838e-03
  -1.4084456e-01  -2.3289193e-01  -8.4321986e-01  -1.5130477e-02  -9.1108165e-04  -2.1224158e-03
  -1.4643225e-01  -2.0808077e-01  -8.7587000e-01  -1.4781506e-02  -9.7410081e-04  -1.8432305e-03
  -1.5669062e-01  -1.8375258e-01  -9.0342492e-01  -1.6098653e-02  -1.0155091e-03  -1.7025175e-03
  -1.5952770e-01  -1.4942292e-01  -8.8994396e-01  -1.5420761e-02  -9.7458439e-04  -1.6708746e-03
  -1.5069660e-01  -2.6163417e-01  -9.2648619e-01  -1.5528722e-02  -1.0891442e-03  -1.6188075e-03
  -1.6074665e-01  -2.2386299e-01  -9.2264106e-01  -1.6499877e-02  -1.0611106e-03  -1.6348573e-03
  -1.7112741e-01  -2.0977874e-01  -9.1632795e-01  -1.4832093e-02  -1.2578047e-03  -1.8429292e-03
  -1.6386182e-01  -2.2320057e-01  -9.2337479e-01  -1.5890744e-02  -9.9184692e-04  -1.8567474e-03
  -1.7527305e-01  -1.5440757e-01  -8.8854138e-01  -1.5269634e-02  -1.3588235e-03  -1.8270395e-03
  -1.7362153e-01  -2.4683763e-01  -8.6430523e-01  -1.4506758e-02  -1.4540270e-03  -1.8535458e-03
  -1.7276053e-01  -2.6507924e-01  -8.8002597e-01  -1.6115404e-02  -1.2010040e-03  -1.8383691e-03
  -1.6110040e-01  -2.1524300e-01  -8.8522894e-01  -1.5289545e-02  -6.1691453e-04  -1.7915135e-03
  -1.6380950e-01  -2.3148516e-01  -8.8772058e-01  -1.5121418e-02  -8.2966282e-04  -1.7253732e-03
