   0.0000000e+00   0.0000000e+00   0.0000000e+00   0.0000000e+00   0.0000000e+00   0.0000000e+00
   1.7109810e-03  -2.6323833e-02   1.7458199e-02  -8.9415056e-05  -1.1520524e-04  -9.1389373e-05
   2.8678043e-03  -4.2189081e-02   7.9591219e-03  -8.0535629e-04  -1.3172523e-04  -3.2192791e-04
  -4.2133183e-03  -5.2069468e-02   2.9966002e-02   1.4243875e-04  -2.9129580e-05  -2.4648451e-04
   2.1826367e-03  -5.2551406e-02   2.4541526e-02  -3.6864897e-04  -3.8175845e-04  -3.5545878e-04
  -4.9176237e-03  -2.1882648e-02   7.2653332e-03  -6.4451532e-04  -2.1543754e-04  -3.3276436e-04
  -5.7961650e-03  -1.0968207e-01   2.9395498e-02   8.4120354e-05  -3.4052428e-04  -4.0729773e-04
  -2.4167144e-04  -3.3968860e-02   1.0200757e-02  -6.5641185e-04  -4.7445721e-04  -6.0259564e-04
  -3.1231098e-03  -1.9074445e-02  -1.0445882e-03  -9.7608537e-04  -2.3196355e-04  -6.3466215e-04
   3.3544712e-03  -9.2462771e-02   6.2980352e-03  -3.3707188e-05  -4.0499762e-04  -4.5204818e-04
   5.9159643e-03  -3.7011131e-02   5.7272856e-03  -5.5712152e-04  -4.9737523e-04  -6.4588076e-04
   1.1354097e-05  -7.0187470e-02   1.3008305e-02  -6.0814695e-04  -3.3968247e-04  -4.2746597e-04
   3.1403890e-03  -5.9486802e-02   4.0102232e-02  -1.7123310e-04  -4.5734739e-04  -3.9553635e-04
  -1.0185319e-03  -6.1918504e-02   7.9527868e-03  -5.3721214e-04  -3.5240505e-04  -4.2362743e-04
  -9.8235631e-03  -5.8424756e-02   4.5518731e-03  -3.4871736e-04  -1.2102245e-04  -2.4983741e-04
  -2.5881055e-03  -3.5102933e-02   2.2217271e-02  -1.0612740e-04  -3.2742017e-04  -2.4021888e-04
  -2.5711683e-03  -8.2083709e-02   9.6191234e-03  -4.6442640e-04  -4.1364273e-04  -3.1647773e-04
  -1.1139154e-02  -8.3632376e-02   1.6445935e-02  -3.6343877e-04  -2.1650208e-04  -2.9860062e-04
   3.6639619e-05  -2.8706387e-02   1.0005698e-02  -4.8226401e-04  -5.1284409e-04  -4.7615704e-04
   4.6696443e-05  -5.6832266e-03  -3.9028071e-04  -7.1950416e-04  -4.8259024e-04  -4.4392155e-04
   3.3866137e-03  -4.8783293e-02   2.9708211e-02  -2.2545895e-04  -5.8486647e-04  -5.6499932e-04
   6.9986465e-03  -1.9973409e-02  -1.2001903e-03  -5.3048932e-04  -6.8108088e-04  -6.2027211e-04
  -1.1235914e-03  -9.7350441e-03  -1.2110862e-02  -5.6042981e-04  -4.9991936e-04  -6.4781158e-04
   1.7948403e-03  -2.5446581e-02  -9.4789543e-04  -1.8374499e-05  -6.8517083e-04  -6.3050343e-04
   6.4870396e-03   3.4144708e-02   7.8239084e-04  -9.6137116e-04  -8.2003604e-04  -7.9111154e-04
   1.4698454e-03   2.9894901e-03  -1.2279177e-02  -4.8695422e-04  -7.3423532e-04  -5.8572170e-04
   8.5664646e-03  -7.7175934e-03   2.3533561e-02  -6.3427525e-04  -8.9357441e-04  -6.6413189e-04
  -8.5466769e-04  -6.2655216e-02  -1.3829722e-02  -8.5048522e-04  -7.6355134e-04  -6.8268237e-04
  -7.8530350e-03  -1.5811533e-02   1.5447252e-02  -8.9917480e-04  -5.1741768e-04  -7.1086783e-04
   7.4955124e-03  -1.1825197e-02   5.2468666e-03  -8.2653277e-04  -8.5075044e-04  -8.7029137e-04
  -3.6483135e-03  -4.9469111e-02  -1.1882730e-02  -6.5639872e-04  -6.5251649e-04  -6.2402275e-04
  -6.5829188e-03  -7.1217717e-02   7.9212128e-03  -2.7286118e-04  -7.4715976e-04  -6.9536641e-04
   2.0234127e-03  -2.6929417e-02  -2.5874285e-02  -3.9818532e-04  -8.1715212e-04  -8.0487117e-04
   2.3155487e-03  -6.2504098e-02  -1.0800947e-02  -3.6996841e-04  -8.8925309e-04  -8.6445201e-04
   8.3218033e-03  -8.0307789e-02  -1.6511836e-02   1.6862211e-04  -1.0400596e-03  -8.3409906e-04
   8.2424874e-03  -4.9046074e-02  -6.1414005e-03  -3.6771085e-04  -9.6713121e-04  -7.4939118e-04
   8.0960575e-03  -5.3730653e-02   1.2673087e-03  -3.7237596e-04  -8.7541119e-04  -5.6623486e-04
   1.0638106e-02  -6.6876162e-02   5.7504903e-04  -1.0101028e-03  -1.0472537e-03  -6.4104890e-04
   7.7903965e-03   8.3093865e-03  -2.7326608e-02  -8.3106662e-04  -9.5237470e-04  -6.6089152e-04
   5.9963286e-03   6.5750810e-03   2.6206079e-06  -3.9638436e-04  -1.0769890e-03  -7.2866032e-04
   2.8118708e-03   3.7592131e-02  -1.5422876e-02  -1.2625003e-03  -8.6789191e-04  -9.3274442e-04
   4.7060481e-03  -4.0946209e-02   1.1071005e-02  -1.2191820e-04  -9.8464474e-04  -8.3388668e-04
   4.2028664e-03  -6.0839280e-02  -1.3026570e-02  -1.3221541e-03  -1.0273898e-03  -9.2599259e-04
   1.6296681e-03   6.4342482e-02  -2.2070337e-02  -1.2230756e-03  -8.1762491e-04  -7.3643075e-04
   4.4222973e-03   1.5380302e-02  -1.4744509e-02  -2.2465473e-04  -8.6113761e-04  -8.7925760e-04
   3.8220190e-03   1.4429392e-03  -3.1498869e-02  -8.0677842e-04  -8.4830233e-04  -9.1415176e-04
   1.4265452e-03  -3.2938712e-02  -4.3573269e-03  -8.0359280e-04  -8.9588982e-04  -9.9577969e-04
   8.3636688e-03   1.4175888e-02  -1.1692965e-02  -7.5219803e-04  -1.1240030e-03  -9.5996267e-04
   1.2311791e-02   3.4060519e-02  -9.1471286e-03  -9.2662982e-04  -1.3037622e-03  -7.2814356e-04
   2.7906291e-03   1.3851599e-02  -2.0745964e-02   6.1989258e-05  -1.0647851e-03  -7.4743253e-04
   3.2336291e-03   4.0105035e-02  -2.1004923e-02  -8.0308686e-04  -1.1146956e-03  -9.2279568e-04
  -2.3439481e-03  -6.6090192e-03  -8.2916892e-03  -5.9237107e-04  -1.0577300e-03  -9.2921133e-04
   7.9838817e-03  -7.1988002e-02  -1.3224791e-02  -2.9736888e-04  -1.2924879e-03  -9.9315172e-04
   7.1949870e-03   2.0658703e-02  -3.7559568e-02  -7.4406800e-04  -1.3083003e-03  -9.3269439e-04
   1.0344194e-02   1.2544607e-02  -3.3315243e-02  -5.8157539e-04  -1.3262174e-03  -1.0035226e-03
   1.0811476e-02   6.1457956e-02  -2.7994186e-02  -1.4705294e-03  -1.2629384e-03  -1.2453615e-03
   1.4760531e-03   5.0837679e-03  -3.1059195e-02  -2.4187076e-03  -1.0374573e-03  -1.1452485e-03
   9.0072606e-03  -5.7404969e-02  -2.3461153e-02  -1.2176292e-03  -1.2363756e-03  -1.0936591e-03
   1.1449602e-02   6.6742241e-02  -5.6640295e-02  -1.3223546e-03  -1.3163097e-03  -1.0714181e-03
   1.3750632e-02   5.4074852e-02  -5.4918132e-02  -7.7121705e-04  -1.4412702e-03  -1.0618702e-03
   1.1437960e-02   1.2637930e-02  -5.6653318e-02  -8.9678303e-04  -1.3944792e-03  -1.1249979e-03
   9.4848796e-03   2.7960938e-02  -6.8831556e-02  -1.2991677e-03  -1.3241953e-03  -9.7617936e-04
   3.7471906e-03   4.6547745e-02  -5.6770666e-02  -8.5748988e-04  -1.0958972e-03  -1.0033431e-03
   1.3766989e-02   2.3036993e-02  -9.1273408e-02  -8.6741501e-04  -1.1964160e-03  -9.7638870e-04
   2.3693486e-03   8.7614780e-03  -9.8406951e-02  -3.5857457e-04  -9.8149803e-04  -1.0596934e-03
   7.9015787e-03   3.8620742e-02  -7.1662419e-02  -2.6838512e-04  -1.0883982e-03  -9.3744455e-04
   1.1557423e-02   1.0148007e-01  -6.5592034e-02  -6.8362934e-04  -1.1968556e-03  -8.3778763e-04
   7.2527904e-03   3.8606855e-02  -6.9137681e-02  -3.0187778e-04  -1.0909914e-03  -7.5510640e-04
   2.0448209e-03  -5.4390937e-02  -5.2342690e-02  -3.1907876e-04  -1.0283099e-03  -1.0097296e-03
   2.8150798e-03   4.4463699e-02  -8.4875490e-02  -7.5139805e-04  -1.1055377e-03  -1.2767520e-03
  -1.3958534e-02   1.5028030e-02  -7.7527288e-02  -4.2823129e-04  -8.8545115e-04  -9.3811947e-04
  -3.2524350e-03  -4.2027817e-03  -7.9947109e-02  -2.6810473e-04  -1.2025390e-03  -1.3134326e-03
  -5.0890219e-03   7.8095713e-02  -1.0502193e-01  -8.3879170e-04  -1.0165436e-03  -1.3286276e-03
  -1.7017800e-03   1.1701784e-02  -6.5469669e-02  -3.9865197e-05  -1.2639783e-03  -1.4467533e-03
   6.1439546e-03  -6.0932160e-03  -8.1671371e-02  -3.5506273e-04  -1.3793211e-03  -1.5384714e-03
  -5.9726524e-03   7.0791899e-02  -9.6889064e-02  -5.9593283e-04  -1.0292998e-03  -1.3587453e-03
  -4.5082779e-03   1.0470893e-02  -7.8470978e-02   2.3434657e-05  -1.0430769e-03  -1.1262867e-03
   2.4783349e-04   3.9316650e-02  -9.2556763e-02  -1.0433278e-03  -1.2597590e-03  -1.2270227e-03
  -1.6073352e-03   2.2395518e-02  -8.7061801e-02  -7.2559766e-04  -1.0970335e-03  -1.2720984e-03
  -2.4922681e-03  -6.2749070e-03  -5.9319274e-02  -7.6720108e-04  -1.3209739e-03  -1.2850140e-03
  -7.0511899e-03   8.8021262e-02  -8.6507536e-02  -8.7743893e-04  -1.2519737e-03  -1.1843138e-03
  -1.1002009e-02   2.7419878e-02  -7.8277718e-02  -9.0785360e-04  -1.1698480e-03  -1.2711829e-03
   6.1597525e-03   3.1328969e-02  -9.9872085e-02  -2.1361857e-04  -1.2657032e-03  -1.2375330e-03
  -4.0568811e-04   7.3490842e-02  -1.0268147e-01  -8.0448209e-04  -1.2085402e-03  -1.1412911e-03
  -6.5727145e-03   5.9196344e-02  -1.1213138e-01  -1.2053569e-03  -1.1435433e-03  -1.0096380e-03
   3.2024166e-03   3.7230520e-02  -7.2528249e-02  -4.7064656e-04  -1.2916110e-03  -1.0629513e-03
   7.9838878e-03   5.1567974e-02  -1.0973084e-01  -9.9621948e-04  -1.4187206e-03  -1.1797531e-03
  -3.4951781e-03   5.6182837e-02  -1.0018126e-01  -7.8226220e-04  -1.2675589e-03  -1.1634277e-03
  -6.1129031e-03   3.8009758e-02  -8.0829412e-02  -3.8557336e-04  -1.3090435e-03  -1.0645126e-03
   1.6364252e-03   8.5237761e-02  -8.2297744e-02  -1.3625558e-03  -1.2955511e-03  -1.3879508e-03
  -1.8637408e-03   3.2560690e-02  -9.6809153e-02  -5.6422988e-04  -1.0424701e-03  -1.1258239e-03
   4.3062965e-03   3.4639819e-02  -6.7274157e-02  -1.0948245e-03  -1.4543097e-03  -1.3011769e-03
   1.3416609e-03   8.9436871e-02  -9.9433731e-02  -1.3147179e-03  -1.3548646e-03  -9.1673288e-04
  -2.0029295e-03   1.3375661e-02  -6.9519233e-02  -5.1970037e-04  -1.3147443e-03  -1.2290764e-03
   1.2333789e-03   8.5502710e-02  -1.2472033e-01  -1.3877132e-03  -1.2764900e-03  -1.3651032e-03
  -6.5565391e-03   7.7739440e-02  -1.0511726e-01  -2.1382672e-04  -1.2918189e-03  -1.3144708e-03
  -4.1291035e-03   6.1369287e-02  -1.0234610e-01  -8.8966514e-04  -1.3543463e-03  -1.4033203e-03
  -7.7839803e-03   3.8039291e-02  -1.1288436e-01  -1.0682584e-03  -1.3024906e-03  -1.3197064e-03
  -7.2274538e-03   2.7210169e-03  -9.7194725e-02  -3.1719598e-04  -1.3782104e-03  -1.0708494e-03
  -3.1730063e-03   4.9897071e-02  -1.0732338e-01  -1.3190895e-03  -1.5281860e-03  -1.3987396e-03
  -6.3057753e-03   6.0140811e-02  -1.3160142e-01  -1.1098105e-03  -1.4132466e-03  -1.2813742e-03
  -1.4350100e-02   4.4171051e-02  -9.9677529e-02  -2.3177500e-04  -1.2839311e-03  -1.1287579e-03
  -6.6979115e-03   5.7403304e-02  -1.0099807e-01  -9.8160337e-04  -1.6219325e-03  -1.3144940e-03
  -6.6295298e-03   8.9727583e-02  -1.0700608e-01  -9.7377384e-04  -1.5991491e-03  -1.4481001e-03
  -4.5161993e-03   2.2888791e-02  -9.0596255e-02  -5.9881221e-04  -1.7221834e-03  -1.3080075e-03
  -4.5836070e-03   3.0418422e-02  -9.3996424e-02  -6.1608687e-04  -1.7208718e-03  -1.2977295e-03
  -6.0752844e-03   3.4192252e-02  -1.1239426e-01  -1.0860468e-03  -1.5519924e-03  -1.3145916e-03
   1.9462576e-03   7.0587022e-02  -9.6414536e-02   5.4544733e-04  -1.6588511e-03  -1.4098407e-03
   7.8118983e-03   1.2365134e-01  -1.1334358e-01  -3.8215323e-04  -1.8567503e-03  -1.2927510e-03
  -4.8276079e-03   7.0445283e-02  -1.1824418e-01  -2.4414422e-04  -1.5237874e-03  -1.1193818e-03
   9.9841881e-03   2.2009789e-02  -7.0738244e-02  -3.4328726e-04  -1.8408115e-03  -1.1614654e-03
   1.1485150e-02   1.1470059e-01  -1.0242092e-01  -1.3818960e-03  -1.9430129e-03  -1.2356086e-03
   2.7024468e-04   6.2512489e-02  -1.0067825e-01   1.6003306e-04  -1.7769944e-03  -1.1983338e-03
   8.4613259e-03   4.0172803e-02  -1.0236470e-01  -6.3705974e-04  -2.1073339e-03  -1.4403052e-03
  -6.1632104e-05   9.8088861e-02  -9.0763350e-02  -7.2518481e-04  -1.7742803e-03  -1.1960605e-03
   1.1976753e-03   6.3239542e-02  -8.0417341e-02  -5.4525827e-04  -2.0594752e-03  -1.5135722e-03
  -3.4814501e-03   9.0826912e-02  -1.3181003e-01  -2.0395378e-03  -1.5215958e-03  -1.4750755e-03
  -1.0707812e-02   4.1240710e-02   9.4437894e-03  -1.1952484e-03  -2.2414979e-03  -1.7267888e-03
  -2.6835440e-03   3.1039086e-02  -1.5104671e-01  -2.0038969e-04  -2.1990424e-03  -1.5085989e-03
  -7.8452633e-03   8.2088254e-03  -1.8191605e-01   1.0843387e-03  -1.7948824e-03  -1.0264590e-03
  -8.1586781e-03   3.0668062e-02  -1.3962510e-01   5.8088383e-04  -2.3348958e-03  -1.3527326e-03
   6.7411135e-03   7.0717857e-02  -1.4818269e-01   4.1378998e-04  -2.4097282e-03  -1.1244756e-03
  -4.2040077e-03   4.9105004e-02  -1.2674794e-01   5.1836387e-04  -2.4022642e-03  -1.2096924e-03
   5.4920999e-03   6.7304603e-02  -7.9026582e-02   2.2522115e-04  -2.6774523e-03  -1.0386075e-03
  -2.0123261e-03   1.0157815e-01  -8.8497432e-02  -5.1752667e-04  -2.7897606e-03  -1.2366328e-03
   6.8155944e-05  -3.8371080e-03  -9.5604614e-02  -7.6459209e-04  -2.6929116e-03  -1.1420853e-03
   8.3103292e-03   2.2878995e-02  -9.3529460e-02  -2.4389364e-04  -2.8500487e-03  -1.2126958e-03
   9.3232259e-03   8.5994996e-02  -1.0971795e-01  -1.2535535e-03  -2.6650521e-03  -9.9844414e-04
   3.3747659e-03   6.0390148e-02  -1.1181419e-01  -6.9287390e-04  -2.6055838e-03  -1.0106216e-03
   5.9250703e-03   1.3053053e-01  -7.9407920e-02  -1.9466196e-03  -2.7079627e-03  -1.0756394e-03
   6.9672146e-03   1.5875062e-01  -1.2969485e-01  -2.8754718e-03  -2.6084883e-03  -1.2555296e-03
   9.9910603e-03   1.2023527e-01  -1.2440059e-01  -1.7928974e-03  -2.6557756e-03  -1.1983629e-03
   1.3750564e-02   1.2571853e-01  -1.1914839e-01  -2.0971015e-03  -2.9020123e-03  -1.0983914e-03
   2.6885673e-03   1.3079334e-01  -1.3599490e-01  -2.0557111e-03  -2.6682989e-03  -1.1016619e-03
  -3.0682635e-03   1.2599615e-01  -1.2112166e-01  -2.8269784e-03  -2.5064534e-03  -1.3536199e-03
   7.8606049e-03   1.8682401e-01  -1.3358039e-01  -1.7693271e-03  -2.7253246e-03  -1.4741176e-03
   1.2490516e-03   1.1682986e-01  -1.3314757e-01  -1.5069421e-03  -2.6576622e-03  -1.1549258e-03
   5.9145383e-03   1.2012264e-01  -1.1942025e-01  -1.4092812e-03  -2.8597780e-03  -1.5018382e-03
  -4.3533820e-03   1.7374962e-01  -1.3783663e-01  -3.5592055e-03  -2.5390147e-03  -1.7196767e-03
  -6.7216857e-03   1.5342648e-01  -1.1259505e-01  -3.2270736e-03  -2.4607013e-03  -1.7031019e-03
   4.2218564e-03   1.6938718e-01  -1.6825649e-01  -1.7891386e-03  -2.6963609e-03  -1.6488012e-03
  -2.9546702e-03   1.7541623e-01  -1.2054679e-01  -3.5142576e-03  -2.6127916e-03  -1.5683370e-03
   3.5905415e-03   1.4350155e-01  -1.2055798e-01  -1.6316973e-03  -2.7685983e-03  -1.0125309e-03
  -2.4640522e-03   1.7738509e-01  -1.4236347e-01  -2.2609931e-03  -2.5694061e-03  -1.3175977e-03
  -2.6899346e-03   1.8068362e-01  -1.3837268e-01  -3.2037034e-03  -2.5496762e-03  -1.6428764e-03
   1.2781975e-02   1.3608884e-01  -1.3507608e-01  -1.5638036e-03  -2.8779358e-03  -1.1483884e-03
   5.5498327e-03   1.1541660e-01  -1.5680794e-01  -2.6959811e-03  -2.5764635e-03  -1.3035300e-03
   1.1198574e-02   1.5444595e-01  -1.6370840e-01  -2.8634411e-03  -2.7482355e-03  -9.6605522e-04
   1.8309677e-02   8.3517559e-02  -1.2794873e-01  -1.5919103e-03  -3.0670086e-03  -8.6416330e-04
   3.4083422e-03   1.2582340e-01  -1.5412313e-01  -3.1114341e-03  -2.6566173e-03  -1.0879893e-03
  -2.3052148e-03   1.8875205e-01  -1.3289761e-01  -2.3414451e-03  -2.5314484e-03  -9.5812165e-04
   2.5582683e-03   1.1124282e-01  -1.4559577e-01  -2.9089417e-03  -2.7424449e-03  -1.1312748e-03
  -2.1147814e-03   1.3448751e-01  -1.5486142e-01  -3.0220993e-03  -2.4253489e-03  -1.3096893e-03
   8.1979690e-03   1.1001867e-01  -1.3230975e-01  -2.0022187e-03  -2.9663689e-03  -9.3592081e-04
   7.9218933e-03   1.2169827e-01  -1.4573093e-01  -2.3958859e-03  -3.0165485e-03  -1.0933789e-03
  -6.8976884e-03   2.0898244e-01  -8.4243696e-02  -2.1043401e-03  -3.0952366e-03  -1.1788891e-03
   3.4220324e-03   1.8320743e-01  -1.8793516e-01  -2.4420041e-03  -3.1104733e-03  -1.0118485e-03
  -5.6906078e-03   2.1630938e-01  -1.5649503e-01  -1.8645466e-03  -2.9043370e-03  -1.0338013e-03
  -6.5882511e-03   1.1084912e-01  -1.3228165e-01  -1.0794166e-03  -3.0221354e-03  -1.1240190e-03
  -3.3231143e-03   1.1311619e-01  -1.5542037e-01  -2.1153558e-03  -3.0055214e-03  -1.1718324e-03
  -8.1170231e-03   1.3552221e-01  -1.1987264e-01  -3.0598679e-03  -2.9681458e-03  -1.2995534e-03
   5.2940316e-03   1.2936958e-01  -1.1707937e-01  -2.1799505e-03  -3.1385168e-03  -1.0710252e-03
   9.4937046e-03   1.8337008e-01  -1.6407544e-01  -2.2115025e-03  -3.0288929e-03  -1.0438285e-03
   1.5045365e-03   9.9145969e-02  -1.2764545e-01  -1.9227287e-03  -3.0387256e-03  -9.7488278e-04
   7.0320862e-03   1.3643107e-01  -1.5215457e-01  -2.9657561e-03  -3.1223436e-03  -1.3952199e-03
   5.5381654e-03   1.2089571e-01  -1.3318534e-01  -3.9150838e-03  -3.0677954e-03  -1.5214751e-03
   6.3344252e-03   1.6181036e-01  -1.3041067e-01  -2.8239070e-03  -3.0061426e-03  -1.2452613e-03
   1.2710847e-02   1.4846796e-01  -1.5468938e-01  -2.4497315e-03  -3.1703717e-03  -1.1161253e-03
   3.4475503e-03   1.3854433e-01  -1.4127269e-01  -2.7278461e-03  -3.0984427e-03  -1.3345453e-03
   6.5336460e-03   1.5376422e-01  -1.3821422e-01  -3.1496781e-03  -3.3273361e-03  -1.3715929e-03
   2.1212552e-03   1.7908089e-01  -1.8589684e-01  -3.7439867e-03  -2.8959691e-03  -1.5056979e-03
   5.6455122e-03   1.6889700e-01  -1.5416706e-01  -2.8827113e-03  -3.0669423e-03  -1.1860402e-03
   1.1076249e-02   1.9465784e-01  -1.4372586e-01  -3.1050680e-03  -3.2058154e-03  -1.1042613e-03
  -3.5226352e-03   2.0946459e-01  -1.6932863e-01  -3.9896172e-03  -2.9196285e-03  -1.6731524e-03
  -9.4022455e-03   1.6852617e-01  -1.5806841e-01  -4.1933908e-03  -3.0025397e-03  -1.8229460e-03
   2.6957005e-03   2.0972620e-01  -1.5350431e-01  -3.1786711e-03  -3.1560042e-03  -1.6471239e-03
   9.0091018e-04   1.6229738e-01  -1.7733215e-01  -4.6939151e-03  -3.0772325e-03  -1.8304809e-03
  -2.8771317e-03   1.8300356e-01  -1.7030971e-01  -3.9567830e-03  -3.0827927e-03  -1.8829737e-03
   5.4932211e-03   1.9090845e-01  -1.8332763e-01  -4.0628026e-03  -3.5480360e-03  -1.4521843e-03
  -1.6811972e-03   1.8054395e-01  -1.8942378e-01  -4.7037966e-03  -3.1501800e-03  -1.6582057e-03
  -5.2617307e-03   1.8509786e-01  -1.6660446e-01  -4.3226936e-03  -3.1118565e-03  -1.8807178e-03
   4.6418429e-03   1.8494209e-01  -2.0022258e-01  -3.6565424e-03  -3.5308658e-03  -1.6274745e-03
   4.2452073e-03   2.0917677e-01  -1.9913752e-01  -4.3558245e-03  -3.4449304e-03  -1.6031118e-03
  -7.7911559e-03   2.2060418e-01  -1.9278109e-01  -3.9393199e-03  -3.0826591e-03  -1.5123316e-03
   9.9393432e-03   2.6192264e-01  -2.0194933e-01  -2.7908782e-03  -3.7024372e-03  -1.2428510e-03
   2.0088632e-02   2.3760398e-01  -1.9354530e-01  -3.5331695e-03  -3.9084624e-03  -1.1894440e-03
   8.7213463e-03   1.9378326e-01  -2.0845335e-01  -2.8527157e-03  -3.6540820e-03  -1.0623116e-03
   2.6706820e-03   1.7486260e-01  -1.8817242e-01  -2.4971886e-03  -3.8207074e-03  -1.4455583e-03
   1.9275063e-03   2.4219954e-01  -1.9331768e-01  -3.0479126e-03  -3.8226183e-03  -1.1916286e-03
  -2.3355750e-03   2.2685994e-01  -1.5694628e-01  -3.1563191e-03  -3.7763403e-03  -1.5064773e-03
   1.4360244e-02   2.1810426e-01  -1.7722127e-01  -2.5201748e-03  -4.1992594e-03  -1.1549183e-03
  -3.8075827e-04   2.3572661e-01  -1.7322232e-01  -2.7071040e-03  -3.8079348e-03  -1.3956586e-03
   1.5296205e-03   1.7898195e-01  -1.8325064e-01  -1.8547092e-03  -3.8045477e-03  -1.5756846e-03
   6.2873306e-03   2.4618858e-01  -2.0518689e-01  -3.1209645e-03  -3.8100236e-03  -1.7152749e-03
   5.0841395e-03   2.8680100e-01  -2.0003263e-01  -2.4232835e-03  -3.7738965e-03  -1.6353449e-03
   5.1439116e-03   1.5825104e-01  -1.5832529e-01  -3.8598112e-03  -3.9224777e-03  -1.9731675e-03
   6.3584225e-03   2.1674358e-01  -1.6625125e-01  -4.8425122e-03  -3.8091419e-03  -1.7710293e-03
   3.9763754e-03   1.9174339e-01  -1.8748349e-01  -4.0893686e-03  -3.7086541e-03  -1.8377270e-03
   1.5829188e-02   2.3605638e-01  -1.7860654e-01  -4.3493133e-03  -4.0776035e-03  -1.6209704e-03
   1.1103589e-02   1.9444973e-01  -1.7851669e-01  -4.9259441e-03  -3.7726455e-03  -1.7689854e-03
   1.1525425e-02   1.9147439e-01  -1.6611302e-01  -4.5285080e-03  -3.9169121e-03  -1.5889107e-03
   1.2578815e-02   1.9442260e-01  -2.0230818e-01  -4.8315758e-03  -3.9928910e-03  -1.8351528e-03
   8.1775648e-04   2.0985242e-01  -2.1984306e-01  -4.3974258e-03  -3.6467783e-03  -1.8362227e-03
   6.7490686e-03   1.9230388e-01  -1.9553953e-01  -4.0166053e-03  -3.8556777e-03  -1.7154729e-03
   7.8006948e-03   2.4109423e-01  -2.1715236e-01  -4.2988141e-03  -3.8272423e-03  -1.6143435e-03
  -1.1496498e-03   2.0284229e-01  -2.2814525e-01  -4.9088717e-03  -3.7212737e-03  -1.6023208e-03
   1.2296067e-02   1.6745558e-01  -2.1226846e-01  -3.5406055e-03  -4.0732399e-03  -1.5113080e-03
   7.5142676e-03   2.7220761e-01  -2.1772598e-01  -4.8914543e-03  -3.8469830e-03  -1.6648411e-03
  -1.6432247e-03   2.2824397e-01  -2.1566902e-01  -4.1105906e-03  -3.6938371e-03  -1.6592989e-03
