   0.0000000e+00   0.0000000e+00  -7.1054274e-15   0.0000000e+00   0.0000000e+00   0.0000000e+00
   1.2425997e-02  -1.1832259e-01   9.6419150e-03  -5.7238713e-05  -1.4312400e-04  -4.2096687e-04
   4.9963795e-03  -2.6799853e-02  -3.8713713e-03  -1.2583837e-03  -2.2236539e-04  -7.7314384e-04
  -1.8471391e-02   9.9101573e-02  -2.4488218e-02  -1.2855524e-03  -9.5796946e-05  -5.3772857e-04
  -1.9610516e-02   7.4722873e-04   5.6814704e-03  -7.5284986e-04   1.5058318e-05  -6.7713274e-04
  -1.8372095e-02  -4.8479823e-02  -1.1221080e-02  -1.0188772e-03  -6.0595970e-05  -7.6310151e-04
  -1.7455666e-02   7.5341042e-02  -1.8607749e-02  -9.5133873e-04  -1.2530857e-04  -4.2832245e-04
  -1.6002789e-02  -9.1386300e-02   7.0529353e-03  -4.4068512e-04  -2.8779976e-05  -8.1023818e-04
  -1.7454841e-02  -1.1332162e-03  -2.3899662e-02  -7.7523073e-04   2.6386398e-05  -4.9603025e-04
  -8.8186126e-03   2.3808173e-03  -1.3153134e-03  -1.5838331e-04  -2.3699370e-04  -6.0423718e-04
  -1.3315927e-02   6.0572317e-02  -5.3425373e-03  -7.0793154e-04  -2.1771350e-04  -4.7392408e-04
  -1.5982837e-02   2.0508411e-02  -9.9891441e-03  -1.0589255e-04  -2.4557470e-04  -3.8590187e-04
  -1.5266472e-02   2.8182267e-02  -3.4455624e-02  -9.6558261e-04  -2.2318948e-04  -3.5368636e-04
  -2.0384730e-02   1.0751707e-01  -3.4080083e-02  -4.7212052e-04  -2.3434805e-04  -3.2897240e-04
  -1.6553933e-02   5.0957495e-02  -1.0854208e-02  -7.7135793e-04  -1.6370576e-04  -4.9181581e-04
  -1.0918801e-02   1.5758979e-02  -4.4765562e-02  -4.0908427e-04  -1.4420903e-04  -5.2297274e-04
  -4.3819143e-03   1.3149586e-02  -4.6970225e-02  -5.0621087e-04  -2.0357690e-04  -4.4638854e-04
  -5.9046972e-03  -6.2487726e-02  -3.6194426e-02  -7.0347941e-04  -2.3853047e-04  -6.0760338e-04
  -1.0465981e-02   4.7868017e-02  -6.3089840e-02  -5.2739852e-04  -2.7442517e-04  -3.9056335e-04
   1.8552146e-03   7.9770085e-03  -5.8599425e-03  -7.9427472e-04  -4.0976508e-04  -6.4823200e-04
  -3.3535635e-03   7.1446643e-02  -4.6006996e-02  -1.3234702e-03  -3.5736898e-04  -6.6132989e-04
   6.1897901e-03   2.2952088e-03  -2.7012113e-02  -6.5504307e-04  -4.7613533e-04  -6.9118853e-04
   1.5212699e-02   4.6046200e-02  -6.0613130e-02  -1.2422066e-03  -3.7900411e-04  -5.9332394e-04
   1.2004644e-02   1.7703325e-02  -5.0769517e-02  -5.1951288e-04  -5.3951039e-04  -6.2786658e-04
   1.8296631e-02   3.8857742e-03  -6.6897192e-02  -9.0439137e-04  -4.3027749e-04  -7.9548320e-04
   1.6319775e-02   4.8983055e-02  -7.6489178e-02  -3.1726947e-04  -4.9036121e-04  -6.1694901e-04
   2.1981532e-02  -3.7961886e-02  -7.7011292e-02  -6.7096766e-04  -4.6669183e-04  -7.8847827e-04
   1.2920352e-02   2.5408477e-02  -9.2757359e-02  -4.3097942e-04  -4.7422676e-04  -6.9231479e-04
   9.3837110e-03  -1.4111341e-02  -9.9990963e-02  -5.2531594e-04  -3.8048324e-04  -5.7417914e-04
   8.0648597e-03   4.8094295e-02  -8.3658926e-02  -3.9056728e-04  -3.0491224e-04  -5.8332372e-04
   1.0213851e-02   5.6868627e-03  -1.0397296e-01  -4.0292649e-04  -6.1500399e-04  -5.5079485e-04
   4.3942288e-03   3.3178049e-02  -9.0081558e-02  -5.4203309e-04  -4.8535058e-04  -5.0157914e-04
  -9.5097780e-03   2.3395534e-02  -6.3301231e-02  -1.0356435e-03  -4.8860897e-04  -6.3681844e-04
  -1.1233741e-02   8.6987876e-02  -8.2410527e-02  -5.5637526e-04  -2.4703354e-04  -6.9048724e-04
  -1.4954773e-03   1.9426772e-02  -9.6592065e-02  -4.3886135e-04  -4.3044221e-04  -5.8758918e-04
  -6.1026656e-03   5.2288036e-02  -6.7151098e-02  -7.1429090e-04  -4.2832383e-04  -5.5449563e-04
  -4.6985076e-03   3.3172588e-02  -8.2021974e-02  -1.9307526e-04  -4.9944772e-04  -3.9696805e-04
   7.3587558e-03   7.1194396e-03  -6.7809409e-02  -1.7722997e-04  -5.9807701e-04  -5.5511795e-04
   5.2006956e-03  -4.6500519e-02  -7.0338434e-02  -1.6576086e-04  -5.7191215e-04  -5.7236683e-04
   3.6278842e-03   7.6189174e-02  -8.1207402e-02  -5.4971941e-04  -5.9510028e-04  -4.4716323e-04
   6.6879451e-03   2.3579680e-02  -1.1242333e-01   1.6933001e-04  -5.9343812e-04  -2.9960979e-04
   1.1596508e-02  -1.6743533e-03  -1.4512780e-01   1.5796351e-04  -5.3029016e-04  -4.4590833e-04
   1.0170237e-02   7.8073791e-02  -1.3268036e-01   1.0172585e-03  -4.7835598e-04  -2.1169268e-04
   1.5820680e-02   1.7894483e-02  -1.1896564e-01   1.2140537e-03  -5.5190380e-04  -5.1030139e-04
   1.9499780e-02   3.0702971e-02  -1.6345931e-01   1.4735097e-03  -5.9969302e-04  -3.8466024e-04
   2.9127592e-02   1.5679373e-02  -1.7539907e-01   1.8908861e-03  -7.9498249e-04  -3.4369172e-04
   2.1277411e-02  -1.2563085e-02  -1.6192359e-01   1.4404316e-03  -8.5076514e-04  -4.0192813e-04
   2.6461092e-02   8.9984430e-03  -1.5258539e-01   1.0756768e-03  -9.5236047e-04  -6.5446610e-04
   3.3299006e-02  -1.7370415e-02  -1.9019937e-01   1.7695646e-03  -9.0649794e-04  -3.3870055e-04
   4.2942438e-02   1.9244329e-02  -1.9397894e-01   1.0339026e-03  -9.9372466e-04  -5.8911275e-04
   3.0974071e-02   9.3784656e-02  -2.7032122e-01   2.4026466e-03  -1.0193460e-03  -2.4734991e-04
   3.9363225e-02   2.9293169e-03  -2.3261598e-01   1.9299427e-03  -1.0836302e-03  -6.5452755e-04
   2.6269236e-02   8.4251339e-02  -2.8654115e-01   1.8595850e-03  -7.6153240e-04  -4.4090064e-04
   1.7490636e-02   7.4225693e-02  -2.2532987e-01   1.2107104e-03  -6.3059375e-04  -6.8412604e-04
   2.3307544e-02   4.1900385e-02  -3.1255682e-01   2.2286382e-03  -7.8004757e-04  -4.8800703e-04
   3.4572991e-02   3.7193494e-02  -2.4623139e-01   1.9874582e-03  -8.9352315e-04  -9.7838488e-04
   3.3921332e-02   7.7858113e-02  -2.7695612e-01   2.4495745e-03  -7.4127268e-04  -9.2939947e-04
   3.8111525e-02   6.3271041e-02  -2.5959386e-01   2.6596885e-03  -7.1057700e-04  -7.2560277e-04
   4.9449253e-02   8.7076738e-03  -2.8403796e-01   2.4188624e-03  -7.1838721e-04  -7.6720702e-04
   4.6390328e-02   7.4951158e-02  -2.6837555e-01   2.3982632e-03  -9.8263868e-04  -6.3194954e-04
   4.9138089e-02   4.0975536e-02  -2.8187189e-01   2.3589604e-03  -8.9834424e-04  -7.2888103e-04
   5.9841260e-02   7.3960411e-02  -2.6556906e-01   2.0472666e-03  -1.3124839e-03  -3.3891025e-04
   5.2493113e-02   4.1773278e-02  -2.5752490e-01   2.1429548e-03  -1.0223722e-03  -6.2703519e-04
   5.9013906e-02   1.2082980e-02  -2.4983238e-01   2.0962074e-03  -8.4441783e-04  -6.6315159e-04
   4.7137489e-02   8.2128135e-02  -3.0309290e-01   2.2905495e-03  -9.4667087e-04  -6.1833339e-04
   3.9295938e-02   7.8081196e-02  -2.9974997e-01   2.9865309e-03  -1.0266601e-03  -4.0861441e-04
   5.0882532e-02  -3.8118920e-02  -2.5278218e-01   2.1944460e-03  -8.7179664e-04  -7.6601568e-04
   4.5197534e-02   5.8377741e-02  -2.9325847e-01   2.8002309e-03  -9.9364960e-04  -5.0420955e-04
   5.2942907e-02  -2.3763385e-02  -2.6297768e-01   2.9410368e-03  -9.5495103e-04  -6.5246112e-04
   4.4170959e-02   6.0233861e-02  -2.9634629e-01   2.6576297e-03  -8.7325035e-04  -6.1817133e-04
   4.4338950e-02   1.4730007e-02  -3.1488657e-01   3.7021732e-03  -1.0439386e-03  -8.5941564e-04
   3.4310755e-02   6.6525698e-02  -3.3944877e-01   3.3761753e-03  -7.3297719e-04  -1.0038911e-03
   3.8146535e-02   6.9261057e-02  -3.3620180e-01   3.2992292e-03  -7.3094829e-04  -9.8424589e-04
   4.1686189e-02   6.9097454e-02  -3.5681228e-01   3.7932301e-03  -9.0244226e-04  -8.2614809e-04
   3.8573545e-02   7.0215677e-02  -3.2791326e-01   3.4601919e-03  -8.7252583e-04  -9.5107051e-04
   3.0122369e-02   5.2323420e-02  -3.4511700e-01   3.4112953e-03  -8.0850648e-04  -6.9925074e-04
   2.6921521e-02   5.8662206e-02  -2.7855593e-01   2.5907240e-03  -7.9897085e-04  -1.0034273e-03
   2.2465287e-02   1.1831390e-01  -3.6525134e-01   2.7954487e-03  -6.7962925e-04  -8.5776064e-04
   1.8978598e-02   1.9478171e-02  -2.4828842e-01   2.1836229e-03  -5.1587922e-04  -1.2069433e-03
   1.6526900e-02  -1.2413411e-02  -3.0562184e-01   1.7913068e-03  -5.4244363e-04  -1.1849156e-03
   8.0822213e-03   1.1409426e-01  -2.9443218e-01   1.7296776e-03  -4.3752701e-04  -1.1683873e-03
   2.1604991e-02   1.7216254e-02  -2.8276996e-01   2.0707355e-03  -6.0045756e-04  -1.1183309e-03
   2.6678255e-02   5.3958539e-02  -3.0906225e-01   2.6839773e-03  -5.6986577e-04  -5.0097720e-04
   3.8362027e-02  -1.3615353e-02  -2.7366702e-01   2.3487578e-03  -5.1817866e-04  -7.2621243e-04
   3.2603220e-02   6.0954535e-02  -2.8985285e-01   2.6260137e-03  -5.4179441e-04  -4.5510910e-04
   3.5523450e-02   5.9535966e-02  -2.6002426e-01   2.9808590e-03  -5.8798613e-04  -4.4309469e-04
   4.0621027e-02   1.3408674e-02  -2.8351087e-01   2.5903394e-03  -5.3063108e-04  -4.5648007e-04
   6.2505495e-02  -4.7279209e-02  -2.7953374e-01   3.0788240e-03  -6.7477730e-04  -2.6110691e-04
   4.4600971e-02   3.9583811e-02  -2.8906708e-01   2.5096825e-03  -4.3398297e-04  -4.5300651e-04
   3.6598821e-02   6.8129934e-02  -2.8186486e-01   2.8980808e-03  -6.4086416e-04  -5.6327522e-04
   4.1505782e-02   6.8368326e-02  -2.9491436e-01   2.5040200e-03  -6.0414320e-04  -5.1297020e-04
   4.4473010e-02   1.3577076e-02  -2.8735133e-01   3.1509176e-03  -8.3288386e-04  -3.1279572e-04
   4.2501084e-02   1.9238543e-02  -3.0768290e-01   3.0851353e-03  -7.4176865e-04  -3.1533825e-04
   5.0097889e-02   4.4240995e-02  -3.0728197e-01   3.1799070e-03  -8.3549499e-04  -1.0377776e-04
   6.2111616e-02  -2.1465886e-02  -3.0264388e-01   2.5796899e-03  -8.9318460e-04  -3.3184922e-04
   5.7880420e-02   5.8891706e-02  -3.3141393e-01   2.8332064e-03  -8.7240504e-04  -2.2254066e-04
   6.0573086e-02   3.6095502e-02  -3.0652786e-01   2.8233150e-03  -7.8684413e-04  -1.5788515e-04
   5.4266534e-02   1.2865932e-01  -3.4573709e-01   2.9765482e-03  -6.4769884e-04  -1.4873154e-04
   6.7610306e-02  -7.6856246e-03  -3.2189722e-01   3.5557041e-03  -7.4085517e-04  -3.0746384e-04
   6.2733947e-02   9.6863501e-02  -3.6904779e-01   3.2264251e-03  -8.5425424e-04  -2.7888054e-04
   6.7165988e-02   4.2320102e-02  -3.2889880e-01   3.5810328e-03  -1.0746410e-03  -2.7177212e-04
   6.0045785e-02   8.2247088e-02  -3.6252609e-01   3.0406477e-03  -1.2170476e-03  -2.0183936e-04
   4.4740711e-02   7.8829659e-02  -2.9089559e-01   2.9284680e-03  -9.1576888e-04  -4.0043815e-04
   4.5711781e-02   1.1808237e-01  -3.7203822e-01   1.2570909e-03  -9.3280577e-04   7.9069395e-06
   4.3001644e-02   2.2409757e-01  -3.8911916e-01   1.8073872e-03  -8.8364986e-04   3.4279126e-04
   5.7364984e-02   4.7960119e-02  -3.6957685e-01   2.2288393e-03  -8.3584311e-04  -1.6861904e-04
   5.6900457e-02   1.6910515e-01  -3.7677281e-01   2.2647076e-03  -9.7796857e-04   2.1289845e-04
   6.1937845e-02   5.7431086e-02  -3.2204457e-01   2.5583924e-03  -1.1533479e-03   1.0012315e-04
   6.6947078e-02   4.2354107e-02  -3.4096294e-01   2.1595799e-03  -1.2802240e-03   3.8445726e-04
   6.3039965e-02   1.2742838e-01  -3.3577887e-01   2.5042662e-03  -1.3288435e-03   3.7701075e-04
   6.9277922e-02   7.9122521e-02  -3.1212522e-01   1.7795742e-03  -1.3341930e-03   3.8380595e-04
   7.3499395e-02  -8.6698484e-03  -3.6371997e-01   1.1179745e-03  -1.1323894e-03  -7.1711304e-05
   6.8816462e-02   1.1622390e-01  -4.3021290e-01   2.2203178e-03  -1.2508032e-03   5.8114949e-04
   6.4411403e-02   4.6601354e-02  -3.7537912e-01   1.9352792e-03  -1.1217923e-03   3.4503878e-04
   6.7696790e-02   1.3127094e-01  -4.0196594e-01   2.2705274e-03  -1.3352709e-03   4.9090890e-04
   6.3635165e-02   7.8757038e-02  -3.7378210e-01   2.0236082e-03  -1.2315325e-03   2.0586267e-04
   6.1265007e-02   1.6506144e-01  -3.8867929e-01   2.0687446e-03  -1.4221448e-03   2.9058994e-04
   6.8428376e-02   6.8604956e-02  -3.6477170e-01   2.2075560e-03  -1.4364706e-03   1.7965892e-04
   6.6737123e-02   1.1339376e-01  -4.0147155e-01   1.8815471e-03  -1.6344658e-03   2.0800049e-04
   6.7882273e-02   1.0709220e-01  -4.0084305e-01   2.4480941e-03  -1.7406668e-03   3.1732112e-04
   6.8544173e-02   1.0788305e-01  -4.3125362e-01   1.9268955e-03  -1.6639849e-03   3.1397258e-04
   7.5747005e-02   7.1507998e-02  -4.1829517e-01   2.2210909e-03  -1.6637455e-03   3.8082745e-04
   7.7835629e-02   1.4355437e-01  -4.3785122e-01   1.7909211e-03  -1.5226804e-03   2.7231484e-04
   8.8855712e-02   1.0606331e-01  -4.0228844e-01   2.3933525e-03  -1.5709478e-03   2.9518524e-04
   8.9840410e-02   1.0453485e-01  -4.3448721e-01   1.8766847e-03  -1.4687328e-03   4.5489338e-04
   9.3891651e-02   8.6144076e-02  -4.2274991e-01   2.3505403e-03  -1.6035030e-03   3.6517292e-04
   8.7796870e-02   1.1389471e-01  -4.4534661e-01   1.8934556e-03  -1.4966512e-03   2.8478189e-04
   9.3194991e-02   1.3390532e-01  -4.1648704e-01   2.4085986e-03  -1.5783088e-03   4.6820883e-04
   9.9882960e-02   1.2756751e-01  -4.3093455e-01   1.7235626e-03  -1.5249569e-03   3.1086787e-04
   9.9134823e-02   1.2642909e-01  -4.4088341e-01   2.6700547e-03  -1.5572136e-03   5.5918284e-04
   1.0217593e-01   8.5179051e-02  -4.4842445e-01   2.4153010e-03  -1.5589062e-03   6.5978605e-04
   1.1533248e-01   7.4367477e-02  -3.9702368e-01   2.2993351e-03  -1.6043066e-03   4.8802269e-04
   1.1037271e-01   1.1730939e-01  -4.3096314e-01   2.0865332e-03  -1.6157709e-03   6.3179357e-04
   1.1111676e-01   1.3128005e-01  -4.0181085e-01   2.8644095e-03  -1.6298476e-03   7.9472449e-04
   1.1719288e-01   7.7869428e-02  -4.1749562e-01   2.0858237e-03  -1.6513798e-03   5.0764890e-04
   1.1178969e-01   1.2483800e-01  -4.3474464e-01   3.4059470e-03  -1.6018580e-03   8.2549828e-04
   1.2428942e-01   1.4704992e-02  -4.1141235e-01   2.5996575e-03  -1.7892066e-03   5.4757460e-04
   1.1259568e-01   1.4100253e-01  -4.2362805e-01   3.1048733e-03  -1.7386237e-03   1.0019347e-03
   1.2392150e-01   3.5776249e-02  -4.0533005e-01   2.5353838e-03  -1.8199780e-03   8.2772670e-04
   1.2610471e-01   1.7641488e-01  -4.2507802e-01   2.9588952e-03  -1.7080440e-03   1.0591619e-03
   1.3713241e-01   6.6834760e-02  -4.1251090e-01   2.8115241e-03  -1.7074188e-03   1.0902351e-03
   1.3556673e-01   1.6919650e-01  -4.2681347e-01   2.7414075e-03  -1.5702617e-03   1.2180194e-03
   1.3754189e-01   3.5685695e-02  -4.0739267e-01   3.0766318e-03  -1.5394657e-03   1.2565314e-03
   1.3238483e-01   1.3897363e-01  -4.3601832e-01   2.9339224e-03  -1.4015363e-03   1.6697805e-03
   1.4105682e-01   1.3082794e-02  -4.1564472e-01   2.9962168e-03  -1.4299754e-03   1.5262591e-03
   1.3703774e-01   1.0581347e-01  -4.3323541e-01   2.7498246e-03  -1.1341988e-03   1.6729901e-03
   1.3477841e-01   1.0971068e-01  -3.9527016e-01   2.8726163e-03  -1.1383771e-03   1.5564501e-03
   1.3614503e-01   1.0970819e-01  -4.0714326e-01   2.6731104e-03  -1.2763618e-03   1.6868096e-03
   1.3800339e-01   7.9216097e-02  -3.9802406e-01   2.8799713e-03  -1.2575959e-03   1.6684907e-03
   1.5002120e-01   9.9872300e-02  -3.9982035e-01   2.4851842e-03  -1.1384479e-03   1.6168041e-03
   1.4502659e-01   1.3557839e-01  -4.2067066e-01   2.4345815e-03  -1.1361932e-03   1.7184008e-03
   1.4549184e-01   1.7414815e-01  -4.2860843e-01   2.6761880e-03  -9.6374133e-04   1.5696093e-03
   1.4526896e-01   1.3162305e-01  -4.4602020e-01   3.3189319e-03  -8.5736756e-04   1.7276326e-03
   1.4146904e-01   1.5880911e-01  -4.3402579e-01   2.9041836e-03  -9.3134220e-04   1.6932239e-03
   1.4107143e-01   9.3361525e-02  -4.2001342e-01   3.6539733e-03  -9.8427070e-04   1.5986764e-03
   1.3962245e-01   1.2537835e-01  -4.3276006e-01   3.3823967e-03  -9.5453134e-04   1.6030800e-03
   1.4152550e-01   3.9562700e-02  -4.1882142e-01   3.3084212e-03  -1.1198490e-03   1.5995294e-03
   1.3487807e-01   1.2595597e-01  -4.4405778e-01   2.9519288e-03  -9.6457320e-04   1.5909554e-03
   1.3079234e-01   1.1802584e-01  -4.4344243e-01   3.4136346e-03  -1.0539731e-03   1.5188494e-03
   1.3196067e-01   1.9613456e-01  -4.8720238e-01   3.0678025e-03  -8.6069046e-04   1.5656452e-03
   1.3031973e-01   1.4598711e-01  -4.4795099e-01   3.5890584e-03  -8.0762630e-04   1.4070608e-03
   1.2866180e-01   1.9772469e-01  -4.5671591e-01   2.9986632e-03  -7.0400145e-04   1.4379843e-03
   1.3567748e-01   1.5896833e-01  -4.1429056e-01   3.6556772e-03  -8.0620037e-04   1.4207198e-03
   1.4150455e-01   1.0517534e-01  -4.4924064e-01   2.8574763e-03  -8.7131563e-04   1.3454065e-03
   1.3542279e-01   1.4698624e-01  -4.5674485e-01   3.2112151e-03  -9.4998066e-04   1.4828841e-03
   1.3343149e-01   9.7771344e-02  -4.4546838e-01   2.6101659e-03  -8.7027302e-04   1.4725978e-03
   1.3178230e-01   1.1064042e-01  -4.3973272e-01   2.7806397e-03  -8.4325246e-04   1.4105726e-03
   1.2995390e-01   1.3911226e-01  -4.6891587e-01   2.8558638e-03  -1.0032725e-03   1.4895002e-03
   1.1743061e-01   1.3185376e-01  -4.3727425e-01   3.2665701e-03  -9.0164485e-04   1.5576957e-03
   1.3071483e-01   1.0479501e-01  -4.5610357e-01   3.5777965e-03  -1.1605222e-03   1.6939334e-03
   1.3641052e-01   1.1596522e-01  -4.4631400e-01   3.5555514e-03  -1.1578332e-03   1.7453853e-03
   1.4415859e-01   9.8279696e-02  -4.5344427e-01   2.8171365e-03  -1.1951945e-03   1.6850749e-03
   1.3191957e-01   9.2632776e-02  -4.6612421e-01   2.7933077e-03  -1.0901900e-03   1.5043820e-03
   1.1652702e-01   1.6960991e-01  -4.8585765e-01   2.9269818e-03  -1.0036819e-03   1.5951165e-03
   1.2152424e-01   1.9561833e-01  -4.5893579e-01   2.6417264e-03  -9.2989432e-04   1.7218806e-03
   1.2323367e-01   1.0575392e-01  -4.4606415e-01   2.4765118e-03  -8.4642876e-04   1.4915510e-03
   1.2402376e-01   1.4983519e-01  -4.9815819e-01   2.6793288e-03  -8.1690406e-04   1.7554402e-03
   1.2654670e-01   1.0676184e-01  -4.7770938e-01   2.7442104e-03  -7.7029435e-04   1.7554396e-03
   1.2710729e-01   1.4760602e-01  -4.7483116e-01   2.6264814e-03  -7.3853970e-04   1.7374515e-03
   1.1446561e-01   1.5457620e-01  -4.8631705e-01   2.5073361e-03  -5.9709535e-04   1.7359533e-03
   1.1037544e-01   7.4919258e-02  -4.2265073e-01   2.6366438e-03  -6.4076612e-04   1.3983391e-03
   1.1680159e-01   1.4429113e-01  -5.0307085e-01   2.6740187e-03  -7.1533017e-04   1.7191498e-03
   1.2394582e-01   1.1615202e-01  -4.4296091e-01   3.3083689e-03  -8.2112255e-04   1.7183743e-03
   1.3379714e-01   1.1339407e-01  -5.0007674e-01   3.2258951e-03  -7.9153288e-04   1.8659490e-03
   1.3519564e-01   1.9670728e-01  -4.5205061e-01   3.2040304e-03  -6.7942599e-04   1.9280883e-03
   1.3190869e-01   1.3024741e-01  -4.9160332e-01   2.9846525e-03  -5.2715071e-04   1.8849035e-03
   1.3021829e-01   1.9477964e-01  -4.8039668e-01   3.0833258e-03  -4.0115073e-04   2.1655110e-03
   1.3020609e-01   1.1416925e-01  -4.7042186e-01   2.6689785e-03  -3.3208132e-04   2.0355009e-03
   1.2368540e-01   2.4389928e-01  -4.9609056e-01   3.1109851e-03  -3.5826475e-04   2.3503096e-03
   1.2213945e-01   1.5673262e-01  -4.6309556e-01   3.2052224e-03  -4.1276880e-04   1.9837236e-03
   1.2777262e-01   2.0948515e-01  -4.9149039e-01   2.9215719e-03  -4.2394631e-04   2.0637588e-03
   1.2736018e-01   1.4763411e-01  -4.4038550e-01   2.8842134e-03  -3.8514426e-04   1.7629186e-03
   1.2305210e-01   2.0451794e-01  -5.0126577e-01   2.9411410e-03  -3.8169263e-04   2.0408456e-03
   1.2384151e-01   1.2469729e-01  -4.2839254e-01   2.8950232e-03  -4.6765047e-04   1.9708865e-03
   1.1823160e-01   1.8586193e-01  -4.6436302e-01   2.9939646e-03  -5.3478507e-04   2.1198127e-03
   1.1909353e-01   1.3707766e-01  -4.1201736e-01   2.6159216e-03  -6.0041465e-04   1.8280714e-03
   1.1609167e-01   1.8165098e-01  -4.8396088e-01   2.7925966e-03  -4.5788877e-04   1.9517831e-03
   1.0797605e-01   1.8021624e-01  -4.2530536e-01   2.5147996e-03  -5.1274050e-04   1.6877388e-03
   1.0627869e-01   2.0306774e-01  -4.4647435e-01   2.8455176e-03  -4.5000708e-04   1.9141509e-03
   1.1514802e-01   9.5609655e-02  -4.0818705e-01   2.9216114e-03  -6.5302080e-04   1.7151380e-03
   1.1423747e-01   2.1446176e-01  -4.5136512e-01   2.7882262e-03  -7.1079278e-04   1.9014195e-03
   1.2180497e-01   1.3213760e-01  -4.2896133e-01   2.7117949e-03  -5.9447114e-04   1.8111471e-03
   1.2658194e-01   1.2686663e-01  -4.6341852e-01   2.7831526e-03  -5.5561880e-04   1.8687435e-03
   1.3582448e-01   9.8103865e-02  -4.5473637e-01   3.0281406e-03  -6.4625873e-04   1.8622707e-03
   1.3131184e-01   1.3666437e-01  -5.0197024e-01   3.1628722e-03  -7.6693838e-04   1.9920427e-03
   1.4092591e-01   1.3738627e-01  -4.5197373e-01   3.1988912e-03  -7.5724949e-04   1.8285264e-03
   1.4178563e-01   1.8723406e-01  -4.7104836e-01   3.0096456e-03  -6.6157190e-04   1.9294872e-03
   1.4750352e-01   1.4885110e-01  -4.3323689e-01   3.4419031e-03  -9.1674601e-04   1.7850730e-03
   1.5246758e-01   1.3849396e-01  -4.6750117e-01   3.0067433e-03  -8.7263274e-04   1.8263846e-03
