   0.0000000e+00  -1.4286517e-14   0.0000000e+00   0.0000000e+00   0.0000000e+00   6.9388939e-18
   1.9802029e-02   9.1239406e-02   5.3661965e-02  -8.4135393e-04  -5.9124352e-05  -4.6028078e-04
   6.8247222e-03  -1.0690615e-02   7.7347255e-02   4.3989607e-05  -7.7679671e-05  -3.0342290e-04
   3.0617938e-02   1.3751102e-02   4.7390605e-02  -3.2880950e-04  -5.2089441e-04  -1.4074430e-04
   2.0124718e-02  -3.7244601e-03   8.6355202e-02  -1.0264993e-04  -3.2691698e-04  -3.5297060e-04
   1.5326282e-02   1.3446660e-02   9.8490570e-02  -8.5811922e-04  -4.5081176e-04  -2.5220885e-04
   4.1229348e-02  -4.4727712e-02   1.4137634e-01  -3.3769608e-04  -8.7167293e-04  -3.4699693e-04
   3.8343135e-02   7.9211834e-03   7.5567231e-02  -5.9128576e-04  -9.5138495e-04  -2.2880111e-04
   3.1837973e-02  -4.6998323e-02   1.2176469e-01   1.4781878e-04  -8.9058722e-04  -1.4033752e-04
   4.1086944e-02  -1.7668149e-02   9.7406735e-02   4.6679596e-04  -8.3780695e-04  -9.5792371e-05
   5.1649175e-02  -5.4433175e-02   1.6394183e-01   5.5334294e-04  -7.9877178e-04  -3.3894255e-04
   6.0507499e-02   3.9503375e-02   1.2288026e-01   9.2684812e-05  -1.0754548e-03  -3.4908248e-04
   3.6586415e-02  -2.4960529e-02   1.8377896e-01  -1.5743123e-03  -1.1682939e-03  -4.5285536e-04
   6.5520523e-02   1.9014803e-02   1.2514721e-01  -8.0022507e-04  -1.3148838e-03  -7.6808482e-04
   1.0080093e-01   6.6227083e-02   1.4425715e-01  -1.1633332e-03  -1.9510341e-03  -8.7332222e-04
   1.1886089e-01   6.5021052e-02   1.5834380e-01  -1.9715823e-03  -2.3935782e-03  -4.2839353e-04
   1.1758699e-01   6.5730560e-02   1.2889463e-01  -7.6826553e-04  -2.4766108e-03  -2.5376853e-04
   9.6960421e-02   3.7226134e-02   1.1569246e-01  -3.9532879e-04  -2.1023385e-03  -4.8005500e-04
   1.0712133e-01   2.7099554e-02   1.0431032e-01  -6.4765907e-04  -2.2751286e-03  -3.8066020e-04
   8.4623519e-02   4.8300207e-02   8.8121956e-02  -3.6926075e-04  -2.0730348e-03  -2.9787270e-04
   1.3005223e-01   3.1588974e-02   9.7236280e-02  -6.5838571e-04  -2.7281763e-03  -8.7090450e-04
   1.2772641e-01   1.5887679e-01   8.9903804e-02  -1.0769852e-03  -2.6354959e-03  -2.0493103e-04
   1.4245604e-01   2.2896596e-02   1.3709679e-01  -1.0559998e-03  -2.8602257e-03  -2.7429986e-04
   1.0988963e-01  -7.2590000e-04   1.4111548e-01  -2.0075148e-04  -2.6112599e-03  -5.0785785e-04
   1.3851657e-01   5.9605250e-02   1.5579179e-01  -1.4568340e-03  -2.7692037e-03  -8.2959935e-04
   1.2327096e-01   4.5944738e-02   1.0599631e-01  -8.6807945e-04  -2.5914235e-03  -7.9191955e-04
   1.3551237e-01  -8.4741771e-02   2.2985884e-01  -8.2660145e-04  -2.6893003e-03  -8.7337853e-04
   1.0749387e-01   1.0670967e-01   1.3359754e-01  -2.0318104e-03  -2.1597235e-03  -7.7191395e-04
   9.0582016e-02  -1.4270507e-01   3.3815786e-01  -3.0569647e-04  -1.9903626e-03  -8.0150082e-04
   1.2258181e-01   3.7799202e-02   1.3600048e-01  -8.5108249e-04  -2.4384892e-03  -1.3279320e-03
   1.3515582e-01   1.9746879e-02   6.6021616e-03   6.2754035e-04  -2.9038720e-03  -1.2360235e-03
   1.3759781e-01  -1.1119438e-01   1.5544450e-01   1.0043927e-03  -2.7174771e-03  -1.1213880e-03
   1.0393407e-01  -6.4082171e-02   1.6379165e-01  -4.4109922e-04  -1.9214747e-03  -1.3616932e-03
   1.1767422e-01  -1.7498588e-01   3.6323041e-02   1.5246589e-03  -2.1679256e-03  -1.1437852e-03
   5.9658127e-02  -1.0812143e-01  -1.5528727e-01   2.0228861e-03  -7.0123419e-04  -1.7484482e-03
   3.1546237e-02  -1.1506573e-01  -1.7890160e-02   1.4394353e-03  -4.8523644e-04  -1.6894242e-03
   1.6408487e-02  -1.4284188e-01   5.9777648e-02   1.8997661e-03   1.5196768e-04  -1.5155499e-03
   2.9775265e-02   9.4463852e-02  -1.0792004e-02   9.8474312e-04  -2.0356461e-05  -2.1260892e-03
   6.7085076e-02  -5.8379882e-02   5.5516406e-02   6.6318805e-04  -7.0420281e-04  -1.7248033e-03
   6.8278312e-02  -4.7903817e-02   7.6946293e-02  -4.7448022e-06  -6.6350401e-04  -2.1408083e-03
   8.6987842e-02   6.7327022e-02   2.6576967e-02  -1.7224548e-04  -1.1638471e-03  -2.1255876e-03
   7.1321264e-02   9.5992547e-02   3.8306200e-02  -1.0475632e-03  -1.0436532e-03  -1.7104301e-03
   7.6116776e-02   1.0370275e-02   7.2511255e-02  -1.1414508e-03  -8.8002039e-04  -2.0317442e-03
   6.3203215e-02   7.9093184e-02   4.4654742e-02  -8.1058659e-04  -5.7117532e-04  -1.9893195e-03
   7.0569609e-02   1.0714418e-01   3.7597763e-02  -1.0145727e-03  -9.0866304e-04  -2.0712626e-03
   8.4142785e-02   6.7470141e-02   7.9127455e-02  -1.8427992e-03  -1.0518441e-03  -2.1535418e-03
   5.9655616e-02  -7.8608187e-04   5.5147652e-02  -1.4844163e-03  -7.0751588e-04  -2.1846564e-03
   4.7560954e-02   1.5235530e-01  -5.0190714e-04  -1.2839984e-03  -6.8721434e-04  -1.9839336e-03
   4.9326566e-02   3.5221484e-02   6.4315435e-02  -9.9389716e-04  -5.9845475e-04  -2.0966381e-03
   5.3462185e-02   1.6386721e-01   5.1251331e-03  -1.7639707e-03  -6.4819421e-04  -2.0793946e-03
   5.2797873e-02   4.7887733e-03   1.0845191e-01  -7.1339019e-04  -7.3219541e-04  -2.2739729e-03
   7.6045497e-02   1.4873442e-01   1.7551576e-02  -1.4038449e-03  -9.9129191e-04  -2.0769017e-03
   6.6215699e-02   3.2057751e-02   1.0812044e-01  -4.1135167e-04  -6.8164924e-04  -2.3671458e-03
   6.5494903e-02   3.9972408e-02   1.1584015e-01  -9.0778130e-04  -4.7927113e-04  -2.0995839e-03
   8.3329569e-02   2.1132923e-01   1.7972328e-02  -1.1458938e-03  -1.0158679e-03  -2.0750575e-03
   7.5018302e-02   1.4308407e-01   7.4328691e-02  -1.9449751e-03  -8.2623216e-04  -2.1212903e-03
   5.6891028e-02  -5.4369321e-03   1.4147551e-01  -1.1789163e-03  -6.5371210e-04  -2.3258758e-03
   6.3986070e-02   9.0683025e-02   1.2609825e-01  -8.7991569e-04  -7.6190571e-04  -2.2277873e-03
   7.6897488e-02   4.2791825e-02   1.2885477e-01  -9.9592538e-04  -1.0634116e-03  -2.1759519e-03
   6.7104616e-02   1.1269730e-01   1.0565072e-01  -8.9503599e-04  -7.7600224e-04  -2.3313487e-03
   9.5868902e-02   1.3666043e-01   1.1701051e-01  -1.2123744e-03  -1.2121884e-03  -2.4325648e-03
   6.8473982e-02   4.6597755e-02   8.0940098e-02  -1.2802826e-03  -8.1042880e-04  -2.3237592e-03
   5.5813476e-02   2.2099615e-02   1.3882631e-01  -1.2772933e-03  -5.3975564e-04  -2.3357603e-03
   7.8788174e-02   1.5622517e-01   6.6725893e-02  -2.0985038e-03  -8.2597580e-04  -2.4269971e-03
   8.1992589e-02   1.3046274e-01   1.1111495e-01  -1.9939361e-03  -8.6320668e-04  -2.3281271e-03
   7.1205247e-02   8.3556065e-02   5.1016200e-02  -1.6709927e-03  -7.5678298e-04  -2.2661858e-03
   7.4746185e-02   1.7134066e-01   3.2138621e-02  -1.3581249e-03  -8.8872677e-04  -2.4044657e-03
   6.8802416e-02   1.2438199e-01   4.7130282e-02  -1.6140310e-03  -8.9258881e-04  -2.4435610e-03
   5.8402887e-02   1.8433563e-01   7.5609856e-02  -1.0767229e-03  -6.8133726e-04  -2.4877211e-03
   1.0899587e-01   1.6612143e-01   1.1102913e-01  -1.8259963e-03  -1.5952508e-03  -2.5838798e-03
   8.1760762e-02   1.4235905e-01   9.8500878e-02  -1.4178847e-03  -1.1268211e-03  -2.6516927e-03
   6.6230099e-02   1.5063301e-01   8.9995672e-02  -3.3894745e-03  -8.8997472e-04  -2.3623862e-03
   6.6266116e-02   8.0961764e-02   1.5816814e-01  -1.8053720e-03  -8.5926611e-04  -2.6278495e-03
   5.2463983e-02   2.3210372e-01   3.8260494e-02  -2.8747188e-03  -5.9789255e-04  -2.5944349e-03
   2.8467756e-02   4.8533542e-02   1.6384138e-01  -1.6537642e-03  -2.9959699e-04  -2.7370100e-03
   3.2329550e-02   1.9372217e-01  -9.7000392e-03  -2.0906410e-03  -2.9050903e-04  -2.7575846e-03
   4.9735045e-02   1.7163500e-01   5.4524632e-02  -2.2791343e-03  -6.0734069e-04  -2.7427014e-03
   6.3519061e-02   1.5899613e-01   5.1098333e-02  -2.5560881e-03  -6.5018512e-04  -2.7855124e-03
   5.9339193e-02   2.2323723e-01   1.0207412e-01  -1.6063306e-03  -7.0441410e-04  -2.6217288e-03
   4.1018928e-02   9.5866214e-02   1.0265898e-01  -1.7433804e-03  -4.3212951e-04  -2.5293695e-03
   6.5050929e-02   2.8395411e-01   7.1017109e-02  -2.4123270e-03  -5.8315790e-04  -2.6097357e-03
   3.3340658e-02  -1.1630828e-02   1.6386950e-01  -1.2831056e-03  -1.7463639e-04  -2.6781478e-03
   6.2928783e-02   1.9867334e-01   5.8461519e-02  -2.3938245e-03  -8.2434530e-04  -2.3479215e-03
   3.2982379e-02   1.1294117e-01   9.1649459e-02  -1.4104643e-03  -2.4505103e-04  -2.5432562e-03
   5.3372884e-02   1.9831157e-01   6.0326459e-02  -2.3689509e-03  -8.0971407e-04  -1.9211510e-03
   3.1015108e-02   1.1342281e-01   1.1432265e-01  -2.0703800e-03  -3.8629780e-04  -2.5959282e-03
   4.6906425e-02   2.5614592e-01   3.4114455e-02  -2.5710300e-03  -4.5937738e-04  -2.4423460e-03
   3.2188693e-02   1.0221196e-01   1.3016497e-01  -1.4994609e-03  -1.8234707e-04  -2.3559247e-03
   4.9997405e-02   2.1666415e-01   4.7104250e-02  -2.0774013e-03  -3.7591058e-04  -2.4720735e-03
   6.9010200e-02   2.2441221e-01   4.5890814e-02  -1.9756192e-03  -8.5372026e-04  -2.3646913e-03
   5.9236090e-02   1.2033166e-01   1.1509652e-01  -1.9234382e-03  -5.0697304e-04  -2.4317406e-03
   6.4403835e-02   1.5568523e-01   1.0091923e-01  -2.0315972e-03  -6.6517502e-04  -2.3200185e-03
   5.3925132e-02   1.8145074e-01   9.6758535e-02  -1.8555548e-03  -5.3630430e-04  -2.5754279e-03
   4.8207887e-02   9.6223635e-02   1.2096464e-01  -2.0171957e-03  -3.7907847e-04  -2.5338099e-03
   4.5558740e-02   1.8078386e-01   9.8680169e-02  -1.8547989e-03  -4.9746522e-04  -2.4669802e-03
   4.2213762e-02   1.5051879e-01   1.0588744e-01  -2.0201120e-03  -5.6517525e-04  -2.3764842e-03
   5.0016045e-02   2.1013610e-01   5.6430253e-02  -2.0987561e-03  -4.2309738e-04  -2.6547040e-03
   4.7462483e-02   1.3410474e-01   8.1070937e-02  -2.5359518e-03  -4.4519307e-04  -2.5227286e-03
   4.4925806e-02   2.1726554e-01   4.1782122e-02  -2.5202713e-03  -4.6713634e-04  -2.5823643e-03
   2.6022854e-02   1.5258946e-01   9.0825289e-02  -1.7212710e-03  -3.2871132e-05  -2.6071752e-03
   6.1546226e-02   2.5126521e-01   6.0539783e-02  -1.8438744e-03  -4.1224342e-04  -2.6336470e-03
   5.5236738e-02   1.8847295e-01   6.8105467e-02  -1.7601081e-03  -4.0371490e-04  -2.6274994e-03
   4.3106029e-02   1.5778399e-01   7.5806119e-02  -1.9843666e-03  -1.8683639e-04  -2.6595940e-03
   5.6024685e-02   1.4366507e-01   8.6931995e-02  -2.0586205e-03  -3.8104291e-04  -2.6218334e-03
   4.4614889e-02   1.8001557e-01   6.4433699e-02  -1.9886645e-03  -2.9869549e-04  -2.5696732e-03
   5.1428244e-02   1.6840577e-01   7.7867908e-02  -2.7355571e-03  -4.7638884e-04  -2.0022784e-03
   3.5027910e-02   1.3781367e-01   7.2860462e-02  -2.9093051e-03  -2.3296506e-04  -2.4176088e-03
   3.8702772e-02   2.1557698e-01   5.2986905e-02  -2.4395639e-03  -2.8068632e-04  -2.5477575e-03
   3.7911074e-02   2.0647034e-01   6.7184602e-02  -2.2440319e-03  -3.1521604e-04  -2.4350861e-03
   3.3009299e-02   1.5163695e-01   4.1859399e-02  -2.4908908e-03  -4.2159917e-04  -2.3087345e-03
   4.4190547e-02   1.8569721e-01   2.0728031e-02  -2.2960453e-03  -5.5846356e-04  -2.4305990e-03
   2.3885563e-02   9.0053324e-02   3.0888371e-02  -2.2182405e-03  -2.8431477e-04  -2.3787579e-03
   2.7153073e-02   2.2215817e-01  -2.9765721e-03  -1.8284658e-03  -2.7198727e-04  -2.4189784e-03
   3.3271797e-02   1.9935945e-01   2.4962821e-02  -2.0112047e-03  -4.6017568e-04  -2.3308309e-03
   4.3805852e-02   2.1373720e-01   3.8015576e-02  -2.4212378e-03  -5.4332583e-04  -2.3272026e-03
   1.6945047e-02   1.7751599e-01   2.1342618e-02  -1.6212476e-03  -1.5398591e-04  -2.5939215e-03
   3.7403361e-02   1.8914213e-01   4.7824385e-02  -3.1410212e-03  -4.5165164e-04  -2.5567904e-03
   7.8364847e-03   2.0992248e-01   1.5854535e-02  -2.9834267e-03  -1.0956709e-04  -2.3797505e-03
   1.8316405e-02   1.6444070e-01   4.8954214e-02  -3.0364705e-03  -1.8309637e-04  -2.4822478e-03
   7.5700323e-03   1.8325880e-01   3.0309734e-02  -2.3239813e-03   1.7452292e-05  -2.7700965e-03
   1.3308544e-02   1.7271363e-01   1.9491902e-02  -2.1909076e-03  -2.0000328e-04  -2.5925767e-03
   2.2611924e-02   2.1594745e-01   2.1748948e-02  -2.2154781e-03  -2.8367398e-04  -2.6471757e-03
   2.0139909e-02   2.1277604e-01   1.2877906e-02  -1.6579086e-03  -2.3032905e-04  -2.9158864e-03
   1.7944620e-02   2.1269963e-01   2.1809779e-02  -1.8739046e-03  -2.1011942e-04  -2.8275621e-03
   2.8213914e-02   1.9131577e-01   4.4867713e-02  -2.3752665e-03  -5.0599789e-04  -2.6649793e-03
   9.9200181e-03   1.8578221e-01   6.7411569e-02  -2.4531490e-03  -1.9437320e-04  -2.6028356e-03
   2.0742256e-02   2.6282573e-01   3.5789602e-02  -1.7416653e-03  -3.7446932e-04  -2.6421519e-03
  -4.6855293e-04   1.5176762e-01   7.7566785e-02  -1.5294741e-03   2.6375406e-05  -2.8515368e-03
   1.5027289e-02   2.4451252e-01   2.1310779e-02  -2.1079440e-03  -2.2627207e-04  -2.8207476e-03
   2.5082754e-03   1.8426131e-01   8.2589292e-02  -2.0869994e-03  -1.6163703e-04  -2.7740997e-03
   1.3238830e-02   2.2483057e-01   3.2805296e-02  -1.9086276e-03  -4.0559075e-04  -2.7617363e-03
   1.5347646e-02   1.8211896e-01   7.8410915e-02  -2.0919287e-03  -3.7448453e-04  -2.9969026e-03
   2.3290417e-02   2.3742573e-01   3.4354437e-02  -2.8234501e-03  -5.6373717e-04  -2.7934843e-03
   1.3542926e-02   1.7898457e-01   2.2687940e-02  -1.4075789e-03  -3.8240574e-04  -2.6648983e-03
   4.2591297e-02   1.7157807e-01   6.0839683e-02  -2.7752219e-03  -7.0689070e-04  -2.9609845e-03
   4.8575376e-02   2.9321124e-01   4.8299591e-02  -2.8195700e-03  -8.9877265e-04  -2.9941991e-03
   3.0098687e-02   2.3755264e-01   5.2662124e-02  -2.5308401e-03  -8.8974298e-04  -2.9324462e-03
   1.6092466e-02   2.4558732e-01   4.4259163e-02  -2.9741742e-03  -6.6158019e-04  -2.9434392e-03
   4.0341499e-02   2.6211407e-01   2.7786741e-02  -2.4679991e-03  -8.3264307e-04  -3.0686464e-03
   2.8391027e-02   1.8133587e-01   6.2993735e-02  -2.2129635e-03  -6.1925922e-04  -3.0300096e-03
   7.6151897e-03   1.9833825e-01   8.5769422e-02  -2.6447559e-03  -4.8352027e-04  -2.7415322e-03
   4.3502523e-02   2.8080357e-01   7.0876651e-02  -3.3756502e-03  -9.9160980e-04  -2.8886432e-03
   9.2827162e-03   1.9537670e-01   5.2483848e-02  -2.3309511e-03  -5.5217831e-04  -2.8842510e-03
   1.6644029e-02   2.6103442e-01   4.1214070e-02  -2.6765099e-03  -6.0094508e-04  -2.8810670e-03
   1.0569025e-02   1.7363752e-01   4.5364621e-02  -2.2948672e-03  -5.9807199e-04  -2.8292226e-03
   2.2230480e-02   2.3332193e-01   4.4626174e-02  -2.5471566e-03  -6.7199578e-04  -2.8236539e-03
   3.9050607e-02   2.2677139e-01   6.2944317e-02  -3.4346932e-03  -9.6201094e-04  -2.8013281e-03
   4.2070941e-02   2.9836643e-01   2.2535292e-02  -3.0819929e-03  -9.0755185e-04  -2.9429744e-03
   3.4885819e-02   3.2069462e-01   3.2459629e-02  -3.4108028e-03  -8.4345746e-04  -2.9612893e-03
   1.2514203e-02   2.5746370e-01   3.8988314e-02  -3.7836140e-03  -7.0545590e-04  -2.9463029e-03
   4.3272464e-02   3.2939740e-01   1.7177031e-02  -3.5204569e-03  -1.1068612e-03  -3.0526667e-03
   2.8157731e-02   2.2507407e-01   4.5754467e-02  -1.8548494e-03  -8.2437947e-04  -3.1011791e-03
   5.5230560e-02   2.9877922e-01   4.6413461e-02  -3.9120796e-03  -1.2416873e-03  -2.8026266e-03
   5.4295195e-02   2.4241022e-01   6.7739195e-02  -2.6877244e-03  -1.3827863e-03  -2.5739755e-03
   5.4886459e-02   2.5221121e-01   8.5211847e-02  -3.3722358e-03  -1.4986952e-03  -2.6660369e-03
   5.0423256e-02   2.4644814e-01   6.3377575e-02  -2.8155701e-03  -1.2933697e-03  -2.7374560e-03
   3.4318498e-02   2.3136595e-01   6.3550135e-02  -2.6613988e-03  -1.1712296e-03  -2.8239968e-03
   5.0469485e-02   2.9832376e-01   4.3311929e-02  -3.2717303e-03  -1.3326393e-03  -2.8372384e-03
   4.1435048e-02   3.0913646e-01   2.3710939e-02  -3.3615997e-03  -1.5076415e-03  -2.5351567e-03
   6.7987924e-02   3.0142924e-01   5.2528071e-02  -4.0526730e-03  -1.7256544e-03  -2.4898280e-03
   4.2477386e-02   2.3518053e-01   4.6656520e-02  -2.8044188e-03  -1.3046409e-03  -2.7587433e-03
   2.4702987e-02   1.7849940e-01   9.5062240e-02  -3.5448337e-03  -1.0932540e-03  -2.8294319e-03
   2.3660112e-02   3.0199858e-01  -8.2109468e-05  -2.2667604e-03  -1.1546382e-03  -2.6100671e-03
   1.4594819e-02   1.9072131e-01   4.3832107e-02  -2.2647337e-03  -1.0237369e-03  -2.8658265e-03
   4.9379334e-02   2.5991106e-01   2.9067172e-02  -2.8550238e-03  -1.3647806e-03  -2.7146584e-03
   6.0721867e-02   2.1029190e-01   7.7882696e-02  -2.3102295e-03  -1.5631376e-03  -2.3183894e-03
   5.4924460e-02   2.1698536e-01   6.6678030e-02  -2.7390993e-03  -1.5017712e-03  -2.4599304e-03
   2.1474839e-02   2.4976119e-01   9.0608012e-02  -2.2899112e-03  -8.6816857e-04  -2.7885605e-03
   5.7243387e-02   3.3125553e-01   5.9465410e-02  -3.3667839e-03  -1.3904568e-03  -2.5367321e-03
   3.2029176e-02   2.3742689e-01   8.4658642e-02  -2.4606691e-03  -9.9390610e-04  -2.8050251e-03
   3.7385621e-02   3.1812618e-01   3.5257475e-02  -2.9526125e-03  -1.1613086e-03  -2.7052987e-03
   1.8934312e-02   2.5666306e-01   7.1196759e-02  -1.9561848e-03  -9.2201680e-04  -2.8176279e-03
   3.7950159e-02   2.4012042e-01   3.5042761e-02  -1.7689066e-03  -1.2045942e-03  -2.7112639e-03
   2.5473480e-02   2.4757918e-01   7.8611659e-02  -2.0243378e-03  -9.8016536e-04  -2.6702264e-03
   5.4979556e-02   2.7033904e-01   5.4603965e-02  -2.8660941e-03  -1.3200244e-03  -2.8379120e-03
   2.7559065e-02   2.6847373e-01   7.6460097e-02  -2.4112705e-03  -1.0843743e-03  -2.7070201e-03
   8.6878059e-03   2.1593199e-01   1.4676181e-01  -2.2489421e-03  -7.7723383e-04  -2.7692744e-03
   6.2111014e-02   3.3971799e-01   1.9871271e-02  -1.7060911e-03  -1.3963062e-03  -3.0203159e-03
   1.7743291e-02   1.7307884e-01  -1.2393532e-01  -5.1126892e-04  -6.5186612e-04  -3.3740481e-03
   3.9328526e-02   7.0326662e-02   7.9747282e-02  -1.8387553e-04  -6.1666201e-04  -3.4881496e-03
   7.4382614e-02   2.0073664e-01  -4.8517358e-02   6.5848444e-04  -1.3353598e-03  -2.7083077e-03
   2.2391763e-02   1.1551884e-01   3.0278752e-02   1.9660949e-03  -2.0573298e-04  -3.0727414e-03
  -2.2994533e-03   2.1080056e-01   1.1595623e-02  -1.8006422e-03   1.4604340e-04  -2.8619501e-03
  -1.2211655e-02   4.0502026e-01  -6.8735290e-02  -2.2790345e-03   6.4294603e-04  -3.0695300e-03
  -1.6961125e-02   3.6382669e-01  -5.3097536e-02  -2.6875969e-03   7.3831877e-04  -3.1093485e-03
  -3.2019143e-02   3.2505962e-01  -5.0564054e-02  -2.2856638e-03   9.0523920e-04  -3.3066826e-03
  -2.4521111e-02   3.2400182e-01  -1.8934669e-02  -2.9185829e-03   7.0973001e-04  -2.9970972e-03
  -1.2952136e-02   4.0947048e-01   9.6185253e-03  -2.6988703e-03   6.3469618e-04  -3.0429376e-03
   8.9224948e-03   3.0846332e-01   1.1271134e-01  -3.4617343e-03   1.0028413e-04  -2.4799753e-03
   1.3141072e-02   5.0063660e-01   4.4835367e-03  -3.9481628e-03  -2.2457015e-05  -2.6871730e-03
   1.6551929e-02   4.1279056e-01   4.1978122e-02  -4.1201727e-03   5.0570716e-05  -2.3874734e-03
   2.1877334e-02   3.8527847e-01   9.5668206e-03  -3.2495848e-03   1.2113827e-04  -2.5605923e-03
   1.0281510e-02   3.9130328e-01   5.2928599e-02  -3.8701092e-03   1.7792705e-04  -2.8252607e-03
   2.4902961e-02   3.6305961e-01   2.1689638e-02  -3.5776031e-03  -1.8644844e-04  -2.5501961e-03
   2.6292034e-02   3.8702543e-01   2.7549416e-04  -3.0494957e-03  -4.0210209e-04  -2.8603690e-03
  -2.0383924e-03   3.0883835e-01   4.6754063e-02  -3.0067589e-03   3.8236300e-05  -2.4484907e-03
   2.6972927e-02   4.8751120e-01  -8.4979608e-03  -4.0832075e-03  -3.6000101e-04  -2.5614767e-03
   4.2728407e-03   4.4847267e-01   1.7590179e-03  -3.9854813e-03   9.7190623e-05  -2.8439134e-03
   1.6424325e-02   4.4172807e-01  -4.5645549e-02  -3.5913547e-03  -2.6426585e-04  -2.6177507e-03
   1.2508980e-03   3.7679179e-01   4.0340443e-03  -4.0795475e-03  -4.2180183e-05  -2.6421444e-03
   1.5622244e-02   4.3408384e-01  -3.7656978e-02  -3.7428995e-03  -1.6246033e-04  -2.7031040e-03
   3.9983542e-03   3.9933741e-01  -8.6252826e-03  -4.1562464e-03   1.2611060e-06  -2.9069465e-03
   9.5756285e-03   4.7659630e-01  -5.2338071e-02  -3.8415799e-03  -1.3035702e-04  -2.7478585e-03
   3.5288620e-03   4.3071461e-01  -2.5055838e-02  -3.8097081e-03  -2.2387878e-04  -2.6765966e-03
   1.7372376e-02   4.4171625e-01  -4.0757704e-02  -4.1525646e-03  -4.3203804e-04  -2.6852072e-03
  -7.2691511e-03   4.2724896e-01  -1.2046105e-02  -3.9854181e-03  -8.1266273e-05  -3.0185665e-03
  -2.3901012e-03   4.2070162e-01  -4.1673246e-02  -4.0804780e-03  -2.3214582e-04  -2.9902531e-03
  -1.3633168e-02   3.7056204e-01   5.9236978e-02  -4.5486173e-03  -2.9353904e-04  -2.5770502e-03
   2.7677651e-02   5.1553240e-01  -6.0827010e-02  -4.7271028e-03  -6.3931922e-04  -2.8980140e-03
