   2.7428218e-14   0.0000000e+00   0.0000000e+00   0.0000000e+00   0.0000000e+00   0.0000000e+00
  -4.2321266e-04  -2.2495032e-02  -3.0098286e-02   7.5223909e-04   1.3087976e-04   3.1617159e-05
   4.7044235e-03  -1.2679392e-02  -1.0589039e-02  -1.3910923e-04   3.7133307e-04  -1.1202530e-04
   1.0375367e-02  -5.4784573e-02  -4.0779444e-02  -1.9731182e-04   3.1421161e-04  -2.2835229e-04
   1.5651429e-02  -4.1508856e-02  -3.4115635e-02   4.1267455e-04   3.8228651e-04   8.0107135e-05
   8.3198499e-03  -2.4148609e-02  -3.7296964e-02  -6.0237108e-05   5.6428343e-04  -3.5746576e-05
   5.1612169e-03  -2.6676726e-02  -3.0364975e-02  -1.0562997e-04   1.0119023e-03   1.5447354e-05
   7.4476256e-03  -2.4537362e-02  -6.2551905e-02  -1.3867264e-03   1.0451936e-03   3.4977946e-05
   2.6025383e-04  -4.0848289e-02  -5.0930584e-02  -5.6896113e-04   8.7588287e-04  -4.0262199e-05
   1.3860510e-02  -8.5516625e-02  -3.3388915e-02  -2.4293879e-05   8.4489606e-04   3.2676100e-05
  -1.3291053e-03  -1.9834394e-02  -5.4617465e-02   7.2469872e-05   7.9014565e-04   5.6606482e-05
  -9.6609396e-06  -6.3408537e-02  -8.5260475e-03  -4.7322900e-04   7.4150206e-04  -1.1290885e-04
  -5.1584481e-03   2.6736045e-03  -3.1180093e-02   6.2166827e-05   8.7446767e-04  -1.2730978e-04
  -3.3681020e-03   2.5600415e-03   9.6765511e-03  -4.2276782e-04   7.0949373e-04  -2.7101338e-05
  -8.6033527e-03   2.1305067e-02  -3.0178590e-02   1.8602120e-06   8.6216203e-04  -2.1279495e-04
  -6.2812991e-03  -3.2016723e-02   3.4636288e-03   1.0949302e-04   9.4415861e-04  -1.2546136e-04
  -1.2004949e-02  -3.2225548e-02  -1.3151279e-02   3.3929829e-04   1.2318608e-03  -2.4649189e-04
  -9.7612455e-03  -3.9666435e-03  -1.2705329e-02  -6.8031865e-05   1.3136541e-03  -3.2582255e-04
  -1.2343531e-02   3.3734302e-02  -4.9788365e-02  -5.7523999e-04   1.5759630e-03  -4.6600878e-04
  -1.2410846e-02  -8.6087010e-03  -1.7765823e-02  -3.3520121e-04   1.7139976e-03  -4.5192841e-04
  -1.8437414e-02  -1.6991792e-02  -3.6405254e-02   1.3943920e-04   1.9569740e-03  -3.8762817e-04
  -1.6205801e-02  -2.2754624e-02   2.8412068e-02  -5.7782024e-04   2.1563199e-03  -4.5550729e-04
  -1.7448530e-02   1.9498852e-03  -3.3846852e-02  -7.4185328e-04   2.1704028e-03  -4.2358749e-04
  -1.5789836e-02   5.7029345e-02   2.8009495e-02  -1.0025033e-03   1.8488886e-03  -4.2112039e-04
  -2.1719259e-02   4.8881795e-02  -4.6053452e-02  -2.0579263e-04   1.7128290e-03  -4.7418720e-04
  -2.7571409e-02  -9.3728026e-03   1.4804142e-02  -9.2161317e-04   1.5076958e-03  -8.3139336e-04
  -1.9857490e-02  -1.5617174e-02  -3.6942125e-02  -7.1406325e-04   1.7818142e-03  -6.1778091e-04
  -1.4932756e-02  -2.2325559e-02  -2.3013605e-02  -1.0414108e-03   1.9878518e-03  -8.0493090e-04
  -1.3868805e-02  -2.2267803e-02  -3.0094123e-02  -7.0334917e-04   1.9578128e-03  -8.1709911e-04
  -3.1514923e-02   6.5150601e-02  -4.7427150e-02  -4.1923033e-04   2.3234085e-03  -8.8675306e-04
  -1.5675111e-02  -1.2184896e-02  -4.0749161e-03  -9.4825777e-04   2.0516685e-03  -1.0181402e-03
  -1.3197299e-02   2.7049432e-02  -1.1393277e-02  -1.0497279e-03   2.1989158e-03  -8.9089738e-04
  -5.2136410e-03  -6.6050937e-02   1.7586119e-02  -6.6748439e-04   2.0984597e-03  -8.4177664e-04
  -1.3678406e-02  -1.2623036e-02  -6.8877433e-03  -1.8599141e-04   2.4546430e-03  -8.5828233e-04
  -1.1516728e-02  -3.1690447e-02   1.7921140e-02  -6.4581374e-04   2.3624232e-03  -9.7098752e-04
  -3.3104409e-02   9.1285496e-02  -1.6386270e-02  -1.0911853e-03   2.7303327e-03  -9.3656674e-04
  -1.3769663e-02  -3.7085375e-02   3.1583951e-02  -6.5702803e-04   2.3459862e-03  -9.2021221e-04
  -1.0642627e-02  -1.5042900e-02  -3.1705382e-02  -6.9695352e-05   2.2935786e-03  -6.7800820e-04
  -1.5652173e-02  -1.9216217e-02   1.4509207e-02  -1.2000239e-03   2.4026664e-03  -8.6980079e-04
  -1.5429216e-02  -3.5431701e-02   1.2606664e-02  -5.8649835e-04   2.3839528e-03  -9.4806816e-04
  -1.3091601e-02  -3.5870711e-02   1.6603276e-02  -2.5411057e-04   2.2167012e-03  -8.2482631e-04
  -1.5888137e-02  -3.1705813e-02  -3.4757279e-03  -3.0273799e-04   2.2903960e-03  -9.4616286e-04
  -1.9686394e-02  -7.1356343e-03   1.6219264e-02  -7.0931836e-05   2.2162245e-03  -7.9905918e-04
  -1.5304756e-02   1.0835113e-02   1.2529605e-02  -5.0700392e-04   2.5540763e-03  -7.0958596e-04
  -1.2356583e-02  -2.6682067e-03   3.7250266e-02  -5.8006361e-04   2.6129686e-03  -6.3731682e-04
  -6.3390890e-03  -5.6651488e-03   4.5918568e-03  -1.2548804e-03   2.7367608e-03  -5.9270199e-04
  -6.7963584e-03  -4.5608233e-02   6.4997639e-03  -9.5127126e-04   2.8778233e-03  -6.7112376e-04
   8.4065185e-03  -5.1337263e-02   1.0344535e-02  -1.9937085e-03   2.7493384e-03  -4.5319696e-04
  -6.1192942e-04   7.8705118e-03  -6.2865190e-03  -4.3563137e-04   2.6257674e-03  -6.3963259e-04
   4.4902857e-03  -4.3713285e-02   4.1848195e-02  -5.9968079e-04   2.5273258e-03  -6.2924397e-04
  -5.1523157e-03   4.9774255e-02   1.6770794e-02  -8.3137813e-04   2.5686013e-03  -5.6601986e-04
  -1.3453808e-02  -3.3524186e-02   9.4142906e-03  -2.2745002e-04   2.6930705e-03  -7.6191896e-04
  -1.2623542e-02  -5.7018622e-02   2.6562686e-02  -7.6192112e-04   2.7889925e-03  -8.2171487e-04
  -1.5662810e-02  -3.1231117e-02   2.6179285e-02   3.7116352e-04   2.9184694e-03  -9.4104195e-04
  -2.4947556e-03  -7.2198073e-02   9.8390707e-02  -9.8173533e-04   2.6700279e-03  -9.5442947e-04
  -1.7022980e-02   5.0826160e-02  -1.4738473e-02  -5.2748494e-04   2.9728124e-03  -7.2390573e-04
  -9.0641122e-03   7.1630307e-03   7.3085969e-02  -8.1564513e-04   3.0013093e-03  -7.1783925e-04
  -1.1218044e-02  -5.4281233e-03   2.9734826e-03   5.8626026e-04   3.2269019e-03  -6.5238368e-04
  -8.8071589e-03   1.0808789e-02   3.8646236e-02  -2.0528695e-04   3.3494985e-03  -6.7539569e-04
  -1.3575155e-03   1.7111115e-03   1.2662168e-02   2.9605885e-04   3.4428031e-03  -6.8900638e-04
  -9.7213580e-04   4.2276081e-02   3.6176242e-02  -1.0616705e-03   3.6060724e-03  -6.9451481e-04
   1.4478849e-03   2.9607382e-02   1.2840050e-02  -2.9385049e-04   3.6278854e-03  -7.6784305e-04
  -1.4757822e-02   5.8308196e-02   7.3440112e-03  -5.0763182e-04   3.9897174e-03  -8.9597878e-04
  -6.4555501e-03   1.4859011e-02   4.8305203e-03  -4.9279548e-04   3.8830519e-03  -9.4643750e-04
  -1.8125209e-02   5.4589354e-02  -1.3644860e-02   4.2179971e-04   4.1099256e-03  -1.0837002e-03
  -9.4915383e-03   9.2432606e-03   6.7265493e-02  -4.2907850e-04   4.2121618e-03  -1.0531399e-03
  -1.9948522e-02   3.8176158e-02   5.2960307e-03   2.7752054e-04   4.4562026e-03  -9.2718126e-04
  -8.8342871e-03  -2.6810922e-02   7.1977079e-02  -5.4184490e-04   4.3594500e-03  -1.1045647e-03
  -1.6165531e-02   6.1893881e-02   2.4037491e-02   1.5796120e-04   4.8428458e-03  -8.0786260e-04
  -3.9574733e-04   6.5544815e-03   9.2597270e-02  -8.1589428e-04   4.9110480e-03  -6.9707303e-04
  -6.6248292e-03   2.2981717e-02   3.3696836e-02  -1.0844838e-04   4.8509878e-03  -5.3847465e-04
  -2.2251321e-03  -7.1217822e-03   8.0148868e-02  -3.8964574e-04   4.6526395e-03  -6.2085874e-04
  -1.1002825e-02   4.7340329e-02   2.4121565e-02  -2.0209201e-05   4.9453382e-03  -4.7921125e-04
  -1.4786022e-02   2.0981320e-02   2.7741458e-02  -3.5155570e-04   5.0159058e-03  -8.0733615e-04
  -8.0974680e-03  -3.0271377e-02   6.4673135e-02  -7.4555713e-04   4.7952085e-03  -7.9333954e-04
  -2.0293499e-02   8.1808836e-02   5.8531189e-02  -3.0565345e-04   4.9178678e-03  -8.4168233e-04
  -1.5961238e-02  -1.6567789e-02   7.7174522e-02  -9.2354521e-04   4.6309339e-03  -1.0338611e-03
  -1.9574401e-02   8.3011829e-02   2.0053902e-02  -7.9652340e-04   4.7379357e-03  -1.0274345e-03
  -1.4355847e-02   2.3432275e-02   4.2137489e-02  -9.1105185e-04   4.7619676e-03  -1.2624404e-03
  -1.8898721e-02   4.3683096e-02   7.8504315e-03  -8.5737674e-04   5.1063697e-03  -1.2440991e-03
  -2.3093430e-02   4.3617249e-02   4.0113251e-02  -1.2244181e-03   4.9641521e-03  -1.2540190e-03
  -3.5243462e-02   6.7484348e-02   1.6436754e-02  -3.7311654e-05   5.2312409e-03  -1.2560065e-03
  -2.4750772e-02   2.8547797e-02   1.1458355e-01  -9.6224530e-04   4.9964508e-03  -1.2954583e-03
  -3.5775854e-02   8.9493672e-02   3.0442748e-04  -3.3325804e-04   5.4482813e-03  -1.1844700e-03
  -2.1356515e-02   2.4083900e-02   6.7439841e-02  -9.9650045e-04   5.1875530e-03  -1.1232015e-03
  -1.7875126e-02   2.0533300e-02   4.8033715e-03  -4.6303016e-04   5.4725838e-03  -9.5787822e-04
  -1.4724213e-02   2.9108983e-02   3.5000121e-02  -1.1270277e-03   5.4618244e-03  -1.0318600e-03
  -1.3851134e-02   2.6531967e-02   3.4509924e-02  -1.1341336e-03   5.3362709e-03  -1.0427099e-03
  -2.3050562e-02   8.2014124e-03  -1.3982178e-02  -5.4754357e-04   5.5417732e-03  -1.1756261e-03
  -1.7145790e-02  -7.3270533e-03   6.3830496e-02  -1.1328196e-03   5.1826510e-03  -1.1973023e-03
  -3.2085989e-02   5.5400371e-02  -8.3996437e-03  -2.7610027e-04   5.4491657e-03  -1.0748976e-03
  -1.1888818e-02  -1.0354140e-02   7.3924603e-02  -1.3725918e-03   5.3925528e-03  -1.2296000e-03
  -1.3223829e-02  -3.7843607e-02   5.0869897e-02  -1.0331222e-03   5.5060998e-03  -1.0214237e-03
  -1.7377248e-02   2.0778572e-02   1.4082557e-02  -8.8345393e-04   5.6752034e-03  -1.2588248e-03
  -4.7615545e-03  -4.1899358e-02   5.2880325e-02  -1.1479205e-03   5.4888958e-03  -8.8944167e-04
  -2.0390693e-02   5.6803980e-02  -7.2429261e-03  -6.4719981e-05   5.8410890e-03  -6.4110279e-04
  -7.3301956e-03  -1.2603515e-02   9.2853029e-02  -4.8312589e-04   5.7810702e-03  -7.5054505e-04
  -1.5576223e-02   8.6560354e-02   1.2446530e-02  -2.5348282e-04   6.3314264e-03  -5.1308920e-04
  -8.4180240e-03   2.1929540e-02   8.2255132e-02  -9.9498837e-04   6.1220701e-03  -7.7229138e-04
  -6.1665938e-03   5.1892309e-02   4.7003167e-03  -6.1092077e-04   6.4277528e-03  -5.9537171e-04
  -2.4945836e-02   9.5435737e-02  -8.3079294e-03  -2.7918862e-04   6.3274510e-03  -1.1259799e-03
  -1.4436948e-02   1.4302273e-02  -1.7951945e-02  -4.3306185e-04   5.7689308e-03  -1.1964879e-03
  -1.9793915e-02   7.7150998e-02  -1.7336823e-02  -6.2504890e-04   6.1178365e-03  -9.7411323e-04
  -1.3683166e-02   1.9273557e-02   2.1272286e-02  -4.4838718e-04   5.7300246e-03  -1.1777289e-03
  -2.4618110e-02   5.1331652e-02  -1.0812017e-02   4.6846947e-04   5.8073610e-03  -1.2359963e-03
  -1.0657913e-02  -1.7245699e-02   7.7119115e-02  -8.0963410e-05   5.3607427e-03  -1.1453054e-03
  -1.4861673e-02   8.5618617e-02  -4.1643424e-02   5.7817733e-04   5.7141643e-03  -9.7815924e-04
  -1.1515754e-02   4.6886925e-02   6.7727015e-02  -1.6178019e-04   5.4922764e-03  -1.0356238e-03
  -8.7795161e-03   8.2488957e-02   1.4516226e-02   2.2724132e-04   5.5709528e-03  -7.9456557e-04
  -8.2041385e-03   8.1918643e-02   5.2405500e-02  -4.4979418e-04   5.6008924e-03  -7.4210289e-04
  -5.6924060e-03   5.9483922e-02   3.2136077e-03  -1.8729580e-04   5.8681836e-03  -6.5945755e-04
  -1.0790320e-03   1.1326380e-02   3.2630236e-02  -1.9916887e-04   5.9169561e-03  -6.7993926e-04
  -1.8454003e-04   1.8732755e-02   4.1469270e-02  -6.4896251e-04   5.8308140e-03  -7.0771850e-04
  -1.5072502e-02   8.9639445e-02   2.6914984e-03   4.7108675e-04   6.0526246e-03  -7.9540445e-04
  -9.1522603e-03   3.3153250e-02   6.9544721e-02  -8.8831819e-04   5.9030804e-03  -9.7692450e-04
  -1.5222465e-02   8.2239768e-02  -3.2913715e-03   5.1255804e-04   5.8918652e-03  -8.2908658e-04
   3.9331994e-03  -2.3580756e-02   1.1190786e-01  -2.2856282e-04   5.7779448e-03  -9.0587320e-04
  -9.3280359e-03   9.0167653e-02  -4.1129610e-03  -1.1388014e-04   6.0720821e-03  -7.5650892e-04
  -1.1447752e-02   6.8650761e-02   3.3077711e-02  -4.8233874e-06   6.0346700e-03  -9.8590670e-04
   2.6301572e-03   1.5485171e-02   2.1033435e-02  -3.2282171e-04   6.1580944e-03  -9.2918231e-04
  -3.9620087e-03   7.6656318e-02   2.9960926e-02   4.6252038e-04   6.1556589e-03  -8.5201093e-04
  -2.7439133e-03   3.9911749e-02   5.6231108e-03  -7.8009989e-04   6.3355056e-03  -9.0527513e-04
  -1.3685980e-02   8.0491354e-02   1.4351195e-03  -1.1671044e-03   6.5838343e-03  -1.0239164e-03
  -6.3308094e-03   5.6232493e-02  -2.2251040e-02  -5.5306354e-04   6.1541822e-03  -9.9589689e-04
  -4.2334479e-03   9.3483653e-02  -1.1408336e-02   7.2893435e-05   6.3296073e-03  -1.0200216e-03
   3.9062429e-03   7.5074122e-02  -2.8345981e-02  -6.2476909e-04   6.4962912e-03  -9.9913145e-04
  -3.6083012e-03   8.5250585e-02  -1.5007120e-02  -7.5816439e-04   6.7425079e-03  -8.4184946e-04
   8.4110605e-03  -1.1956322e-02   9.6528582e-03  -6.7730275e-04   6.4135736e-03  -8.6830430e-04
  -6.5424105e-03   7.2994788e-02  -1.8995542e-02   4.4030041e-04   6.2119913e-03  -8.2891407e-04
  -1.1235725e-03   6.0982646e-02  -5.4256513e-03  -8.8504609e-04   6.7272412e-03  -1.2714365e-03
  -2.4255267e-02   9.1036675e-02  -9.0298641e-02   5.0283488e-04   7.0612014e-03  -1.2172583e-03
   2.7327514e-03  -5.0050232e-02   9.4772613e-03  -5.3601960e-04   7.1162895e-03  -1.0848882e-03
  -1.2216125e-02   1.1588786e-01  -6.0094183e-02  -1.7614168e-04   7.3708821e-03  -8.3908762e-04
  -5.3240792e-03   2.7018932e-02   1.2288159e-02  -1.5693843e-03   7.5347216e-03  -8.5027872e-04
   2.1637780e-03   8.5345430e-02   5.2541469e-03  -7.6469384e-04   7.7860464e-03  -4.8265921e-04
   6.8131814e-03   1.9763260e-02  -2.4858531e-02  -1.6637044e-03   7.6829741e-03  -6.5606293e-04
   1.8019616e-03   7.7844260e-02   1.3439083e-02  -9.8248419e-04   7.9487001e-03  -5.5727115e-04
   1.4069340e-02   3.2644623e-02  -1.9012278e-02  -1.1763864e-03   7.8830311e-03  -2.5078790e-04
   3.5454958e-03   1.0777406e-01  -2.2564212e-02  -9.7785540e-04   8.0800547e-03  -3.4893266e-04
   1.2488329e-02   9.8143272e-02   5.7635477e-04  -4.4185973e-04   7.8955993e-03  -1.4038793e-04
   1.0190458e-02   1.0138698e-01  -2.2089874e-02  -1.6970637e-03   8.1529609e-03  -1.5929757e-05
   1.7871594e-02   2.1775141e-02   4.0547214e-03  -6.3550080e-04   7.8183932e-03  -3.0514511e-05
   1.4435738e-02   9.6792031e-02  -4.4850230e-02  -9.4187139e-04   7.9055022e-03  -4.9703650e-05
   1.5642190e-02   1.0788723e-01  -1.8068338e-02  -1.2209508e-03   7.7593739e-03   5.9587575e-05
   3.1256200e-02   2.0122573e-02  -5.6227395e-02  -1.1973034e-03   7.8402196e-03   2.0135491e-04
   2.5438984e-02   2.9790053e-02  -2.3498114e-02  -1.4946369e-03   7.7020340e-03  -2.7328511e-05
   2.6559814e-02   8.4364479e-02  -6.6100472e-02  -7.1113461e-04   7.0348298e-03   2.8660784e-04
   2.5305540e-02   6.1194025e-02   1.5283190e-02  -1.1502788e-03   7.1209665e-03   1.4429045e-04
   1.7994032e-02   1.2027073e-01  -5.5074431e-02  -6.7082349e-04   7.5698340e-03   1.5333131e-04
   2.8050067e-02   8.2145957e-02   1.7593132e-02  -2.9025341e-04   7.3121620e-03   2.4546263e-04
   2.0127669e-02   1.4540596e-01  -8.3863240e-02  -9.9959369e-04   7.4177018e-03   3.1364434e-04
   2.5457289e-02   7.2286917e-02  -5.0337513e-02  -1.4648456e-03   7.2475499e-03   2.2609708e-05
   2.6666096e-02   1.0250937e-01  -9.3328037e-02  -1.5557088e-03   7.3399680e-03   9.1780462e-05
   2.5495856e-02   1.7293982e-01  -1.3740689e-01  -1.7630397e-03   6.8535307e-03   2.6758416e-04
   2.6987501e-02   9.8414474e-02  -8.4443267e-02  -4.2349303e-04   6.7407448e-03   2.9435888e-05
   2.2559156e-02   1.3719500e-01  -1.1963698e-01  -1.0187084e-03   6.8291075e-03  -1.4788023e-04
   1.7535966e-02   1.1847845e-01  -6.9316130e-02  -1.3501240e-03   7.0800391e-03  -2.4723362e-04
   1.5708091e-02   1.5577183e-01  -9.6784904e-02  -7.8296909e-04   7.0661570e-03  -2.7500836e-04
   1.0471035e-02   1.5035331e-01  -9.1231197e-02  -1.1684819e-03   7.3510528e-03  -2.9218045e-04
   1.9142823e-02   1.2055870e-01  -7.5031741e-02  -4.9199295e-04   7.3581978e-03  -1.4787549e-04
   9.9959404e-03   1.8925009e-01  -9.1141433e-02  -8.3049200e-04   7.4224863e-03  -1.0336903e-04
   2.1574436e-02   1.1317733e-01  -6.3941403e-02   1.0162821e-04   7.2169444e-03  -1.1414499e-05
   2.3632759e-02   1.5063539e-01  -8.4530172e-02  -8.5736057e-04   7.3182665e-03   8.4673953e-06
   3.0664920e-02   1.0874995e-01  -6.1491345e-02  -1.8734638e-04   7.1735891e-03   4.5650118e-05
   2.5071756e-02   1.2092348e-01  -1.0203856e-01  -1.9961451e-04   7.3451485e-03   2.0369768e-04
   3.1964342e-02   1.0359627e-01  -4.6435286e-02   2.5618329e-05   7.1665368e-03   1.0258621e-04
   3.1492992e-02   1.2663602e-01  -5.8385817e-02  -8.1132669e-04   7.4024419e-03   1.8039427e-04
   3.4815704e-02   1.1767734e-01  -5.0463622e-02  -2.2695740e-04   6.9985245e-03   1.2411955e-04
   3.0999807e-02   1.4611980e-01  -9.1529582e-02  -9.5436012e-04   7.4539860e-03   1.0025058e-04
   3.6588761e-02   1.6308706e-01  -4.6431772e-02  -6.5132095e-04   7.5397536e-03  -4.7154978e-05
   3.9805510e-02   1.5026004e-01  -9.3246670e-02  -6.2114732e-04   7.4817477e-03  -6.3322567e-05
   3.8859923e-02   1.8046678e-01  -7.6915433e-02  -3.8239558e-04   7.4927218e-03  -3.4888229e-05
   3.7593469e-02   1.6650349e-01  -1.4803561e-01  -2.1076431e-04   7.4426174e-03   1.3522877e-04
   4.2029552e-02   1.1117668e-01  -6.7954853e-02   5.0085156e-04   7.1958731e-03   1.1176675e-04
   3.0960239e-02   1.4257323e-01  -1.0570552e-01  -4.0063056e-04   7.3890528e-03   1.8001124e-04
   3.1399236e-02   1.2780264e-01  -6.4427645e-02   5.6675193e-04   7.2075975e-03   9.6630971e-05
   3.4195397e-02   1.1168470e-01  -8.0427160e-02  -7.8616134e-04   7.5610655e-03   1.9277617e-05
   3.2234073e-02   1.8393216e-01  -9.5901490e-02   3.0793667e-06   7.4731353e-03   4.9848982e-05
   2.3747863e-02   1.4126862e-01  -1.2610896e-01  -6.9787246e-04   7.7546442e-03  -5.2583673e-05
   1.5157142e-02   1.6967925e-01  -1.0826122e-01  -3.4913309e-04   7.5724481e-03   4.7572010e-05
   3.6355710e-02   8.8310296e-02  -1.0234051e-01  -9.1921437e-04   7.4363301e-03   1.9252420e-05
   1.7636011e-02   1.7406728e-01  -1.2826013e-01  -4.6607973e-04   7.4439561e-03  -1.5095609e-04
   2.9883843e-02   1.1845294e-01  -8.0142247e-02  -6.1473799e-04   7.2376184e-03  -2.2340620e-04
   2.3314563e-02   1.5116653e-01  -1.3442682e-01   3.4137336e-04   7.3451980e-03  -2.4103781e-04
   3.8994081e-02   1.1836789e-01  -9.5060390e-02   6.3288045e-05   7.1609942e-03  -1.9215387e-04
   2.6271656e-02   1.8794105e-01  -1.4049267e-01   1.7062717e-04   7.2164123e-03  -2.7717221e-04
   3.0850378e-02   1.1552512e-01  -1.3311303e-01  -1.2153077e-04   7.3455477e-03  -3.4312624e-04
   2.6990989e-02   1.5303033e-01  -1.1572723e-01  -3.1637561e-04   6.9535881e-03  -2.8305089e-04
   2.4058096e-02   1.8406829e-01  -1.6504394e-01   6.5944111e-04   7.3548091e-03  -1.6624168e-04
   3.6781823e-02   1.2262523e-01  -8.3703847e-02  -3.8455349e-04   7.1811794e-03  -3.3777152e-04
   3.2547747e-02   2.4550472e-01  -1.7738972e-01   7.2545329e-04   7.1620448e-03  -2.1591447e-04
   3.6318349e-02   1.0933618e-01  -7.8541134e-02   1.4949714e-04   6.9625058e-03  -3.4991995e-04
   2.5033349e-02   2.4040207e-01  -2.1993751e-01   7.0025697e-04   6.9612783e-03  -2.4107276e-04
   2.5604462e-02   2.3047061e-01  -1.5634692e-01   9.1860845e-07   6.6845758e-03  -4.4757808e-04
   1.6083042e-02   1.8031587e-01  -1.0968346e-01   2.6606005e-04   6.7509358e-03  -3.6644859e-04
  -3.0400074e-03   2.4617796e-01  -1.3850297e-01  -2.5747200e-04   7.2442533e-03  -5.5608810e-04
   1.2012113e-02   1.6738368e-01  -9.9424936e-02  -2.4497172e-04   7.0722721e-03  -6.2274229e-04
   3.4706932e-03   2.0082820e-01  -1.6871944e-01   1.6093373e-04   7.3371515e-03  -4.0257698e-04
   2.0216714e-02   1.3449352e-01  -9.9545653e-02   3.5204555e-04   6.9197466e-03  -5.4597047e-04
  -2.2612976e-03   2.4627487e-01  -1.7920824e-01   4.1225124e-04   6.9140793e-03  -5.8750675e-04
   1.7375294e-03   2.7192226e-01  -1.6147350e-01   1.4348000e-04   6.8859043e-03  -5.7412153e-04
   2.9712950e-03   1.3937458e-01  -1.6802633e-01  -7.0933267e-04   6.5477280e-03  -8.3483815e-04
  -7.3880353e-03   1.4581761e-01  -1.8523811e-01   1.1365519e-03   7.2189221e-03  -9.8457311e-04
   1.1337507e-03   1.2275677e-01  -1.2138557e-01  -2.0983783e-04   6.9748923e-03  -9.0075965e-04
  -1.4328904e-02   2.2776484e-01  -1.8261887e-01   4.5733037e-04   7.3472018e-03  -7.5630763e-04
   3.8290749e-04   1.6885542e-01  -1.2844719e-01  -2.8115985e-05   6.8740204e-03  -7.5671239e-04
  -2.8145937e-03   2.1948092e-01  -2.0845298e-01   3.6350055e-04   7.0169457e-03  -7.3072825e-04
  -1.0203784e-03   2.5151377e-01  -1.8075822e-01   1.3813737e-04   6.5856114e-03  -1.0286366e-03
   2.6640749e-03   2.0813477e-01  -2.0626362e-01  -3.2612453e-04   6.7337798e-03  -8.7044414e-04
