   0.0000000e+00  -1.3272809e-14  -3.5527137e-15   2.7755576e-17   3.6120072e-18   2.7755576e-17
   6.0930924e-03  -3.5496948e-02   5.2074229e-02  -4.6702524e-04  -1.4160620e-04   6.4972614e-04
   1.6956800e-02  -1.2929193e-02   3.8708000e-02  -2.3600305e-03  -5.7896684e-04   4.8826450e-04
   1.4413378e-02   5.4352120e-02  -4.1321650e-02  -7.4829458e-04   1.3801676e-04   4.2555917e-04
   1.1809020e-02  -3.0159494e-03  -1.8677148e-02  -3.6982481e-04   1.7581128e-04   9.0499860e-04
   2.6277501e-03  -4.3166274e-02  -2.0837848e-02  -8.8567130e-04   4.6145264e-04   7.1801070e-04
   3.9924447e-02  -5.2500974e-02   1.2614031e-01  -5.4990519e-04  -1.0580630e-03   1.3091387e-03
   7.0192442e-02  -9.5205995e-02   1.5511512e-01  -1.1353683e-04  -2.8787284e-03   1.5644114e-03
   5.7110288e-02   1.2321767e-02  -1.1779154e-01   6.5013549e-04  -1.2080890e-03   1.1738950e-03
   3.9310830e-02  -5.9212879e-02  -4.2279550e-02   1.8992528e-03  -8.5140363e-04   1.0424052e-03
   4.3461335e-02  -8.7410942e-02  -5.4977473e-02   1.6907030e-03  -6.4831365e-04   1.0489960e-03
   4.9251092e-02  -4.4920303e-02   8.0043235e-03   9.0176754e-04  -8.8047108e-04   1.2996258e-03
   4.7980013e-02  -3.8114294e-02   1.1749862e-01  -4.3085826e-04  -8.9155725e-04   1.2490468e-03
   6.0474559e-02   4.9640081e-02  -6.6983049e-02   8.5499471e-05  -6.9673937e-04   1.2536665e-03
   3.4983624e-02  -4.4945207e-02   1.3877013e-02  -1.2799989e-04  -3.6818671e-05   7.6137867e-04
   2.7541661e-02  -8.3080738e-02   7.3132176e-03   1.2217995e-04  -1.3224251e-05   1.0946878e-03
   4.8412514e-02  -5.6307959e-02   4.9657341e-02   1.6044522e-03  -2.8450729e-04   1.6714262e-03
   4.5021702e-02  -2.6928980e-02   1.8237015e-02  -3.6840578e-06  -4.0017522e-04   1.4817635e-03
   3.9960567e-02   2.7386895e-02  -6.0102374e-02   1.4212991e-03   5.4888321e-04   1.3289000e-03
   1.4013952e-02  -8.0692797e-02   1.1889172e-01   1.2640794e-03  -1.8947561e-05   1.8658834e-03
   3.9405536e-02   7.5282243e-03   5.1900891e-02   5.8597127e-04  -2.4732539e-05   1.5416296e-03
   3.5811754e-02  -4.3274097e-02   4.7936727e-02   4.6045427e-04   2.7741255e-04   1.7070596e-03
   4.5269769e-02  -4.7637149e-02   1.7917941e-03   1.5227646e-03   3.7890318e-04   1.9828908e-03
   4.6761350e-02  -7.0934914e-02   8.8267292e-02   3.2471937e-03   2.4010961e-04   2.2439729e-03
   5.5361100e-02  -5.4075348e-02   1.5477448e-01   2.6667572e-03  -5.2159574e-04   2.5574736e-03
   5.3728373e-02  -6.7694544e-02   1.3134517e-02   3.1328034e-03  -2.3282938e-04   1.8268550e-03
   6.4025915e-02  -6.8380203e-02   7.7052647e-02   3.7224982e-03  -1.6035225e-05   2.3457429e-03
   4.8380562e-02  -7.5079934e-02   6.6619506e-02   3.0037047e-03   5.6213114e-04   2.2362384e-03
   5.1711619e-02  -1.5217754e-01   7.3118844e-02   5.0410730e-03   5.9966151e-04   2.5094632e-03
   3.8288048e-02  -1.4336176e-01   1.3667857e-01   3.6052931e-03   3.6406584e-04   2.4808968e-03
   4.2543634e-02  -6.1757578e-02  -5.6440176e-03   3.9454392e-03   1.0571719e-03   2.2895110e-03
   4.9380042e-02  -9.6155555e-02   9.0520250e-02   5.5046160e-03   3.0967614e-04   2.2858955e-03
   5.9987718e-02  -1.1917685e-01   1.4397181e-02   6.1365553e-03   2.4075943e-04   2.6716530e-03
   7.2607336e-02  -3.7506808e-02  -1.1504461e-02   4.8862377e-03   4.3222170e-04   2.5330005e-03
   5.9567385e-02  -1.1775225e-01   7.3130838e-02   6.2643528e-03   3.4136668e-04   2.8104757e-03
   6.0924991e-02  -1.5658575e-01   1.0319422e-02   6.8067526e-03   5.7800706e-04   2.5129313e-03
   6.6960082e-02  -1.0525043e-01   2.3386771e-02   6.5680164e-03   4.7753528e-04   2.4957264e-03
   6.2603063e-02  -1.2012350e-01   1.1394448e-01   6.2188715e-03  -1.2514877e-04   2.9272446e-03
   8.0718454e-02  -8.5411766e-02  -1.5996404e-02   7.0543183e-03   4.6890490e-04   2.8395600e-03
   8.4793944e-02  -8.1076846e-02  -1.2270082e-02   7.4582922e-03   3.4302754e-04   2.9352029e-03
   7.5564071e-02  -1.2501091e-01   7.0844147e-02   6.5093165e-03  -8.6602295e-05   2.8206822e-03
   8.7704160e-02  -1.2724770e-01   6.4052471e-02   6.8487098e-03   3.7239788e-05   2.6306127e-03
   8.4071539e-02  -1.0706751e-01   2.5177920e-02   8.0819880e-03   5.4996739e-04   3.0904368e-03
   8.5196735e-02  -1.0339486e-01   7.3710286e-02   7.9944131e-03   1.8656101e-04   2.9932053e-03
   9.8306146e-02  -1.1548852e-01   7.0324510e-03   8.6890078e-03   5.0492701e-04   3.2611017e-03
   9.8826724e-02  -1.3312665e-01   8.5716634e-02   8.9748738e-03   4.3378614e-04   3.3216972e-03
   1.1284078e-01  -7.0130295e-02   1.8368310e-03   8.2387778e-03   2.7933145e-04   3.2558527e-03
   1.0023139e-01  -1.1433228e-01  -7.9356578e-03   9.2836701e-03   8.2893825e-04   3.1080620e-03
   1.0570744e-01  -1.2355180e-01   2.5882718e-02   9.0573405e-03   2.5457843e-04   3.2774095e-03
   1.1887930e-01  -6.4091910e-02   8.8250220e-03   8.4970939e-03   2.6309583e-04   2.9735190e-03
   1.1040449e-01  -1.1991699e-01   7.4944999e-02   7.8024125e-03   1.1889644e-04   2.9451856e-03
   1.1947514e-01  -1.0130565e-01  -4.0052878e-02   8.5969694e-03   3.3298544e-04   3.4510855e-03
   1.1728670e-01  -1.3441102e-01  -1.6797888e-03   9.5303365e-03  -1.0772287e-04   3.1661726e-03
   1.2193824e-01  -1.0538102e-01  -5.3431867e-02   9.4551318e-03  -2.2278533e-04   3.3226690e-03
   1.2072088e-01  -8.8735455e-02  -7.6388465e-02   1.0137829e-02   3.9937648e-05   3.1747391e-03
   1.1815344e-01  -1.1891470e-01  -6.2315874e-02   1.0545958e-02  -6.7738779e-05   3.3235859e-03
   1.2244796e-01  -8.3615445e-02  -8.7781842e-02   1.0463546e-02  -3.6044429e-05   3.2780206e-03
   1.2318160e-01  -1.2501401e-01  -6.9188986e-02   1.1593962e-02   8.4146122e-05   3.1817478e-03
   1.2231985e-01  -8.5291770e-02  -6.3608109e-02   8.9966448e-03  -1.0320422e-04   2.8381916e-03
   1.1741274e-01  -1.1093185e-01  -4.8162192e-02   9.7478520e-03  -1.3368110e-04   2.9963208e-03
   1.4273658e-01  -9.8601950e-02  -9.2454433e-02   1.1047883e-02  -2.4962571e-04   3.2477691e-03
   1.3850140e-01  -1.3527706e-01  -3.8602051e-02   1.0500875e-02  -2.5617018e-04   2.8993266e-03
   1.6207692e-01  -1.1327434e-01  -7.7017566e-02   1.0801020e-02  -4.4510378e-04   3.5071919e-03
   1.5522073e-01  -1.6157081e-01  -4.3958779e-02   1.0748884e-02  -5.0545015e-04   3.1461375e-03
   1.5052333e-01  -2.0527719e-01   2.8486516e-03   1.0479969e-02  -7.8613975e-04   3.5181908e-03
   1.7533837e-01  -7.7672659e-02  -1.3820200e-01   1.1096848e-02  -4.8572027e-04   3.3212558e-03
   1.7520737e-01  -1.4019606e-01  -8.1688023e-02   1.1976272e-02  -1.9346848e-03   2.9506246e-03
   1.8300390e-01  -1.0613723e-01  -9.4859760e-02   1.1266590e-02  -1.8851261e-03   2.6354786e-03
   1.4154573e-01  -2.2613767e-01  -9.1995662e-02   1.4729294e-02  -1.5069346e-03   2.4211385e-03
   1.6056788e-01  -2.2029754e-01  -5.6247303e-02   1.4700913e-02  -1.9853535e-03   2.7206716e-03
   1.7808054e-01  -1.5252886e-01  -1.1108881e-01   1.5966445e-02  -1.7537047e-03   3.2251463e-03
   1.7975949e-01  -1.1154038e-01  -1.0824441e-01   1.3651551e-02  -1.7526926e-03   3.6896195e-03
   1.7903088e-01  -1.5214177e-01  -1.4703968e-01   1.5243001e-02  -1.7821348e-03   3.6090737e-03
   1.8636415e-01  -1.5233820e-01  -1.2639640e-01   1.4248040e-02  -2.1308842e-03   3.4147173e-03
   1.9724935e-01  -1.2339971e-01  -1.2438558e-01   1.4204418e-02  -2.3407605e-03   3.3953591e-03
   1.7869091e-01  -1.8677418e-01   2.0760866e-02   1.4909115e-02  -2.6426588e-03   3.5445783e-03
   2.0285187e-01  -1.4331395e-01  -1.6857007e-01   1.6608132e-02  -2.2887338e-03   3.5596135e-03
   2.0669822e-01  -1.6780019e-01  -8.4670869e-02   1.5740932e-02  -2.4508700e-03   3.7185594e-03
   1.9861207e-01  -2.1897398e-01   1.3550654e-02   1.6563676e-02  -3.0672658e-03   3.7943817e-03
   2.0961689e-01  -1.7429339e-01  -4.3976317e-02   1.6124391e-02  -2.8127309e-03   3.5823806e-03
   1.9396565e-01  -2.2017184e-01  -3.9162931e-02   1.6883960e-02  -2.2951882e-03   3.8980033e-03
   1.7622281e-01  -2.5690224e-01   1.2353341e-01   1.6264888e-02  -2.7209636e-03   3.3960101e-03
   2.1408717e-01  -1.8640568e-01   3.3950579e-02   1.7098038e-02  -3.2941626e-03   3.4102499e-03
   2.1993488e-01  -1.7509196e-01  -5.7775233e-02   1.8544616e-02  -2.3734241e-03   3.8469305e-03
   1.8890507e-01  -2.9420607e-01   9.4778862e-02   1.8049951e-02  -2.6097069e-03   3.8549148e-03
   1.9586527e-01  -2.4120706e-01   1.4850109e-01   1.7650579e-02  -3.0245899e-03   3.5085916e-03
   2.2244865e-01  -2.3546025e-01   1.6620397e-02   1.8547959e-02  -3.0117266e-03   3.9280348e-03
   2.1206840e-01  -2.9307624e-01   1.3945550e-01   2.0315665e-02  -2.9052167e-03   4.1083129e-03
   1.8973804e-01  -2.7224433e-01   1.2547547e-01   1.8648860e-02  -2.7438625e-03   3.5327204e-03
   2.0796114e-01  -2.5906911e-01  -2.9381393e-02   2.0947442e-02  -2.0514724e-03   3.8681380e-03
   1.8333014e-01  -3.4875584e-01   9.2473762e-02   2.1321046e-02  -2.0907221e-03   3.9489480e-03
   1.9046621e-01  -2.6883246e-01   7.0266528e-02   2.0845968e-02  -2.3704507e-03   3.8751825e-03
   2.0089983e-01  -3.1156990e-01  -2.4659978e-02   2.3107454e-02  -1.8315479e-03   3.8892383e-03
   1.7794643e-01  -3.1364932e-01   1.4489549e-01   2.1506541e-02  -1.8230552e-03   3.8646759e-03
   1.9304604e-01  -2.6345962e-01   5.4099149e-02   2.1652810e-02  -2.1063530e-03   3.6993823e-03
   1.9365375e-01  -3.1035960e-01  -1.3673284e-02   2.2398883e-02  -1.7863696e-03   3.7999681e-03
   1.9189679e-01  -3.3233477e-01  -2.0546236e-02   2.3435881e-02  -1.2538070e-03   4.1589696e-03
   1.9440684e-01  -3.2277572e-01   4.4686211e-02   2.2231525e-02  -1.3137041e-03   3.9630292e-03
   2.1174523e-01  -2.6714759e-01   6.4433256e-02   2.2768580e-02  -1.8697867e-03   4.2421840e-03
   2.0073108e-01  -3.0041430e-01  -1.7365352e-02   2.1887047e-02  -1.4408608e-03   3.7016726e-03
   1.9636411e-01  -3.1214291e-01   1.4569226e-02   2.3016224e-02  -1.0044708e-03   4.0292012e-03
   1.9263591e-01  -3.3730129e-01   7.1950353e-02   2.2403096e-02  -1.5387387e-03   3.8207685e-03
   1.9493584e-01  -3.1367869e-01   2.9409571e-02   2.1883539e-02  -1.8134444e-03   3.6246750e-03
   2.1292712e-01  -2.9776397e-01   1.0578564e-01   2.3508536e-02  -2.0757871e-03   4.2708278e-03
   2.0539288e-01  -2.5706771e-01  -1.1307131e-01   2.1577078e-02  -1.9955286e-03   3.4891895e-03
   1.9019957e-01  -2.8647647e-01  -8.2542378e-02   2.3696353e-02  -2.6337794e-03   3.1238418e-03
   1.9214481e-01  -3.7511882e-01  -5.4057129e-02   2.4832028e-02  -2.2689701e-03   3.3958775e-03
   2.1054777e-01  -2.9548017e-01  -9.2863271e-03   2.4194584e-02  -2.3172089e-03   3.5003935e-03
   2.1907357e-01  -3.0984575e-01  -1.6948185e-02   2.4958689e-02  -1.9857612e-03   4.3546739e-03
   2.0101546e-01  -2.8537368e-01  -1.7970358e-02   2.5109658e-02  -1.5580325e-03   3.9252944e-03
   2.1049392e-01  -3.1868670e-01   6.8285633e-02   2.4572045e-02  -2.0880473e-03   4.4692368e-03
   2.1338173e-01  -2.3265485e-01   2.2381406e-03   2.3970024e-02  -1.6352897e-03   3.8025309e-03
   2.0562636e-01  -3.1334760e-01   4.9767880e-02   2.3016728e-02  -1.7789307e-03   4.1619515e-03
   2.0987409e-01  -2.6840450e-01   1.3227301e-02   2.2884892e-02  -1.4904262e-03   4.0765882e-03
   2.2540265e-01  -3.3381843e-01   1.9993001e-02   2.4949214e-02  -1.9212442e-03   4.5349659e-03
   2.3934297e-01  -3.0767209e-01  -6.5937886e-03   2.4326066e-02  -2.2559527e-03   4.4199137e-03
   2.3085848e-01  -2.9415347e-01   6.1340672e-02   2.3297455e-02  -2.2129341e-03   4.1864172e-03
   2.3196707e-01  -2.9227469e-01  -2.4701655e-02   2.4788761e-02  -1.8265015e-03   4.3444032e-03
   2.4673496e-01  -2.9049202e-01   2.2045167e-03   2.6416959e-02  -2.1644092e-03   4.7655058e-03
   2.2684654e-01  -3.2116772e-01   4.2915061e-02   2.3816835e-02  -1.9956545e-03   4.2364813e-03
   2.2797639e-01  -2.8822444e-01   3.4776154e-02   2.5457003e-02  -1.8642082e-03   4.5278261e-03
   2.3382993e-01  -2.5560728e-01   5.9058391e-02   2.2827465e-02  -2.0639214e-03   4.4398134e-03
   2.2419070e-01  -3.0149103e-01   6.8560279e-02   2.4291928e-02  -1.6698911e-03   4.5905295e-03
   2.4637846e-01  -2.8769435e-01   3.9131081e-02   2.5166386e-02  -1.7838612e-03   5.1071831e-03
   2.2690490e-01  -3.6561728e-01   8.7836158e-02   2.6089001e-02  -1.2861939e-03   4.9523663e-03
   2.4518341e-01  -3.6744999e-01   9.4375426e-02   2.4057115e-02  -1.8310195e-03   5.2840014e-03
   2.3353071e-01  -3.4740915e-01   8.7864709e-02   2.5111686e-02  -1.4579361e-03   4.9071200e-03
   2.7133839e-01  -2.8365048e-01   1.9061436e-02   2.2638209e-02  -1.9899019e-03   5.0888269e-03
   2.5797721e-01  -2.9202618e-01   3.1761198e-02   2.4035360e-02  -1.9053614e-03   4.8179130e-03
   2.5458119e-01  -3.5970882e-01  -1.5791269e-03   2.5533231e-02  -1.6697167e-03   5.2547502e-03
   2.6981148e-01  -2.8031776e-01   6.3966994e-02   2.4795581e-02  -2.0594082e-03   5.0465660e-03
   2.6360364e-01  -3.4456700e-01   7.3909438e-02   2.4455884e-02  -1.9621704e-03   5.1566527e-03
   2.5544811e-01  -3.3567477e-01   1.2613098e-01   2.4343016e-02  -1.6821259e-03   5.3033897e-03
   2.5717918e-01  -3.7498385e-01   8.0149306e-02   2.4540388e-02  -1.6372643e-03   5.4771848e-03
   2.6088422e-01  -3.1824364e-01   8.5838723e-02   2.3995236e-02  -1.7083566e-03   5.2447867e-03
   2.6921566e-01  -3.1780852e-01   3.5627117e-02   2.5372053e-02  -1.5812160e-03   5.6896235e-03
   2.6282195e-01  -2.6782553e-01   1.4167546e-02   2.4770982e-02  -1.3920066e-03   5.4687897e-03
   2.5895104e-01  -2.9669865e-01   4.4297083e-02   2.6188264e-02  -1.4161361e-03   5.4710666e-03
   2.5269269e-01  -2.8219301e-01   1.0126707e-01   2.3465034e-02  -1.7490129e-03   5.1559167e-03
   2.4603031e-01  -3.3088998e-01   7.4536526e-02   2.5836344e-02  -1.5324190e-03   5.3274305e-03
   2.5602415e-01  -3.2928583e-01   5.5154571e-02   2.5656079e-02  -1.4715706e-03   5.6809245e-03
   2.5476293e-01  -3.3039375e-01   6.5903509e-02   2.6344633e-02  -1.4929817e-03   5.5742732e-03
   2.6580579e-01  -3.2597956e-01   4.8107428e-02   2.6059360e-02  -1.5950438e-03   5.7254367e-03
   2.5126527e-01  -3.2456717e-01   1.1148207e-02   2.6003832e-02  -1.0390679e-03   5.7184581e-03
   2.5801885e-01  -3.5057894e-01   4.9196994e-02   2.5607128e-02  -1.2072456e-03   6.0916335e-03
   2.6465583e-01  -3.0773886e-01   2.3998580e-02   2.5660038e-02  -1.0913219e-03   5.8242480e-03
   2.7136096e-01  -3.1147192e-01   7.9326345e-02   2.6272794e-02  -9.8780485e-04   6.2149843e-03
   2.5629012e-01  -2.9183614e-01   1.2129822e-01   2.4561730e-02  -1.4843133e-03   5.4740759e-03
   2.3001341e-01  -3.9607206e-01   1.7106162e-01   2.5486401e-02  -1.1160635e-03   5.2455800e-03
   2.4505016e-01  -3.5546829e-01   1.4219529e-01   2.5664356e-02  -1.4770406e-03   5.5838838e-03
   2.6511452e-01  -3.0189919e-01   1.5923089e-01   2.5793299e-02  -1.2892575e-03   5.9103386e-03
   2.4670705e-01  -2.6412771e-01   1.7512869e-01   2.4395099e-02  -1.2623997e-03   5.1039140e-03
   2.4428230e-01  -3.5130568e-01   1.8890189e-01   2.5917472e-02  -9.3004417e-04   5.6672795e-03
   2.2849256e-01  -2.7235816e-01   2.0486653e-01   2.4178143e-02  -5.9046645e-04   4.9905837e-03
   2.2720459e-01  -2.4743301e-01   2.2079577e-01   2.3693052e-02  -4.7532375e-05   5.3388664e-03
   2.0578462e-01  -2.7743939e-01   2.2084708e-01   2.2160807e-02   1.5479347e-04   5.3042484e-03
   2.1212240e-01  -2.8155118e-01   1.4670752e-01   2.4822793e-02   3.9841095e-04   5.4383320e-03
   2.1803117e-01  -2.6044928e-01   7.5409427e-02   2.2642109e-02   6.4590547e-05   5.7295688e-03
   2.2573592e-01  -2.7884788e-01   1.5678315e-01   2.3785126e-02  -2.3994641e-04   5.9116605e-03
   2.1526599e-01  -3.2273466e-01   1.1609063e-01   2.5009407e-02   2.8786986e-04   6.0607289e-03
   2.2155810e-01  -2.7382098e-01   1.6130129e-01   2.4848057e-02   1.5933921e-04   5.8584436e-03
   2.1718100e-01  -3.1294027e-01   1.5922633e-01   2.5429101e-02   4.3883761e-04   5.9075651e-03
   1.9996764e-01  -3.0749707e-01   2.2466213e-01   2.2922592e-02   4.8281660e-04   5.5875714e-03
   2.0405544e-01  -2.6968084e-01   1.4147036e-01   2.3292855e-02   5.9909081e-04   5.2258609e-03
   2.2116095e-01  -2.7113605e-01   2.0743024e-01   2.3605688e-02   4.9899665e-04   5.8051768e-03
   2.2256973e-01  -1.9160259e-01   3.5044473e-02   2.5083375e-02   9.5931932e-04   5.7162980e-03
   2.0440820e-01  -2.7826662e-01   1.7409045e-01   2.3758745e-02   7.6977491e-05   5.3193291e-03
   1.9550494e-01  -3.2701740e-01   9.4193941e-02   2.4832786e-02   5.3357911e-04   5.3664074e-03
   1.8811943e-01  -2.8702172e-01   1.7782671e-01   2.4676689e-02   6.2718134e-04   5.6536935e-03
   1.7544050e-01  -2.9042794e-01   8.5692924e-02   2.5106210e-02   1.1376593e-03   5.0672606e-03
   2.1346210e-01  -2.6181019e-01   5.5043619e-02   2.5921316e-02   9.4770979e-04   5.0634577e-03
   2.2620194e-01  -3.4361503e-01   1.3196938e-01   2.7760466e-02   8.9210518e-04   6.1241878e-03
   2.1898596e-01  -3.6726507e-01   1.0562008e-01   2.8132521e-02   1.0490503e-03   6.1272619e-03
   2.2157218e-01  -3.3419224e-01   1.5119966e-01   2.7676019e-02   9.2018747e-04   6.3424025e-03
   2.0907863e-01  -3.3109793e-01   1.1009386e-01   2.7573858e-02   1.2245398e-03   6.1798946e-03
   2.1494648e-01  -3.0538517e-01   1.6373560e-01   2.7131116e-02   1.2580807e-03   6.2701858e-03
   2.2471472e-01  -3.3434857e-01   1.2976918e-01   2.7980394e-02   1.2868872e-03   6.4234446e-03
   2.2463069e-01  -3.0294450e-01   1.9690190e-01   2.5784438e-02   1.3410828e-03   6.0033091e-03
   2.1470133e-01  -3.4387406e-01   1.8014944e-01   2.7166402e-02   1.7686097e-03   6.2651308e-03
   2.3016758e-01  -2.9273924e-01   1.6072814e-01   2.7804947e-02   1.5550431e-03   6.6094073e-03
   2.2803783e-01  -3.0792835e-01   1.6486699e-01   2.8182835e-02   1.5698869e-03   6.7637823e-03
   2.0987192e-01  -2.4819961e-01   1.6788097e-01   2.6180190e-02   1.6061544e-03   6.0205012e-03
   2.0350311e-01  -3.0551116e-01   1.3361837e-01   2.8457669e-02   1.7769875e-03   6.0471214e-03
   2.1561945e-01  -3.0789758e-01   1.5414157e-01   2.8245364e-02   1.6166376e-03   6.5684419e-03
   2.0058922e-01  -2.8390531e-01   1.2940053e-01   2.8772495e-02   1.8863620e-03   6.4201746e-03
   2.0300591e-01  -3.4332071e-01   1.2527977e-01   2.7519344e-02   1.5799664e-03   6.3706022e-03
   2.1325664e-01  -2.4361014e-01   1.2731203e-01   2.8675892e-02   1.7592551e-03   6.2431540e-03
   2.1767337e-01  -3.5406102e-01   1.3163344e-01   2.9475377e-02   1.7314890e-03   6.9594852e-03
   1.9893849e-01  -3.2537691e-01   1.8077118e-01   2.7619432e-02   1.8292910e-03   5.9502601e-03
   2.1154877e-01  -3.4223091e-01   1.8533457e-01   2.7682372e-02   1.6115025e-03   6.1650571e-03
   2.2083225e-01  -2.8859233e-01   1.2095557e-01   2.8567178e-02   1.7607819e-03   6.7732958e-03
   2.2302858e-01  -3.2701416e-01   1.5325636e-01   2.9009490e-02   1.6474349e-03   6.5660265e-03
   2.0519402e-01  -3.3128583e-01   1.4384575e-01   2.8732326e-02   1.9561992e-03   6.2437432e-03
   2.0190055e-01  -3.2189593e-01   1.7400920e-01   2.7340657e-02   2.1067379e-03   5.9922710e-03
   1.9495553e-01  -2.8985673e-01   1.6528103e-01   2.7215123e-02   2.5353632e-03   6.1640329e-03
   1.8087945e-01  -3.0358688e-01   1.6649037e-01   2.8618451e-02   3.0763854e-03   6.2782985e-03
   1.8229328e-01  -2.9363380e-01   1.3644232e-01   2.5684360e-02   2.4720385e-03   6.2625280e-03
   1.7587787e-01  -3.0036554e-01   1.5530066e-01   2.6713160e-02   2.4439105e-03   5.7853597e-03
   1.8717715e-01  -3.9424590e-01   1.6640655e-01   2.7091436e-02   1.9209306e-03   6.3129687e-03
   2.0246161e-01  -2.6414566e-01   1.3650082e-01   2.7681892e-02   1.9602064e-03   6.6090128e-03
   2.2005882e-01  -2.7897876e-01   1.6760158e-01   2.7444039e-02   1.7920060e-03   6.2798396e-03
   2.1456719e-01  -2.3348503e-01   1.7072964e-01   2.6083798e-02   1.6040970e-03   6.0912092e-03
   2.1045524e-01  -2.9750226e-01   2.0842833e-01   2.6740074e-02   1.4405005e-03   6.2201664e-03
   1.9815047e-01  -2.5030484e-01   1.2700018e-01   2.6648582e-02   1.8293114e-03   6.2209070e-03
   1.9595454e-01  -2.5373104e-01   1.6060770e-01   2.4869727e-02   1.7311675e-03   5.8991255e-03
   2.1686934e-01  -1.9576675e-01   1.6051487e-01   2.2365356e-02   1.5286689e-03   6.0025680e-03
   1.9944483e-01  -2.4821102e-01   2.3909021e-01   2.3347179e-02   1.5154814e-03   6.6359113e-03
   1.9465082e-01  -2.6034104e-01   1.6532909e-01   2.2672200e-02   1.4414712e-03   5.7063246e-03
   1.9705591e-01  -2.6738939e-01   2.2394142e-01   2.3086657e-02   1.3994644e-03   5.5407569e-03
