   0.0000000e+00   0.0000000e+00   0.0000000e+00   0.0000000e+00   0.0000000e+00   0.0000000e+00
  -1.4710404e-02   7.9664471e-04  -3.9989360e-02   1.3536041e-04   3.6205542e-04  -3.7441141e-05
   1.3711747e-02  -1.4927558e-02  -2.9479186e-02   2.5762665e-05  -2.1531387e-06  -1.5655841e-04
  -4.5458748e-03   3.2667851e-02  -2.5475788e-02  -2.1155489e-04  -4.1076594e-05  -2.0498883e-04
  -1.4690820e-02   3.8658526e-02  -4.0113155e-02   1.6941412e-04   1.7280913e-04  -1.9984852e-04
   1.6249454e-03  -1.0680238e-02  -2.1519506e-02   3.8396540e-05   4.7467492e-06  -2.3549758e-04
  -4.4940893e-03  -3.3174549e-03  -8.0653912e-02   3.8118871e-04   9.0737996e-05  -1.7073975e-04
   5.6593478e-04   1.0977247e-02  -3.6749342e-02  -7.8618232e-04   6.7994100e-05  -1.2511780e-04
  -5.8638583e-03  -6.1951207e-03  -1.0019793e-01   1.2719329e-03  -6.8193443e-05  -3.2407979e-04
   2.6856075e-02  -1.2242719e-01  -1.2764086e-03   1.4320971e-03  -4.0747291e-04  -6.1980028e-04
   1.0327517e-02  -8.1453205e-02  -2.1362033e-02   7.6515344e-04  -3.3650117e-04  -4.7918656e-04
  -6.8706017e-04   1.8252332e-02  -5.1796670e-02   9.6364351e-04  -3.6749290e-04  -5.2851287e-04
  -1.5619582e-03  -6.2301791e-03  -4.0765328e-02   5.7990525e-04  -2.3095299e-04  -4.3861261e-04
   1.8552553e-02   6.2173539e-03  -6.8749331e-02   5.0193119e-04  -4.3316036e-04  -6.7951495e-04
   1.7482188e-02  -3.3221846e-03  -4.6469412e-02   2.3835793e-04  -5.2516883e-04  -7.2403811e-04
   1.6567620e-02  -8.5812990e-03  -9.6370274e-02   6.9465069e-04  -5.8653986e-04  -6.8994117e-04
   2.2351639e-02  -2.3594537e-03  -6.4335369e-02   7.0630965e-04  -5.2467759e-04  -7.3377027e-04
   1.7962147e-02   3.1652231e-02  -8.0551532e-02   8.3446114e-04  -5.7185848e-04  -6.5985473e-04
   3.7263709e-02  -3.9467843e-02  -3.8195039e-02   4.1489047e-04  -8.0380929e-04  -7.4897320e-04
   2.2221751e-02   1.8938048e-02  -9.7012008e-02   7.7023542e-04  -6.3678506e-04  -5.4872482e-04
   4.5728629e-02  -4.0320294e-02  -1.9839864e-02   5.7987014e-04  -9.4704384e-04  -5.7551904e-04
   1.9848315e-02   2.2063164e-02  -9.7308017e-02   5.0446060e-04  -5.6866317e-04  -5.7842799e-04
   4.5519860e-02   3.9702559e-03  -4.9740055e-02   2.0183036e-04  -8.9360640e-04  -6.5086705e-04
   3.2933248e-02   1.9571470e-02  -9.7330107e-02   3.1801585e-04  -9.2171727e-04  -8.3874733e-04
   4.1047517e-02  -2.6329145e-02  -7.2749609e-02   8.9571347e-04  -7.7463547e-04  -1.0017654e-03
   3.3483723e-02   3.9762356e-03  -9.4850248e-02  -5.9020682e-05  -7.9933737e-04  -5.2916929e-04
   2.6023811e-02   4.6030285e-02  -9.7705347e-02   5.6835880e-04  -8.4769889e-04  -4.6648974e-04
   2.9409173e-02   2.5069377e-02  -6.6832766e-02   5.6381131e-04  -9.2644219e-04  -5.4160692e-04
   3.1308714e-02   4.1894888e-02  -1.0377958e-01   4.6566540e-04  -8.8298003e-04  -7.1941243e-04
   4.9355007e-02  -1.1409563e-02  -7.3199878e-02   6.6889643e-04  -1.1811870e-03  -7.7828586e-04
   3.2657024e-02   3.4760484e-02  -1.2915021e-01   8.4677147e-04  -9.5455530e-04  -9.3916211e-04
   4.5744991e-02   1.3190597e-02  -7.8216455e-02   8.3496620e-04  -1.1209447e-03  -1.0535575e-03
   3.3861919e-02  -1.5829772e-03  -1.1187941e-01   8.7858418e-04  -8.7864412e-04  -9.7676925e-04
   5.4010023e-02   3.0666505e-03  -6.7485287e-02   7.3422500e-04  -1.2973797e-03  -9.5147181e-04
   2.8230974e-02   4.5137701e-02  -1.1853676e-01   7.2744129e-04  -1.0060762e-03  -9.9584261e-04
   4.8640906e-02  -2.9469796e-02  -7.6551153e-02   1.2356990e-03  -1.1734576e-03  -1.0290965e-03
   4.5441634e-02   4.4857548e-03  -9.4412831e-02   4.7254575e-04  -1.0719424e-03  -9.4426918e-04
   4.1370875e-02  -1.2752214e-02  -9.4239422e-02   1.3477939e-03  -1.0687485e-03  -1.1177598e-03
   3.9415574e-02  -9.9621857e-03  -8.7748267e-02   6.5273779e-04  -1.0212838e-03  -1.1107758e-03
   3.3434773e-02   6.0137405e-02  -1.2420097e-01   9.2170896e-04  -1.0077368e-03  -1.1802267e-03
   4.7748564e-02   1.9061553e-02  -1.0344653e-01   6.4209379e-04  -1.1696851e-03  -1.1012379e-03
   3.8637406e-02   6.6522086e-02  -1.4816696e-01   1.3117968e-03  -1.2251936e-03  -1.1487385e-03
   4.0817682e-02   2.9600689e-02  -1.1583872e-01   1.2581741e-03  -1.3725848e-03  -9.2450028e-04
   3.9230381e-02   3.8774760e-02  -1.7171154e-01   1.6686529e-03  -1.2803211e-03  -1.0872361e-03
   4.9359604e-02   1.1046640e-02  -1.0509044e-01   1.5327708e-03  -1.4981592e-03  -9.5139113e-04
   5.6197303e-02  -4.7593645e-02  -1.2672386e-01   1.7385316e-03  -1.4116363e-03  -1.0153999e-03
   7.3039767e-02  -4.1067436e-02  -3.8854120e-02   1.6468936e-03  -1.7152631e-03  -1.0705006e-03
   4.4993522e-02   1.1957138e-02  -1.2970758e-01   1.6303054e-03  -1.5102494e-03  -1.2345207e-03
   6.5314686e-02  -3.7377544e-02  -6.7740170e-02   1.4412792e-03  -1.8792782e-03  -9.8610362e-04
   5.3998664e-02   3.3253908e-02  -1.5101262e-01   1.7625748e-03  -1.9594156e-03  -1.2149636e-03
   7.8093763e-02  -4.2926401e-02  -6.3341821e-02   1.5494152e-03  -2.2510497e-03  -1.1422218e-03
   4.8761975e-02   2.4005350e-02  -1.2278260e-01   1.2586929e-03  -2.0344886e-03  -1.0330860e-03
   6.3336570e-02  -1.2123123e-02  -7.4384462e-02   1.5746146e-03  -2.1125027e-03  -1.1512828e-03
   5.7076385e-02  -2.8003707e-02  -8.0048054e-02   1.1161315e-03  -2.0792440e-03  -1.1128443e-03
   4.2539775e-02   3.9769766e-02  -1.0939197e-01   1.4181038e-03  -1.9933036e-03  -1.1923159e-03
   2.6925726e-02   2.2722808e-02  -1.0622323e-01   1.3827927e-03  -1.6854324e-03  -1.0601166e-03
   3.6033552e-02   2.1769118e-02  -1.2620133e-01   1.8754585e-03  -1.6007241e-03  -1.2215093e-03
   4.2951926e-02  -3.9033604e-02  -7.4195441e-02   1.7222758e-03  -1.6911523e-03  -1.1318050e-03
   3.7955405e-02   2.6783673e-02  -1.2776626e-01   1.8405393e-03  -1.6743575e-03  -1.2427126e-03
   4.6120953e-02  -2.0316030e-02  -6.6004323e-02   1.7915607e-03  -2.0305718e-03  -1.1415880e-03
   4.2857772e-02   4.3000125e-02  -1.2468898e-01   1.3439376e-03  -1.9398448e-03  -1.2011810e-03
   5.5045162e-02  -5.0710976e-02  -6.1403673e-02   2.0211195e-03  -2.1933567e-03  -1.3907654e-03
   5.4196508e-02  -2.6933218e-02  -1.1027558e-01   1.8806612e-03  -2.2001832e-03  -1.4690473e-03
   4.7126633e-02  -1.2305810e-02  -8.1951039e-02   2.2350729e-03  -2.2795273e-03  -1.3794372e-03
   3.9504689e-02   1.6877005e-02  -1.0707303e-01   1.2087882e-03  -2.1153489e-03  -1.2843599e-03
   4.1824702e-02  -4.5976208e-02  -7.7308687e-02   2.3759995e-03  -2.2773990e-03  -1.6037140e-03
   5.3005340e-02  -1.5733838e-02  -9.8542640e-02   1.0379151e-03  -2.6901499e-03  -1.5026279e-03
   5.4667213e-02  -2.4932645e-02  -1.0634637e-01   2.1735120e-03  -2.8776425e-03  -1.7574740e-03
   5.3924613e-02  -3.5157320e-02  -8.5590827e-02   1.5732518e-03  -2.7850665e-03  -1.6504717e-03
   4.5762729e-02   3.6967264e-02  -1.3154835e-01   1.7608456e-03  -2.8968339e-03  -1.9592404e-03
   6.9475926e-02  -1.4728065e-02  -7.6401266e-02   2.3661796e-03  -3.3556862e-03  -1.9483226e-03
   6.5260381e-02  -4.7248857e-02  -1.1421760e-01   1.7925145e-03  -3.2061516e-03  -1.9381355e-03
   5.9658988e-02  -6.9739830e-02  -7.6536254e-02   2.5660751e-03  -2.9423926e-03  -1.9279465e-03
   4.8732665e-02   2.0266744e-02  -1.2593599e-01   2.7801514e-03  -3.1998775e-03  -1.8477685e-03
   6.1685548e-02   1.0227510e-02  -4.9128376e-02   2.8513545e-03  -3.3116391e-03  -1.7933968e-03
   6.6215674e-02  -4.2900914e-02  -7.6568062e-02   3.0159280e-03  -3.6382240e-03  -1.7185562e-03
   8.5619620e-02  -1.4328062e-01  -6.6959361e-02   3.4256958e-03  -3.8323992e-03  -1.8131812e-03
   6.8041881e-02  -9.7932507e-02  -3.2104555e-02   3.0911494e-03  -3.3583144e-03  -1.6902109e-03
   7.3953395e-02  -4.6602757e-02  -9.2129102e-02   3.1446041e-03  -3.6975811e-03  -1.6323834e-03
   6.0459166e-02  -3.8813936e-02  -3.4875722e-02   3.0301268e-03  -3.2531535e-03  -1.6153269e-03
   5.9287840e-02  -8.3123275e-03  -8.9985247e-02   2.5994141e-03  -3.4437905e-03  -1.6425835e-03
   7.7949263e-02  -5.0056231e-02  -7.3077858e-02   3.3866321e-03  -3.7990880e-03  -1.7089984e-03
   7.2950337e-02  -1.2336160e-02  -1.2384949e-01   2.9514313e-03  -3.6721597e-03  -1.7315101e-03
   8.2451797e-02  -1.5830406e-02  -1.1346105e-01   3.2933248e-03  -3.8634065e-03  -1.8051825e-03
   9.2252714e-02  -2.9649373e-02  -1.1036957e-01   2.7467135e-03  -4.1930060e-03  -1.5991220e-03
   9.5713915e-02  -8.0336164e-02  -1.0550023e-01   2.6417452e-03  -4.0421777e-03  -1.7054172e-03
   8.0763696e-02   2.0549391e-02  -1.3809376e-01   1.2965225e-03  -3.7646658e-03  -1.4304768e-03
   7.2427496e-02  -3.7492543e-03  -1.2966336e-01   2.1624640e-03  -3.6990474e-03  -1.8082701e-03
   7.8976800e-02   7.7891947e-03  -1.5230207e-01   1.3563041e-03  -3.8726204e-03  -1.6965754e-03
   6.6745755e-02   3.8200085e-02  -1.5898396e-01   1.2905239e-03  -3.6020876e-03  -1.8783511e-03
   6.6673817e-02   1.7741856e-02  -1.3694066e-01   9.1692513e-04  -3.7821115e-03  -1.6694970e-03
   5.8066383e-02   6.9437110e-02  -1.8589063e-01   1.2430363e-03  -4.0169256e-03  -1.5518378e-03
   8.3308915e-02  -2.3590135e-02  -1.3411068e-01   1.6185870e-03  -4.1914657e-03  -1.5003390e-03
   7.4054037e-02   1.6365782e-02  -1.6964881e-01   8.9336620e-04  -3.9653147e-03  -1.5125286e-03
   9.3179556e-02  -3.3537107e-02  -1.1655551e-01   1.4951982e-03  -4.2255332e-03  -1.5170337e-03
   8.2493651e-02   2.6224308e-02  -1.6186616e-01   7.4633648e-04  -3.9709848e-03  -1.6445865e-03
   9.0739309e-02   3.6578814e-02  -1.1785028e-01   1.3148255e-03  -4.3413432e-03  -1.7509127e-03
   8.5185897e-02   2.1921049e-02  -1.6830344e-01   8.3998183e-04  -4.1605664e-03  -1.6993304e-03
   1.0092690e-01   3.5712534e-02  -1.4560130e-01   1.2358013e-03  -4.6107308e-03  -1.9270407e-03
   8.9581117e-02  -5.3209199e-03  -1.7101772e-01   1.3936864e-03  -4.4681825e-03  -1.9574180e-03
   9.9538097e-02   1.4939024e-02  -1.2131259e-01   1.2928744e-03  -4.7760548e-03  -1.9627783e-03
   5.8480072e-02   9.8980442e-02  -1.6980651e-01   1.4751652e-03  -4.4228622e-03  -2.1569469e-03
   8.6585797e-02  -3.1391643e-02  -1.0127659e-01   1.3006839e-03  -4.5650838e-03  -2.0904895e-03
   6.4181779e-02   7.9823620e-02  -1.7586420e-01   1.0559866e-03  -4.4637327e-03  -2.1638855e-03
   8.2054811e-02   5.1453081e-03  -1.2655466e-01   1.5671600e-03  -4.5965150e-03  -2.1134382e-03
   6.7084715e-02   6.9687800e-02  -1.6721126e-01   1.0798889e-03  -4.5950284e-03  -2.2101944e-03
   8.4928073e-02   1.6598108e-02  -1.3914458e-01   1.5991680e-03  -4.8101163e-03  -2.3009022e-03
   7.9100065e-02  -3.3734448e-02  -1.5092431e-01   1.1854788e-03  -4.7020040e-03  -2.3039130e-03
   7.0580606e-02   5.0738537e-02  -1.5956254e-01   1.5634557e-03  -4.7331029e-03  -2.3419725e-03
   7.4085248e-02  -6.1933887e-03  -1.2710040e-01   1.1915017e-03  -4.7532684e-03  -2.3044650e-03
   5.9586637e-02   4.4668814e-02  -1.7695616e-01   1.6653712e-03  -4.3894899e-03  -2.5929847e-03
   8.4304037e-02  -2.8301330e-02  -8.8924483e-02   1.8051349e-03  -4.7394149e-03  -2.5606187e-03
   8.5696938e-02   1.5857237e-02  -1.7131184e-01   1.4910085e-03  -4.6395908e-03  -2.8278851e-03
   7.6863358e-02  -1.9589276e-02   5.1292140e-03   2.8388021e-03  -4.8249280e-03  -2.8418698e-03
   1.4126316e-01  -1.4172997e-01   1.2411662e-01   4.3896111e-03  -5.5157647e-03  -3.8403064e-03
   1.5664596e-01  -8.8972595e-02   4.0752717e-02   5.2977162e-03  -6.0094758e-03  -4.6427649e-03
   1.2522324e-01  -9.8795352e-02  -1.3633295e-01   2.6193434e-03  -5.6481033e-03  -4.0398956e-03
   1.3505400e-01  -7.4595179e-02  -1.1414693e-01   1.9600183e-03  -5.8713862e-03  -3.3365765e-03
   1.2735604e-01  -2.2585156e-02  -5.4297951e-02   3.3223086e-03  -6.3512324e-03  -3.3193345e-03
   1.1177280e-01   2.6799011e-02  -8.0174604e-02   2.2363653e-03  -6.3076407e-03  -3.0846673e-03
   1.0661543e-01   8.7356076e-03  -7.9230140e-02   2.4683811e-03  -6.2570381e-03  -2.9549657e-03
   1.2096400e-01  -6.0065950e-02  -4.3055553e-02   2.0414082e-03  -6.0573616e-03  -3.1080667e-03
   9.6370737e-02   1.6173278e-02  -1.1798232e-01   2.2212406e-03  -6.0478302e-03  -3.0299461e-03
   1.0366400e-01   4.5775470e-02  -1.2044623e-01   2.3002880e-03  -6.2964689e-03  -3.0634266e-03
   9.5866970e-02   3.0350599e-04  -1.2632336e-01   2.2161261e-03  -6.1187474e-03  -2.8546153e-03
   1.0666898e-01   2.8421974e-02  -1.4143848e-01   2.0059701e-03  -6.2398536e-03  -3.0530169e-03
   9.6259225e-02  -2.1014686e-02  -1.2088498e-01   1.8550197e-03  -5.9026981e-03  -2.8607531e-03
   1.1989838e-01  -7.2529466e-02  -1.1386339e-01   2.1786635e-03  -6.3082336e-03  -2.8942188e-03
   1.1205522e-01  -3.7231762e-02  -9.1809750e-02   2.0423546e-03  -6.3265251e-03  -2.7610788e-03
   1.0099307e-01   6.5857608e-02  -1.6039880e-01   2.4123934e-03  -6.6238465e-03  -2.7370726e-03
   1.2341602e-01  -5.4807203e-02  -4.0386380e-02   2.4587905e-03  -6.8449561e-03  -2.9280091e-03
   9.2939007e-02   5.2057452e-02  -1.6547766e-01   2.2688011e-03  -6.7412572e-03  -2.7578973e-03
   9.6830216e-02  -6.1743767e-03  -7.4762997e-02   2.2277445e-03  -6.4584244e-03  -2.7324674e-03
   8.0798910e-02   2.7610571e-02  -1.5795784e-01   2.0548911e-03  -6.3058438e-03  -2.7437871e-03
   9.5159491e-02   3.9401234e-02  -9.4825148e-02   2.1167123e-03  -6.5293973e-03  -2.6856192e-03
   8.5855301e-02   3.0047725e-02  -1.4988150e-01   2.0979366e-03  -6.3883196e-03  -2.7604435e-03
   9.8914263e-02   2.8924803e-02  -8.7930765e-02   2.3082652e-03  -6.6276984e-03  -2.8326167e-03
   8.0696994e-02   3.9036281e-02  -1.4462143e-01   2.6802350e-03  -6.4698786e-03  -2.9595020e-03
   9.1859676e-02   3.6258456e-02  -1.0437213e-01   2.9356469e-03  -6.6530367e-03  -3.0417271e-03
   8.2136450e-02   5.8342368e-03  -1.1807874e-01   3.0942576e-03  -6.4917422e-03  -3.1767009e-03
   9.1423907e-02  -1.8255433e-02  -7.2629092e-02   2.9558477e-03  -6.5348588e-03  -3.1733241e-03
   7.4995229e-02   2.0511822e-03  -1.0222592e-01   2.6144986e-03  -6.3385746e-03  -3.1572034e-03
   8.0552555e-02   1.0446163e-02  -7.5417714e-02   2.8969197e-03  -6.3153526e-03  -3.2940855e-03
   8.0566932e-02   1.2298941e-02  -9.4177008e-02   2.8136880e-03  -6.4102901e-03  -3.4812228e-03
   8.4658772e-02  -3.3371884e-02  -4.8408472e-02   3.3906266e-03  -6.4156941e-03  -3.5467408e-03
   7.0350971e-02  -7.1897488e-03  -1.0192077e-01   3.0464647e-03  -6.1311546e-03  -3.4584662e-03
   7.1576827e-02   3.5788251e-02  -7.8859961e-02   3.0761482e-03  -6.2186972e-03  -3.5725484e-03
   8.2515102e-02  -5.2427825e-03  -1.0000949e-01   2.9359585e-03  -6.5271902e-03  -3.6748279e-03
   9.6611310e-02  -3.0828777e-02  -6.2706277e-02   3.1972446e-03  -6.6373105e-03  -3.7941959e-03
   7.1939273e-02  -2.5589254e-02  -1.0169882e-01   3.0343972e-03  -6.3840510e-03  -3.6690450e-03
   7.2579635e-02  -3.3788220e-03  -7.5366875e-02   3.4885471e-03  -6.4335111e-03  -3.6225827e-03
   2.8026282e-02   6.1753349e-02  -1.3328989e-01   3.2232333e-03  -5.9271727e-03  -3.5431012e-03
   4.1233840e-02   9.2412028e-03  -1.1556130e-01   3.7287924e-03  -6.2478725e-03  -3.8249780e-03
   6.0794543e-02  -1.7778857e-02  -8.3616484e-02   3.2591523e-03  -6.4056535e-03  -3.9673401e-03
   6.0357639e-02   2.9903371e-02  -9.7730803e-02   3.3538256e-03  -6.4326106e-03  -3.8560328e-03
   7.0714290e-02  -1.9144472e-02  -4.9979666e-02   3.4396425e-03  -6.5794695e-03  -3.8606441e-03
   8.0364500e-02   1.7651608e-02  -1.0617240e-01   3.1910008e-03  -6.8008286e-03  -4.1338549e-03
   7.1637685e-02   3.7318167e-02  -1.1183598e-01   3.2763988e-03  -6.8934914e-03  -4.0907428e-03
   7.7385163e-02  -3.1269683e-02  -9.5360797e-02   3.6249113e-03  -6.8546228e-03  -4.0848550e-03
   8.3351051e-02  -3.2585318e-02  -8.7100509e-02   3.2491813e-03  -7.0472971e-03  -4.2294986e-03
   8.2483404e-02  -1.2122738e-02  -8.8916881e-02   3.6914760e-03  -7.1222328e-03  -4.3207180e-03
   9.0325141e-02  -5.6874070e-02  -5.2692817e-02   3.4231592e-03  -7.0355401e-03  -4.2689498e-03
   8.3726586e-02  -4.2071401e-02  -8.9303985e-02   3.6863298e-03  -7.0149461e-03  -4.3626841e-03
   9.0126481e-02  -2.1974060e-02  -5.7701442e-02   3.3810289e-03  -7.1486538e-03  -4.3418213e-03
   7.7351536e-02   1.8376902e-02  -9.7513602e-02   3.7850009e-03  -6.9844408e-03  -4.6240203e-03
   9.1340997e-02  -2.5614486e-02  -1.8715106e-02   3.7980448e-03  -7.4182576e-03  -4.6098578e-03
   8.8387435e-02  -1.0526932e-02  -7.5935737e-02   3.5023911e-03  -7.5882752e-03  -4.7887755e-03
   7.9446507e-02   1.4570207e-02  -5.9010004e-02   3.6815716e-03  -7.8829491e-03  -4.9649046e-03
   9.1948328e-02  -2.8431818e-02  -8.5680515e-02   3.8294461e-03  -8.0023478e-03  -5.6042802e-03
   9.6211244e-02  -9.1743963e-03  -6.4626679e-02   3.6186228e-03  -8.0286018e-03  -5.8497436e-03
   9.6769591e-02  -6.3242099e-02  -4.4216600e-02   4.3052122e-03  -8.0043665e-03  -5.7532307e-03
   9.6775248e-02  -5.1480903e-02  -1.5643162e-02   3.5251020e-03  -8.0078751e-03  -5.6449886e-03
   7.3444171e-02   3.0372730e-02  -8.6600783e-02   4.3355176e-03  -7.8276876e-03  -6.0442492e-03
   9.6857487e-02  -6.7563270e-02   1.6545173e-03   3.9490741e-03  -8.0522801e-03  -5.9621469e-03
   8.2197532e-02  -3.6259369e-02  -7.2823645e-02   4.4739345e-03  -7.8030563e-03  -6.0258778e-03
   9.7561090e-02  -1.0872991e-01   1.0619545e-02   3.9715900e-03  -7.9372929e-03  -5.9774749e-03
   7.6237660e-02   3.5218985e-02  -9.7020885e-02   4.1398762e-03  -8.0678761e-03  -6.0494005e-03
   8.6995101e-02  -1.9988091e-02  -2.2900791e-02   4.1282699e-03  -8.0652292e-03  -5.9616537e-03
   7.4577651e-02   3.4318272e-02  -9.3500711e-02   3.7212911e-03  -7.9279751e-03  -6.0834485e-03
   9.9594146e-02  -1.4191943e-03  -9.1516936e-03   4.3409879e-03  -8.5494112e-03  -6.1144881e-03
   9.3012964e-02  -3.8457105e-02  -6.9901778e-02   4.1032863e-03  -8.4454057e-03  -6.1993451e-03
   9.8579244e-02  -5.3968617e-02  -7.6353094e-03   4.1162638e-03  -8.5507391e-03  -5.9082751e-03
   8.8045500e-02   3.0139481e-02  -8.1017583e-02   4.0723271e-03  -8.6618258e-03  -6.1099345e-03
   9.8557711e-02  -4.0401644e-02  -3.0482542e-03   4.5848306e-03  -8.6965400e-03  -5.9965345e-03
   9.2772284e-02   1.2310147e-02  -6.3312333e-02   4.0325264e-03  -8.6639673e-03  -6.1595414e-03
   9.7880931e-02  -4.6373758e-02   8.0072851e-03   4.3929672e-03  -8.6858314e-03  -6.0855938e-03
   7.2784660e-02   2.6499783e-02  -9.2209612e-02   4.1695866e-03  -8.4199438e-03  -6.2053364e-03
   8.2279779e-02   2.9678597e-02  -1.6146140e-02   4.5275846e-03  -8.7104291e-03  -6.3168540e-03
   6.6035675e-02   3.4641964e-02  -7.9971180e-02   4.4479819e-03  -8.6118702e-03  -6.4928650e-03
   7.9740058e-02   4.7385609e-03   3.6825562e-03   4.6421381e-03  -8.7241184e-03  -6.6363387e-03
   7.0235418e-02   2.3652013e-02  -6.3500078e-02   4.1072136e-03  -8.5723164e-03  -6.7817636e-03
   6.8517572e-02   1.2575727e-02   1.7928136e-02   4.2066281e-03  -8.5824336e-03  -6.4884801e-03
   6.5377460e-02   4.5012429e-03  -6.2413283e-02   4.5950625e-03  -8.4956994e-03  -6.4915367e-03
   7.9421023e-02  -4.4421840e-02  -2.9448064e-02   4.9225963e-03  -8.4029238e-03  -6.5884256e-03
   6.8111176e-02  -1.0561682e-02  -8.2553254e-02   4.8875277e-03  -8.1761923e-03  -6.6113620e-03
   5.8157522e-02  -8.9935463e-02  -8.4928469e-02   7.3617540e-03  -7.9522419e-03  -6.5598553e-03
   5.2124873e-02  -2.0352222e-01  -5.6190545e-02   8.6827665e-03  -7.7952472e-03  -6.6943873e-03
   5.9097176e-02  -1.7601812e-01  -2.3500356e-02   7.3905478e-03  -7.8653163e-03  -6.8993488e-03
   3.7746313e-02  -1.5099176e-01  -3.0699708e-02   6.9817260e-03  -7.6535268e-03  -6.7613187e-03
   4.9895650e-02  -1.2448097e-01  -2.1392805e-02   6.8793484e-03  -7.9052647e-03  -6.6857285e-03
   4.1536075e-02  -9.0104416e-02  -4.2684055e-02   6.5936771e-03  -7.8557143e-03  -6.4564177e-03
   5.0212152e-02  -7.8055330e-02  -4.2186701e-02   6.8642277e-03  -8.0264107e-03  -6.5837235e-03
   3.8497013e-02  -5.1113781e-02  -7.9452208e-02   5.8916945e-03  -7.8998763e-03  -6.5807965e-03
   6.6524831e-02  -9.7838685e-02  -4.5571658e-02   7.2975501e-03  -8.5002187e-03  -7.2261216e-03
   6.1999036e-02  -7.4199376e-02  -6.0595230e-02   6.4122291e-03  -8.3962889e-03  -7.0545024e-03
   4.4031051e-02  -2.9175815e-02  -7.4393179e-02   6.6415792e-03  -8.3262774e-03  -6.9896545e-03
   5.3403014e-02  -1.8153966e-02  -5.8510023e-02   6.3376520e-03  -8.4243168e-03  -6.9339894e-03
   5.0411981e-02  -5.2697376e-02  -5.6333249e-02   6.8189716e-03  -8.3563179e-03  -7.0418050e-03
   7.0247290e-02  -9.4684606e-02  -2.2437444e-02   6.8965055e-03  -8.8243634e-03  -7.1042381e-03
