   0.0000000e+00   0.0000000e+00  -7.1054274e-15   0.0000000e+00   0.0000000e+00   0.0000000e+00
   4.9102064e-03   1.6937295e-02   3.2418640e-02  -1.0285704e-03   1.3215801e-04  -1.1354251e-04
   2.7737485e-03  -1.8249064e-02   7.0549399e-03  -1.7243990e-04   1.8699086e-04  -5.5007649e-04
  -2.9832174e-03  -3.0534496e-02   1.9083471e-03  -6.8240810e-04   3.6269532e-04  -5.5124861e-04
  -1.2759587e-03  -3.2059244e-03  -1.4109123e-02  -5.4546370e-04   3.7359487e-04  -3.8048590e-04
   1.3266700e-03  -3.8112235e-02   2.6239034e-02  -1.9338989e-04   3.0287450e-04  -4.2025175e-04
   7.2879699e-03  -9.3777806e-03   2.6157385e-02  -1.1108602e-03   4.7782880e-04  -2.4817791e-04
   8.6616045e-03  -1.2184144e-02  -1.9187474e-02   1.2896672e-04   4.2956574e-04  -3.6126560e-04
   5.0840509e-03   5.9130092e-03  -2.3784002e-02  -5.1018193e-04   6.6888424e-04  -2.0095483e-04
   7.5499956e-03  -2.9420103e-02  -8.3066250e-03   8.9137764e-05   4.2370518e-04  -3.0918213e-04
   8.6833211e-03  -7.5346389e-02  -2.6792323e-02  -6.5459031e-04   3.8310271e-04  -3.5693156e-04
   5.2719324e-03   3.7020136e-03  -2.7042312e-02  -2.5195102e-04   3.3775653e-04  -5.7558085e-05
  -1.6205166e-03  -1.9323448e-02  -3.0055091e-03  -3.8991300e-04   4.9429511e-04  -3.2205103e-04
   6.3132038e-03   2.9128607e-02  -6.7996954e-02  -2.1061911e-04   5.3893755e-04  -2.9598436e-04
   6.3979062e-03   7.1621991e-03  -4.5792391e-02   7.0141211e-04   6.2984107e-04  -2.5409008e-04
   1.1924308e-02  -2.5810206e-02  -4.5925124e-02  -2.3030742e-04   5.9323007e-04  -9.8560977e-05
   7.9061739e-03  -8.2430297e-03  -1.7153176e-02   7.9871710e-04   6.0123322e-04  -2.1386386e-04
   5.8509940e-03  -6.2088558e-02  -1.7992386e-02  -3.9086990e-04   7.1679230e-04  -1.5644955e-04
  -1.3238846e-03  -2.4271332e-04  -1.8043755e-02  -6.0768497e-05   8.9236233e-04  -5.1860886e-04
   2.7257088e-03  -3.8025462e-02  -2.2802391e-02  -1.8076535e-04   8.8071290e-04  -6.2192039e-04
   1.2289895e-02   1.6767459e-02  -3.5667776e-02   2.6377261e-04   8.8527732e-04  -2.3301640e-04
   8.9833376e-03  -5.5203094e-02  -1.6816019e-02   9.9365641e-05   1.0664262e-03  -8.2944961e-05
   5.4716644e-03   8.2805289e-03  -1.5792611e-02  -7.0821941e-05   6.9535641e-04  -9.4971030e-05
   4.7404238e-03  -6.0389752e-03  -1.8930313e-02   3.0934457e-04   7.2116337e-04  -9.0031934e-05
   1.0647905e-02   5.7363073e-02  -2.3422448e-02  -4.8850742e-04   7.0986139e-04  -5.1461162e-05
   7.2729030e-03   2.1738931e-02  -1.9111138e-02   6.1099859e-04   5.8405047e-04  -1.9030983e-04
   5.9053606e-03   5.0232359e-02   4.6266410e-03  -4.4969939e-06   5.0453836e-04  -5.5500466e-05
   2.5539935e-03   2.7393736e-02   1.8365865e-02   3.4011169e-04   7.7911274e-04   1.2237539e-04
   1.5923875e-02   1.7303608e-02  -3.1791671e-03  -4.3618479e-04   7.5140021e-04   1.2677949e-04
   1.4817437e-02  -2.9862649e-03  -3.5914700e-02   6.8997383e-05   7.2421307e-04  -4.4272243e-05
   1.1764598e-02   4.5452786e-02  -6.6015354e-02  -6.2727447e-05   6.9425352e-04  -1.4945897e-04
  -1.0576213e-03   7.2194048e-02  -5.3475542e-02   8.9029037e-05   8.0427272e-04  -3.6797162e-05
   1.9170810e-03   3.7293588e-02  -2.9770726e-02  -4.5437769e-05   7.4719313e-04  -1.8060829e-04
   1.0720785e-02   6.8336018e-02  -2.6839963e-02   1.1370070e-05   6.0156435e-04  -9.4651609e-05
   8.4364800e-03   3.5620783e-02  -1.7988146e-02  -1.1517469e-05   8.1365702e-04  -1.1599153e-05
   8.6185889e-03   5.8232070e-02  -6.2473610e-02  -6.3597164e-04   7.3805732e-04   7.4206175e-05
   4.2740084e-03   5.8102539e-02  -6.0929172e-02   5.8371018e-04   6.7692318e-04   1.2137611e-04
   5.1583166e-03   5.9648565e-02  -3.5371838e-02  -1.1725843e-04   5.1706248e-04   7.0374287e-05
   7.3714332e-03   5.7174022e-02  -2.7772977e-02   9.4765160e-05   6.9787725e-04   3.6224070e-04
   6.1100532e-03  -3.4202481e-02  -4.0767336e-03  -3.8211585e-05   6.7190230e-04   1.5434553e-04
   1.6035523e-02   7.8266391e-03  -3.2001693e-02  -3.8880063e-04   5.1429085e-04   1.8514696e-04
   9.7885969e-03   3.3127390e-02  -1.0143932e-02   2.8250013e-05   7.0177048e-04   2.2238351e-04
   9.9688260e-03   4.5537919e-02  -1.8881964e-02  -5.9927090e-04   6.0386244e-04  -2.4635511e-05
   2.4456001e-03  -1.2924904e-03  -1.0584767e-02   7.9343124e-05   6.8381392e-04   8.4036791e-05
   4.2416237e-03   1.1010065e-02  -4.0538595e-03  -9.2803252e-04   6.3133897e-04  -5.4597303e-05
   1.0895277e-02   7.0346971e-02  -6.8151082e-03  -8.1780221e-04   7.6451417e-04  -1.1062296e-04
   1.4944498e-02  -6.5564138e-04   1.7745284e-02  -1.4041664e-04   7.5560433e-04  -6.4716774e-05
   2.4749545e-02  -1.1387157e-02   4.5749334e-03  -4.2849827e-04   4.8654184e-04  -5.3294012e-05
   2.4990769e-02  -2.4449399e-02   1.2966294e-02   1.3100553e-04   5.1238275e-04   1.8788685e-04
   3.1321950e-02   3.2300038e-02   2.9217980e-02  -1.0739855e-03   4.1705886e-04   1.1540432e-04
   3.0971981e-02   2.1662656e-02   7.2722288e-03  -1.8240601e-04   4.1236531e-04  -6.1513777e-05
   3.1069267e-02  -2.2073085e-02  -1.2625605e-02  -2.7155793e-04   4.3534825e-04   3.2570722e-05
   2.1618719e-02   2.7258456e-02  -3.4985142e-02  -3.1918523e-04   8.1853501e-04   8.6870394e-05
   2.0620020e-02   7.4515348e-03   1.3955453e-02  -2.3369001e-04   7.5736555e-04   1.2471793e-05
   2.0562013e-02   4.3058662e-02  -2.1666549e-02  -6.2418960e-04   5.0609947e-04  -7.1104301e-05
   1.9715942e-02   5.6971629e-02  -6.4368960e-03  -1.3556145e-04   7.3666515e-04   7.0569388e-05
   2.6648693e-02   6.1224637e-02  -3.0964900e-02  -2.8051105e-04   4.2829980e-04   1.6690578e-04
   2.8289420e-02   3.9139754e-02  -2.2635028e-02   2.3161719e-04   4.7319910e-04   9.2770191e-05
   2.5484250e-02   5.0040462e-02  -4.5425710e-02  -3.0307191e-04   3.8482343e-04   6.8768401e-05
   1.9565584e-02   4.7696165e-02  -3.0591805e-02   1.0877413e-04   5.1045491e-04   1.3138038e-04
   1.5028921e-02   3.0590533e-02  -3.5681579e-02  -1.7973697e-04   4.5952209e-04   2.3128097e-04
   1.9750105e-02   7.4195060e-02  -1.8616993e-02  -1.4759275e-04   4.4941712e-04   1.0176823e-04
   2.5969251e-02   5.3402596e-02  -2.3139474e-02  -1.1793330e-04   3.7074581e-04  -4.4224056e-05
   1.8622683e-02   8.8513739e-02  -9.8232347e-03  -1.4318815e-04   4.4819798e-04   1.2370741e-04
   1.3677273e-02   5.3878038e-02  -7.9367182e-03   2.9704749e-05   5.5312866e-04   1.8642657e-04
   1.4728949e-02   1.0497167e-01  -1.7338868e-02  -4.8372936e-04   2.8262751e-04   2.2780468e-04
   1.2488726e-02   5.6380465e-02  -3.0517591e-02   4.0125668e-04   3.0597698e-04   1.8704503e-04
   1.5168537e-02   4.5413300e-02   5.6790032e-03  -3.0892773e-04   2.8039562e-04   1.8718459e-04
   1.8843413e-02   3.5654659e-02  -1.1959332e-02   4.9375069e-04   3.3483545e-04   4.2671419e-04
   1.6611118e-02   6.3682833e-02   1.6520510e-02  -7.8740160e-04   4.4700141e-04   5.3876708e-04
   2.3777906e-02   5.8312709e-02  -3.2165877e-02  -3.2672753e-04   4.8287481e-04   2.7745326e-04
   2.3515311e-02   7.3109275e-02  -2.4566553e-02  -2.9596074e-04   5.0871497e-04   7.1543740e-05
   2.3835216e-02   8.2314246e-02  -1.9537660e-02   1.0810059e-04   5.0464773e-04   2.5471285e-04
   2.4753203e-02   3.4243141e-02   1.7814886e-02  -2.5996875e-04   5.4623837e-04   3.7444523e-04
   2.5759389e-02   7.5756602e-02  -1.4140427e-02  -5.0068101e-04   4.7788470e-04   3.3379332e-04
   2.3090241e-02   2.6513117e-02  -3.9838375e-03  -2.8910017e-04   5.1838729e-04   2.9534562e-04
   2.2793683e-02   5.2858830e-02  -1.7229280e-02  -4.5641202e-04   4.0655227e-04   2.8225176e-04
   1.6372437e-02   2.3969394e-02  -3.4231506e-02   7.1780653e-05   4.7230586e-04   1.3816654e-04
   1.9774977e-02   3.1634516e-02  -3.6433225e-02  -3.2219713e-04   3.8422990e-04   2.9154693e-04
   1.2879221e-02   6.5089676e-03  -4.1256482e-02   1.3833113e-04   7.8807534e-04   3.8366169e-04
   2.5062751e-02   7.7251625e-02  -4.0263680e-02  -4.6150607e-04   6.3539144e-04   5.1912239e-04
   2.6921595e-02   1.0823268e-01  -2.1020496e-02   2.8151052e-04   6.5035483e-04   4.1865566e-04
   2.4984091e-02   4.5964836e-02  -3.9063035e-02  -2.3577628e-06   4.7478417e-04   3.5592289e-04
   1.3989688e-02   8.6933866e-02  -3.8032992e-02   3.0089442e-05   3.8863751e-04   3.9055952e-04
   7.7307688e-03   3.6461233e-02  -1.8492054e-02   2.2825307e-04   4.6904061e-04   3.2564712e-04
   1.9448548e-02   8.6283847e-02  -1.2666392e-02  -1.7440432e-04   3.0034127e-04   2.7899520e-04
   2.0375571e-02   8.2420060e-02  -3.0739507e-02   5.6531049e-04   4.4079870e-04   4.4973188e-04
   2.0311291e-02   5.6035972e-02  -2.2657452e-02  -4.8668218e-04   5.1950105e-04   6.0377876e-04
   1.8147849e-02   3.4942859e-02  -3.4656636e-02   1.3702618e-05   4.4248786e-04   2.8541437e-04
   2.1497899e-02   2.8222187e-02  -3.5957577e-02   3.5132813e-04   1.5309834e-04   3.4774239e-04
   2.8295815e-02   6.8092198e-02  -3.0115579e-02   4.1260820e-04   1.6982026e-04   6.1095761e-04
   2.5555698e-02   3.2844417e-02  -2.7107174e-02   3.3234295e-04   2.4259625e-04   5.9671747e-04
   1.9352692e-02   5.7418676e-02  -4.0415275e-02  -6.9127414e-04   3.4768978e-04   5.2109796e-04
   1.7421116e-02   3.7667274e-02  -5.1525529e-02   2.2608057e-04   4.2077415e-04   2.4145711e-04
   2.1787899e-02   3.9297026e-02  -6.1219790e-02  -1.5034614e-04   2.5918242e-04   1.9504983e-04
   2.7714801e-02   7.3018546e-02  -3.9145805e-02   8.3926978e-04   3.0636342e-04   3.2835099e-04
   2.7599174e-02   4.8957710e-02  -1.2699689e-02  -1.7916061e-04   1.6854755e-04   4.8943463e-04
   2.0828050e-02   6.7197997e-02   1.3376544e-02   1.3593973e-04   1.1950515e-04   2.8878769e-04
   2.0913635e-02   1.8640474e-02   1.0129387e-02   1.2410405e-04   4.1207319e-05   3.3594752e-04
   2.9335320e-02   1.2316015e-01  -3.3913483e-03   2.2392338e-05   8.6126117e-05   6.5751311e-04
   3.0161994e-02   7.3220474e-02  -3.5836355e-02  -3.4380668e-05   3.9926830e-04   6.6398177e-04
   2.9282593e-02   1.1511017e-01  -1.6366254e-02  -5.2226025e-05   1.1169470e-04   4.8855973e-04
   2.0989821e-02   9.4353778e-02   1.9300308e-02   7.2933109e-05   2.8883119e-04   4.7626600e-04
   2.8843869e-02   8.3774126e-02   3.8360417e-02  -7.5394364e-04   1.8229047e-04   7.0475135e-04
   2.1733101e-02   7.6921026e-02   5.4499891e-02  -6.0999305e-05   2.6457839e-04   2.5960793e-04
   2.1401108e-02   1.1134586e-01  -3.8481604e-03   6.3118001e-06   1.5340969e-04   2.5890375e-04
   1.5242003e-02   1.1886321e-01   2.0195742e-02   2.2578642e-04   2.9107653e-04   4.6862313e-04
   1.0014210e-02   4.2922487e-02   6.0291743e-02  -1.2895088e-04   2.1639251e-04   2.8115817e-04
   2.0445245e-02   7.0177298e-02   3.3810166e-02  -4.7062890e-04   1.3880257e-04   2.9248853e-04
   1.9791234e-02   6.4929600e-02   2.3440375e-02  -2.5395751e-05   3.9581667e-04   4.3806573e-04
   2.6478807e-02   4.3697194e-02   6.0930488e-03  -3.5158762e-04   1.0867661e-04   3.1519014e-04
   2.4039017e-02   6.5034951e-02  -1.0522632e-02   2.9433699e-04   2.1356680e-04   4.1435786e-04
   2.0745297e-02   2.3036852e-02   1.9610742e-02   1.5788513e-04   1.8080748e-04   4.1583353e-04
   1.5097745e-02   7.2331208e-02   3.6327338e-02  -2.0932739e-04   3.5844884e-05   3.7602577e-04
   1.9130260e-02   3.4227173e-02   3.8575306e-02   2.0657254e-04  -5.1978826e-05   4.2000515e-04
   1.6359429e-02   5.8025446e-02   1.9558061e-02  -7.1072917e-04  -7.4619432e-05   2.1169031e-04
   7.6139071e-03   1.0304802e-01   6.7567183e-03   9.5983764e-05   6.6126847e-05   2.3862084e-04
   1.1489105e-02   1.6756529e-02   2.7967000e-02  -2.2678170e-04  -2.7665504e-05   1.4632292e-06
   1.2678071e-02   7.3086886e-02   3.1595083e-02   2.5071745e-04  -6.8241313e-05   1.3553714e-04
   5.6961329e-04   7.9597988e-02   1.4314906e-02   3.7621388e-04  -7.3146970e-05   3.2338929e-04
   6.2191040e-03   6.5537125e-02   1.5541632e-02   1.3419405e-04  -2.2126084e-04   8.3585331e-05
   6.2492829e-04   2.4159571e-02   2.9744317e-02   6.1202570e-04  -9.9771059e-05   1.9825260e-04
   1.0504247e-02   1.0009003e-01   2.4385589e-02  -2.5838506e-04  -3.3443972e-04   1.6738468e-04
   4.9002309e-03   8.2565655e-02   2.6628573e-02   5.2468018e-04  -2.2137826e-04   1.3691857e-04
   9.3060875e-03   3.1697037e-02   2.2491851e-02   4.6677506e-04  -1.0396942e-04   3.1139533e-04
   5.5485736e-03   9.5128725e-02   4.2645370e-02  -3.4502863e-04  -3.0736181e-04   4.9827823e-05
   1.0346303e-02   2.0272132e-02   5.2514175e-02   7.5593177e-04  -1.5982785e-04   3.8254926e-05
   9.6480123e-03   3.0390064e-03   3.9730896e-02   5.2431854e-05  -2.5265356e-04   1.3425650e-06
   7.1135188e-03   5.0801695e-02   4.4792925e-02   9.0542861e-04   8.2149610e-05   1.8980410e-04
  -1.1691054e-03   8.6223450e-03   4.8692849e-02   7.8900222e-04   3.1316285e-04   2.2529735e-04
   8.6361100e-03   8.9060625e-02   4.1614305e-02   7.7867381e-04  -3.0428983e-05   1.4740082e-04
   5.7794494e-03   1.1946500e-02   4.6730259e-02   1.0897255e-03   1.1052568e-04   3.1779583e-04
   4.9042624e-03   6.5632785e-02   4.8252324e-02   1.6556643e-04  -6.1422687e-05   2.2664420e-04
  -3.2936194e-03   7.2882520e-03   4.3660476e-02   1.1217089e-03   2.3416452e-05   2.1161453e-04
  -5.0673962e-04   6.5156360e-02   1.7850075e-02   2.4240888e-04  -8.9139742e-05   2.6593885e-04
   2.2302744e-04   7.6644762e-02   1.9887826e-02   1.1792872e-03   1.0542203e-05   1.5326326e-04
   4.0668631e-03   5.3978188e-02   1.6106506e-02   7.2072829e-04   1.4870052e-05   3.6459603e-04
   4.2934486e-03   9.7884331e-02   4.7885428e-02   3.3005321e-04   9.1069663e-05   1.8833088e-04
   1.3474713e-03   6.1613998e-02   3.1009813e-02   7.3471491e-04   3.1866496e-04   4.0311213e-05
   5.9786648e-03   1.4502778e-01   1.7871637e-02   2.3811315e-04   3.5507033e-04   2.9745258e-04
   6.5970816e-03   3.6683768e-02   2.2547732e-02   1.0940653e-03   3.5745133e-04   7.8487631e-05
   1.0220666e-02   6.7562808e-02   4.0854964e-02   1.0083841e-04   3.4828251e-04   2.3416908e-04
   1.2427039e-02   9.4909292e-02   5.2794702e-02   1.8328323e-04   4.3378179e-04   5.0986468e-05
   1.1471245e-02   5.2277784e-02   6.4194928e-02   2.0536482e-04   4.2615841e-04   1.4928558e-04
   1.3092138e-02   9.3043535e-02   7.3542236e-02  -2.0442809e-04   5.2979576e-04   3.7247796e-04
   2.0049997e-02   2.4311332e-02   5.5286839e-02   4.3211635e-04   4.2040053e-04   1.5135483e-04
   1.2912053e-02   9.6025847e-02   2.6181309e-02  -1.0689295e-06   5.3996063e-04   5.1246709e-04
   1.5742645e-02   7.5294552e-02   5.0464034e-02   6.4470627e-04   5.0619664e-04   2.8370848e-04
   1.7140454e-02   1.5552320e-02   8.2647943e-02  -6.7885804e-05   4.0607533e-04   3.2268152e-04
   1.8609291e-02   5.7740215e-02   5.0579719e-02   2.7963979e-04   5.5151445e-04   4.8668207e-04
   1.7148577e-02   1.5385974e-02   7.2774511e-02   3.9068357e-04   5.7882472e-04   3.7271548e-04
   2.8215997e-02   4.7130019e-02   6.3374636e-02  -3.0594041e-04   4.5744915e-04   6.3653485e-04
   2.0810856e-02   7.1612906e-02   8.3585644e-02   1.4915422e-04   6.3110608e-04   4.0152991e-04
   1.5699204e-02   1.7525299e-02   6.2714917e-02  -1.0842310e-05   6.6062693e-04   5.7678065e-04
   1.9232916e-02   7.1626181e-02   8.8909146e-02   3.4837292e-05   6.6886679e-04   5.0463648e-04
   2.1146782e-02   7.3971933e-02   7.4702112e-02  -3.0779358e-04   8.2343444e-04   6.2383211e-04
   2.5756981e-02   6.2036403e-02   8.0236459e-02  -5.4248069e-04   7.3990289e-04   4.9436008e-04
   2.6591469e-02   6.2247105e-02   1.0691887e-01  -1.1052896e-04   7.3527451e-04   7.2520069e-04
   1.8986238e-02   8.0075787e-02   1.1011306e-01  -7.0899349e-04   5.8312915e-04   5.1352750e-04
   1.8015727e-02   4.9828049e-02   1.1081981e-01   2.4572507e-04   7.3171646e-04   6.6919570e-04
   1.1627395e-02   7.8252338e-02   1.1790591e-01  -8.4370959e-04   6.8201300e-04   6.2604792e-04
   2.0684023e-02   6.1374883e-02   1.2650340e-01  -5.4070382e-05   7.4910287e-04   8.2454841e-04
   2.2352509e-02   9.8900496e-02   1.0573341e-01  -7.3428452e-04   7.2835019e-04   8.0792102e-04
   1.8720329e-02   8.1642383e-02   9.1368815e-02   4.7627636e-04   8.2355261e-04   6.9826459e-04
   1.3874591e-02   4.2270163e-02   1.3990579e-01  -4.2503009e-04   8.9184491e-04   6.3674593e-04
   1.9670711e-02   3.0763116e-02   1.2972653e-01   2.7540624e-04   8.0771312e-04   6.1000085e-04
   1.4096146e-02  -1.9984885e-02   1.6722426e-01  -6.5257235e-04   1.1220877e-03   7.3364914e-04
   2.0831895e-02   1.0146268e-01   1.6829277e-01  -5.5274487e-04   8.1500384e-04   5.7689107e-04
   1.9764959e-02   2.1157113e-02   1.2687502e-01  -3.6189431e-04   1.0002723e-03   5.7400016e-04
   2.2176353e-02   1.2826347e-01   8.6192717e-02   3.7999488e-04   1.0048649e-03   3.7950019e-04
   3.2144195e-02  -1.5210132e-02   1.1632102e-01   1.4131138e-03   1.1964484e-03   4.0559551e-04
   3.3417083e-02   1.4387736e-02   8.6464527e-02   9.2746717e-04   1.1342475e-03   4.7198299e-04
   3.4445088e-02   6.9786664e-02   7.4395176e-02   1.3963141e-03   1.2462230e-03   5.6001420e-04
   2.3069796e-02   5.3714038e-02   1.1916760e-01   9.3519659e-04   1.1777128e-03   3.1229646e-04
   2.7057095e-02   1.2338460e-02   1.1522963e-01   1.7389702e-03   1.2441526e-03   5.4159906e-04
   2.8968934e-02   3.4199218e-02   1.4281073e-01   1.5744916e-04   1.3447618e-03   4.8078174e-04
   2.8655218e-02   2.5826631e-02   1.3725258e-01   1.1929856e-03   1.4462081e-03   1.5627760e-04
   2.1687341e-02   9.3449585e-02   1.0250961e-01   8.2051237e-04   1.1854504e-03   3.0437396e-04
   1.4288073e-02   7.7999219e-02   1.2259063e-01   1.2159302e-03   1.2859241e-03   3.5285843e-05
   1.6384241e-02  -4.6798572e-03   1.3202119e-01   1.6550293e-03   1.2488332e-03   4.1481978e-05
   2.1734918e-02   2.9538454e-03   1.5867806e-01   1.7801921e-03   9.6404518e-04   1.6868171e-04
   1.3387021e-02  -4.6010664e-03   1.5026271e-01   2.6313771e-03   1.1069023e-03   3.5698800e-04
   1.5916284e-02   6.2808193e-02   1.2183383e-01   1.8265970e-03   1.0185291e-03   6.0316723e-04
   1.4466700e-02   4.6393740e-02   1.2498026e-01   2.5075410e-03   1.0097767e-03   2.6586176e-04
   1.9309991e-02   1.0661854e-01   1.4885647e-01   1.2713200e-03   8.1772202e-04   4.0735599e-04
   2.0153827e-02   6.5223265e-02   1.3612213e-01   1.9536366e-03   1.0120863e-03   4.2302157e-04
   1.2795292e-02  -8.7802114e-04   1.6041348e-01   1.5460609e-03   8.7028523e-04   2.9435518e-04
   2.1297629e-02   7.1306636e-02   1.6140820e-01   1.7293300e-03   9.8831960e-04   5.0721763e-04
   1.8051414e-02   3.9181854e-03   1.6876412e-01   1.8253850e-03   9.0588299e-04   2.2646884e-04
   2.1574368e-02   3.2224841e-02   2.0559211e-01   1.4676492e-03   7.2630432e-04   3.7946290e-04
   1.3808398e-02  -3.4473585e-02   1.9227989e-01   1.4653567e-03   1.1684059e-03   2.8092332e-04
   2.3585551e-02   6.7077065e-02   1.7470278e-01   1.6113175e-03   9.9021827e-04   2.5156438e-04
   1.4593120e-02   6.0287209e-02   1.9289449e-01   1.4104751e-03   1.0528754e-03   2.5131182e-04
   2.0715609e-02   1.2259869e-01   1.7201069e-01   1.4752416e-03   1.0604638e-03   5.4183648e-04
   2.1847757e-02   8.6337234e-02   1.7721175e-01   1.5672210e-03   1.0888227e-03   4.6014416e-04
   2.6499414e-02   7.4651046e-02   1.6363954e-01   1.6948856e-03   9.9376453e-04   5.2041288e-04
   2.8149538e-02   1.5985691e-02   1.8322302e-01   1.6117778e-03   1.3549638e-03   4.7428008e-04
   3.9229592e-02   1.2994954e-01   1.2147168e-01   1.4393148e-03   1.0799340e-03   5.9994672e-04
   3.1778764e-02   3.8733242e-02   1.6383583e-01   1.5489182e-03   1.0327679e-03   4.8797632e-04
   3.9914380e-02   8.3178610e-02   1.2271285e-01   1.5365238e-03   1.0297914e-03   5.8809232e-04
   3.8179586e-02   5.8358514e-02   1.2820446e-01   1.7242791e-03   1.1891051e-03   4.9556575e-04
   4.1944848e-02   5.5689477e-02   9.7702606e-02   1.6881974e-03   1.3557608e-03   5.5633643e-04
   4.7189722e-02   9.0817071e-02   1.1846876e-01   2.0096543e-03   1.2871400e-03   6.9412702e-04
   5.2937861e-02   2.7894812e-02   1.1188759e-01   1.1902750e-03   1.3150008e-03   6.1595693e-04
   5.3700151e-02   6.8164116e-02   1.2262216e-01   1.5663639e-03   1.3935893e-03   6.0347271e-04
   5.1117117e-02   2.3655588e-02   1.0088430e-01   1.6145343e-03   1.4273063e-03   4.9790367e-04
   5.4228886e-02   6.0849062e-02   1.1162763e-01   1.9287218e-03   1.2979483e-03   5.7066113e-04
   5.0195995e-02   2.9309174e-02   1.0199492e-01   1.3592256e-03   1.6176500e-03   6.5725769e-04
   4.8730518e-02   1.1333028e-01   7.1336064e-02   1.9790102e-03   1.5504512e-03   8.3897576e-04
