   0.0000000e+00  -1.3974335e-14   3.5527137e-15   0.0000000e+00   0.0000000e+00   8.6736174e-19
   1.5216094e-03   2.3885573e-02   1.3430841e-03   3.4654879e-04  -1.5285531e-04   2.1038075e-04
  -1.1140248e-02  -6.5463892e-02   3.8178092e-02   5.6655408e-04  -9.7746889e-05  -2.1827646e-04
  -1.4155756e-02  -2.4380270e-02   1.0260724e-02   2.2011861e-04   3.0913720e-04  -2.7344505e-04
  -6.0025456e-03  -1.9416350e-02   2.7874993e-02   1.4492484e-04   5.3525776e-04  -1.9566274e-04
  -5.9639915e-03  -1.9959529e-02   6.0980496e-03  -1.7346660e-04   3.7857159e-04  -2.1412130e-04
  -1.1358455e-02   4.5789086e-02   1.9227561e-02  -9.9558091e-05  -1.3184128e-05   7.9287328e-05
  -1.6977580e-02  -4.8033632e-02   7.1925940e-03   9.2733701e-06   5.1759029e-04  -6.8710917e-05
  -8.6402971e-03  -6.5949240e-02   2.5339303e-02  -3.2306833e-04   4.9252637e-04   2.1541410e-04
  -1.0418984e-03   6.2682199e-02   6.5867864e-03  -1.4166138e-04   1.4689495e-04   3.0728320e-04
   3.7640759e-03  -5.6129706e-02   3.7073331e-02  -2.7314158e-06   5.0466053e-04   1.1523840e-04
   3.8547797e-03  -2.2887103e-02   4.8911940e-02  -4.1952924e-05   5.5554839e-04   1.3501883e-05
   5.4679368e-03  -2.4361914e-02   4.0188741e-02   6.5305135e-04   4.5721521e-04   1.3919299e-04
  -1.3193566e-02  -4.3751788e-02   6.9696033e-02   6.6257022e-04   2.8488235e-04  -1.9773146e-04
  -5.6851658e-03  -3.8065648e-03   5.8996708e-02   8.9501498e-04   3.7868419e-04  -9.7911398e-05
  -5.8524950e-03  -9.3949311e-02   7.6302162e-02   4.6778918e-04   6.0522727e-04  -2.8638580e-04
  -2.2087579e-04  -1.1733403e-01   7.1966533e-02   8.3419865e-05   1.0242300e-03  -7.1002424e-04
  -1.1618621e-03   2.9272547e-02   1.5623132e-02   4.6251882e-04   1.0836092e-03  -6.1953780e-04
  -4.6561724e-03   4.6604170e-03   2.1489264e-02   6.9658302e-04   1.2191506e-03  -4.7663103e-04
   1.3818206e-02  -6.6225451e-02   5.3420052e-02   4.1239248e-04   1.1426555e-03  -3.4712936e-04
   5.3553882e-03  -1.9563170e-02   7.3222109e-02   6.5401948e-04   1.2213759e-03  -4.9877931e-04
  -3.6445284e-03  -3.9221697e-02   6.8975535e-02   5.7509009e-04   1.0274099e-03  -9.5275870e-04
  -8.6789801e-03  -4.8651389e-02   6.3651097e-02   6.3947856e-04   1.1595947e-03  -7.9749765e-04
   8.1725167e-03  -5.4204081e-02   6.6048494e-02   8.7434296e-04   8.7553553e-04  -9.2980682e-04
   6.4886253e-03  -7.5068082e-02   1.0398650e-01   6.9899142e-04   8.1963447e-04  -1.1371920e-03
  -3.1842321e-03  -3.2094343e-02   1.1414398e-01   9.8269509e-04   8.5945382e-04  -1.0461910e-03
   5.0220049e-03  -4.2447918e-02   1.1471939e-01   1.0833635e-03   7.5235352e-04  -1.2208116e-03
  -9.3551660e-03  -2.3173591e-02   8.5491489e-02   9.6649372e-04   8.0451660e-04  -1.7311218e-03
  -5.2993716e-03  -1.5654099e-02   9.1439002e-02   7.6172903e-04   7.3879501e-04  -1.4231081e-03
   2.1066329e-03  -5.8325513e-02   7.3442780e-02   4.9842262e-04   6.6442176e-04  -1.4095104e-03
   9.8829438e-03  -1.0153372e-02   5.5271020e-02   2.7767536e-04   7.7309935e-04  -1.3907845e-03
   8.9104042e-03   4.6055634e-02   6.5328656e-02   2.4608091e-04   9.7179173e-04  -1.4796385e-03
   1.0625001e-02  -4.8041763e-02   6.5219440e-02   6.0970513e-04   9.2894186e-04  -1.3788503e-03
   5.1120886e-03  -1.1464810e-01   1.0063598e-01   5.9215289e-04   8.0902982e-04  -1.7470221e-03
   4.5306063e-03  -8.8965966e-03   1.1538280e-01   7.0068778e-04   7.2369689e-04  -1.4628152e-03
   5.2680400e-03   4.5699368e-03   1.1678741e-01   1.0240372e-03   7.2298029e-04  -1.5626092e-03
   7.4636719e-03   1.8692282e-02   9.9543645e-02   6.8738083e-04   5.3706042e-04  -1.7113594e-03
  -3.0049619e-03  -4.4052860e-02   9.9712271e-02   9.0641719e-04   7.2748403e-04  -1.5377820e-03
  -7.9686971e-04  -1.0677230e-01   9.6321016e-02   1.3563558e-03   8.8719924e-04  -1.5853221e-03
   3.5365978e-03   5.8588545e-02   7.3666939e-02   6.5295280e-04   7.9578499e-04  -1.8153539e-03
   9.3096838e-03  -6.2120088e-02   1.0029292e-01   1.2402501e-03   7.4720415e-04  -1.7221175e-03
   5.9707148e-03  -8.3587811e-02   1.1860931e-01   1.4942113e-03   9.5776557e-04  -1.5287903e-03
   1.8940945e-03  -3.4283836e-02   1.2472616e-01   1.2504990e-03   8.7020062e-04  -1.4497763e-03
  -8.1532466e-04  -7.3484420e-02   1.2854419e-01   1.6488967e-03   8.9305831e-04  -1.3333374e-03
  -5.2195004e-03  -3.7327134e-02   1.3399183e-01   1.5199859e-03   1.0805867e-03  -1.5287906e-03
  -1.7248774e-02  -1.5786855e-02   1.4097557e-01   2.0303870e-03   1.1136981e-03  -1.4263850e-03
  -2.2470575e-02  -5.2638048e-02   1.6182877e-01   1.9142951e-03   1.1084820e-03  -1.6466292e-03
  -1.4536100e-02   2.2687269e-03   1.2873518e-01   1.8555180e-03   1.2031509e-03  -1.5053398e-03
  -2.5432166e-03   7.8826559e-03   1.0236697e-01   1.9591710e-03   9.6060521e-04  -1.5723586e-03
  -6.7540572e-03  -4.0657833e-02   1.4819816e-01   1.9770364e-03   1.4051735e-03  -1.2489328e-03
  -1.1476702e-02   4.8681266e-02   1.2973634e-01   1.8466214e-03   1.3802327e-03  -1.4300943e-03
  -6.1186713e-03  -2.5783700e-03   1.4281372e-01   2.1051201e-03   1.0446100e-03  -1.1410296e-03
  -1.0970978e-02  -7.3205556e-02   1.5755319e-01   2.4248287e-03   1.1444253e-03  -1.1317703e-03
  -1.0900295e-02   1.1264811e-02   1.4489297e-01   2.1622827e-03   1.4329622e-03  -1.1989588e-03
  -1.0577265e-02   2.1672350e-02   1.5055921e-01   2.5148368e-03   1.4620366e-03  -1.0944072e-03
  -5.5362311e-03   3.7025229e-02   1.6763225e-01   2.4638742e-03   1.5250095e-03  -1.4370028e-03
  -1.8112454e-02   2.6513254e-02   1.6786165e-01   2.6126994e-03   1.5028469e-03  -1.5850235e-03
  -9.0989068e-03   1.9586744e-02   1.5931657e-01   2.8838696e-03   1.6000827e-03  -1.2811709e-03
  -2.6936863e-02  -2.4021019e-02   1.7677993e-01   3.2633133e-03   1.4409134e-03  -1.4879376e-03
  -2.1920046e-02  -3.7555976e-02   1.9618462e-01   3.1257795e-03   1.5265063e-03  -1.7384126e-03
  -8.6341366e-03  -4.1939045e-03   1.9026859e-01   3.2149668e-03   1.6852308e-03  -2.4136897e-03
   1.4874965e-02   8.4039944e-02   1.5611527e-01   3.6888557e-03   1.9990486e-03  -1.9330878e-03
   1.0111437e-03  -4.5913957e-02   2.2148819e-01   3.5233870e-03   2.0933902e-03  -1.7807481e-03
   1.3655263e-02  -3.2136041e-02   2.0308575e-01   3.5946626e-03   1.7307523e-03  -1.4081190e-03
   1.0953542e-02  -1.4067257e-02   1.8897130e-01   3.5018946e-03   1.6621614e-03  -1.6931442e-03
   9.3185358e-03  -2.6652496e-02   1.8500218e-01   3.7561480e-03   1.7027346e-03  -1.7258760e-03
  -9.9229288e-03   7.0027072e-02   1.3427312e-01   3.2573661e-03   1.8796326e-03  -1.8469589e-03
  -2.0069072e-02   4.6710585e-03   1.6648254e-01   3.9906513e-03   1.7134019e-03  -1.7261699e-03
  -4.5820971e-02  -4.7322657e-02   1.8010474e-01   3.7557439e-03   1.9961010e-03  -1.9130690e-03
  -3.1218235e-02   2.0520587e-02   1.8434591e-01   3.9444830e-03   1.5898196e-03  -1.7416092e-03
  -2.5609990e-02  -4.4619614e-02   1.8624613e-01   3.7175445e-03   1.9439988e-03  -1.9268974e-03
  -2.8702827e-02   7.9146641e-02   1.8104533e-01   3.5001696e-03   2.0685947e-03  -1.8159076e-03
  -2.4653039e-02   4.2678164e-02   1.8973230e-01   3.8593578e-03   1.9531387e-03  -1.5621357e-03
  -3.0099462e-02  -2.3849458e-02   2.0849340e-01   3.9079234e-03   1.8465349e-03  -1.8023180e-03
  -3.4263146e-02   2.0966277e-02   1.6949246e-01   3.3590668e-03   1.9055371e-03  -1.6276105e-03
  -3.8158566e-02  -3.5549284e-02   1.7747491e-01   3.5059462e-03   2.4093666e-03  -1.5127109e-03
  -4.1994615e-02  -1.4610944e-02   1.8572291e-01   3.5664334e-03   2.4028040e-03  -2.0125077e-03
  -4.4063526e-02   2.1007991e-02   1.7221143e-01   3.7924996e-03   2.0242893e-03  -1.6966817e-03
  -2.2564060e-02  -1.6207392e-02   1.8055953e-01   3.6710681e-03   1.9798327e-03  -1.8634556e-03
  -3.2701566e-02  -2.4135946e-02   1.9437393e-01   3.2109342e-03   2.0643651e-03  -1.8814554e-03
  -4.9895095e-02   4.2222484e-02   1.9146798e-01   3.3706469e-03   1.5546977e-03  -1.6932721e-03
  -2.6350571e-02  -5.8924131e-02   1.8917599e-01   3.3170264e-03   1.5554149e-03  -1.5880800e-03
  -3.3872055e-02   3.1983460e-02   2.0772033e-01   3.4614932e-03   1.6973418e-03  -1.7494461e-03
  -3.2351444e-02  -2.3184293e-04   2.0651769e-01   3.3335704e-03   1.8851112e-03  -1.8487186e-03
  -4.9573870e-02   6.1379738e-02   1.7191581e-01   2.9821431e-03   2.0600484e-03  -2.2164587e-03
  -6.4132607e-02   6.8182396e-03   1.8420047e-01   3.5596316e-03   1.7387066e-03  -2.2760263e-03
  -3.6118806e-02   9.0302841e-03   1.5577176e-01   2.9464987e-03   2.0366558e-03  -1.9738564e-03
  -3.7022253e-02   2.3513538e-02   1.7028691e-01   2.6976661e-03   2.1223952e-03  -2.8198634e-03
  -2.2227004e-02   8.7601836e-02   1.5128250e-01   3.5354384e-03   2.4180439e-03  -2.7380859e-03
  -1.0759659e-04   2.9845542e-02   1.7359770e-01   3.1376360e-03   2.0427022e-03  -3.2152975e-03
  -1.7135150e-02  -1.3114845e-02   1.9689431e-01   3.6838592e-03   2.1868039e-03  -2.9708992e-03
   1.4731183e-03   7.9566155e-02   1.7946380e-01   3.5857466e-03   2.2154551e-03  -2.8333497e-03
  -7.2155025e-04  -2.3171006e-02   1.9344940e-01   3.7056685e-03   1.8047476e-03  -2.5448146e-03
  -5.8623436e-03   1.7975034e-02   2.0460874e-01   3.6342596e-03   2.0237027e-03  -2.8706726e-03
  -1.2467814e-02   3.7017344e-02   1.6498172e-01   3.1106815e-03   2.3136386e-03  -3.1291372e-03
  -7.1446323e-03   8.0626438e-02   1.2260030e-01   3.2404489e-03   2.2437967e-03  -3.3348370e-03
  -2.1114624e-03   1.0083335e-02   1.1367402e-01   3.5576123e-03   1.9676690e-03  -3.0617633e-03
   5.4759423e-03   5.6579663e-02   1.0765199e-01   3.2224679e-03   1.6812415e-03  -2.7644086e-03
   2.8402082e-03  -3.6377042e-02   1.6872782e-01   3.1017334e-03   1.5966881e-03  -3.2439603e-03
   2.3800145e-02   7.2723846e-02   1.5013370e-01   3.9074953e-03   1.3734888e-03  -2.8267616e-03
   3.2925649e-02  -7.7883238e-03   1.5759712e-01   4.3908059e-03   1.6552471e-03  -2.8578196e-03
   5.1135541e-03   4.7882815e-02   1.5365629e-01   4.0407204e-03   2.0533789e-03  -2.5497265e-03
  -1.4745998e-03   2.8493527e-02   1.6326728e-01   4.2021110e-03   2.1016403e-03  -2.8242178e-03
  -1.1393288e-02   9.1296229e-02   1.2475842e-01   3.9775279e-03   2.3598969e-03  -2.9400591e-03
  -5.8554240e-03   1.9823892e-02   1.7454546e-01   3.8539574e-03   2.0057554e-03  -3.5096289e-03
   6.6360023e-03   3.2875330e-02   1.4451920e-01   4.2949330e-03   1.5709673e-03  -3.1115173e-03
   1.1286993e-02   6.2560895e-02   1.5924126e-01   4.7045033e-03   1.6480094e-03  -2.9474727e-03
   5.8295088e-03   6.7093265e-02   1.2003947e-01   4.1123716e-03   1.6522399e-03  -3.1718370e-03
  -2.8092575e-03   1.4050551e-01   1.0407834e-01   4.3164328e-03   2.1263096e-03  -3.4089143e-03
   1.7946200e-02   1.1675691e-02   1.2851413e-01   4.6956706e-03   1.8016474e-03  -3.4685210e-03
   8.0613864e-03   1.2108705e-01   1.3381381e-01   4.3909717e-03   1.9698974e-03  -3.0532001e-03
   1.4303940e-02   1.8563934e-02   1.7945252e-01   5.0906549e-03   1.7186991e-03  -3.2024975e-03
   1.5839394e-02  -2.8443034e-03   1.8206858e-01   5.1068155e-03   1.5130637e-03  -3.3750955e-03
   4.3035222e-03   6.0599555e-02   1.6382791e-01   4.7487752e-03   1.4881645e-03  -3.7109966e-03
  -3.8474675e-04   1.0154209e-01   9.6978542e-02   4.8936535e-03   1.9024213e-03  -3.7183437e-03
   6.0107915e-03   5.0044666e-02   1.3106367e-01   4.8039686e-03   1.7731132e-03  -3.7022336e-03
  -7.1908520e-04   2.0010641e-02   1.4836398e-01   5.6347944e-03   1.3674752e-03  -3.5813448e-03
   1.4086432e-02   7.9936904e-02   1.1085624e-01   4.7584423e-03   1.5381464e-03  -3.8320224e-03
   2.9167678e-02   8.7106045e-02   1.0006444e-01   5.5040510e-03   1.7043100e-03  -3.0095893e-03
   4.9042627e-02   1.9781878e-02   1.4945803e-01   4.5775893e-03   1.2889191e-03  -3.3025542e-03
   3.8535431e-02   6.8150745e-02   1.7277919e-01   5.0943201e-03   1.2891790e-03  -3.4292116e-03
   2.3354618e-02   1.0733923e-01   1.1611355e-01   5.4572990e-03   1.4137341e-03  -3.4118920e-03
   1.8974063e-02   6.5661840e-02   9.1570487e-02   4.7577720e-03   1.5930577e-03  -3.9609139e-03
   3.0165819e-02   3.6993045e-02   1.0738227e-01   5.4594629e-03   1.4374125e-03  -3.8268757e-03
   2.8916486e-02   1.0251285e-01   1.2558118e-01   5.3952269e-03   1.5682189e-03  -3.7688410e-03
   2.4412136e-02   4.4404978e-02   1.3321628e-01   5.2970811e-03   1.5104669e-03  -3.8723306e-03
   3.8127022e-02   3.9889596e-02   1.5435677e-01   5.3107587e-03   1.4793946e-03  -3.8776934e-03
   2.4648011e-02   8.0119180e-02   1.6090138e-01   5.0496914e-03   1.4392399e-03  -4.0856661e-03
   8.7011637e-03   4.4876811e-02   1.5222143e-01   5.2554981e-03   1.4254499e-03  -4.5638494e-03
  -1.3772315e-03   9.3816241e-02   1.0703395e-01   4.7507811e-03   1.6159711e-03  -4.8413981e-03
   2.9443008e-03   1.2609663e-02   1.0565543e-01   4.6775723e-03   1.8531962e-03  -4.7887356e-03
   1.0010558e-02   1.0841082e-01   9.7284088e-02   4.5555423e-03   2.2942901e-03  -4.5511677e-03
   1.4925124e-02   7.5385332e-02   1.2373641e-01   4.9150196e-03   2.1738962e-03  -4.5268572e-03
   3.6020365e-02   2.4851897e-02   1.2207447e-01   4.8419339e-03   2.1771777e-03  -4.1036634e-03
   2.4399053e-02   9.7816554e-02   1.3296374e-01   5.1853089e-03   1.9504962e-03  -4.2409644e-03
   3.4528341e-02   2.0383655e-02   1.1198861e-01   5.1519890e-03   1.8469609e-03  -4.2780964e-03
   2.1380116e-02   7.6311073e-02   1.2383814e-01   4.9062018e-03   2.2310118e-03  -4.1177524e-03
   1.2271537e-02   8.5746204e-02   1.2092175e-01   5.2004136e-03   2.0521854e-03  -4.2663865e-03
   1.1580186e-02   1.2609764e-01   1.0573705e-01   5.0603276e-03   2.3351492e-03  -4.0907148e-03
   2.4294266e-02   4.9737971e-02   1.0992671e-01   5.2472706e-03   1.9853440e-03  -3.9771464e-03
   2.7740930e-02   1.1289648e-01   8.0127783e-02   4.6929992e-03   2.1359874e-03  -4.2205230e-03
   2.3977783e-02   6.9897302e-02   1.1318103e-01   5.1741731e-03   1.9603817e-03  -4.2631957e-03
   3.4677143e-02   6.7532984e-02   1.1522132e-01   5.0161295e-03   2.0152684e-03  -3.8980257e-03
   2.2547043e-02   5.9430762e-02   1.1566105e-01   4.9162662e-03   2.2002630e-03  -4.5183792e-03
   7.3011493e-03   1.3133453e-01   1.1805141e-01   5.3271390e-03   2.2074006e-03  -4.4448299e-03
   6.8819276e-03   1.5599675e-01   1.2895133e-01   5.5402053e-03   2.2097954e-03  -4.5726240e-03
   8.1438052e-03   6.6273719e-02   1.4187963e-01   5.4945019e-03   2.3212049e-03  -4.8059373e-03
   4.3917176e-03   1.7281773e-01   1.4718495e-01   5.6726571e-03   2.2497492e-03  -4.4946949e-03
   5.9545087e-03   5.7972045e-02   1.5908206e-01   5.6233043e-03   1.9559488e-03  -4.7417442e-03
   4.7827095e-04   1.1759484e-01   1.4282932e-01   5.6573745e-03   1.9814669e-03  -4.6132921e-03
   1.1034574e-02   5.7712360e-02   1.4411272e-01   5.7886902e-03   1.9537945e-03  -4.9510062e-03
   9.8558035e-03   1.6674228e-01   1.1402198e-01   5.4262438e-03   1.9808509e-03  -4.8219717e-03
  -1.6421287e-03   4.9735152e-02   1.3673691e-01   5.7458619e-03   2.1222985e-03  -4.9246418e-03
   2.3536798e-02   1.5375488e-01   9.7469315e-02   5.3479438e-03   2.1392920e-03  -5.0082576e-03
   1.9844417e-02   1.2714682e-01   8.6191660e-02   6.1941696e-03   2.2126456e-03  -5.0197411e-03
   4.0097858e-02   1.1502712e-01   6.7012035e-02   5.9723279e-03   2.1611303e-03  -4.9924789e-03
   3.1459024e-02   5.7793745e-02   1.2195869e-01   6.0467710e-03   2.0867404e-03  -5.1857672e-03
   2.2387594e-02   1.8640498e-01   8.7526969e-02   6.2974906e-03   2.1972584e-03  -4.9909586e-03
   2.7237501e-02   1.1341423e-01   1.0925970e-01   6.3115687e-03   2.3453261e-03  -5.0763116e-03
   7.2073280e-03   1.1922132e-01   8.8411960e-02   6.5146192e-03   2.5647244e-03  -5.1546778e-03
   3.0898961e-02   2.6508310e-02   1.5660950e-01   6.4500372e-03   2.2885991e-03  -5.2822921e-03
   2.7148454e-02   9.8323789e-02   1.1099565e-01   6.5179280e-03   2.2159195e-03  -5.3307740e-03
   3.8901039e-02   1.1928816e-01   9.5347381e-02   6.6627051e-03   2.3923250e-03  -5.5617764e-03
   4.8229953e-02   7.7465401e-02   9.0621534e-02   6.3735350e-03   2.3332940e-03  -5.2095937e-03
   1.9844844e-02   7.2507667e-02   1.6907541e-01   6.3521051e-03   2.4225979e-03  -5.4269884e-03
   1.4921981e-02   1.2051375e-01   1.6316598e-01   6.3885724e-03   2.8067802e-03  -5.1586054e-03
   2.3001448e-02   1.2508824e-01   1.7880295e-01   5.7828254e-03   3.1779567e-03  -5.1054464e-03
   3.4480393e-02   7.9739146e-02   1.6598023e-01   6.2592445e-03   2.9814573e-03  -5.2396062e-03
   4.4045137e-02   1.4639790e-01   1.4164326e-01   5.9717516e-03   3.0467608e-03  -4.9889419e-03
   5.1613744e-02   7.8843145e-02   1.5862411e-01   6.4883065e-03   2.8674113e-03  -4.8793445e-03
   6.9506020e-02   1.2035425e-01   1.3607506e-01   5.8408098e-03   2.9550455e-03  -4.7079808e-03
   8.8431256e-02   4.9572608e-02   1.4379682e-01   6.2038620e-03   3.0170686e-03  -4.4864535e-03
   1.0860823e-01   6.1880920e-02   1.2269659e-01   6.1108906e-03   2.8329715e-03  -4.5397172e-03
   1.1188371e-01   1.1124369e-01   9.0657593e-02   5.9661205e-03   2.9325830e-03  -4.5997010e-03
   9.2698583e-02   1.5525317e-01   8.9790287e-02   6.1772120e-03   2.8834489e-03  -4.7688063e-03
   8.9478479e-02   1.1195052e-01   9.3839398e-02   6.3252469e-03   3.0743522e-03  -4.8278807e-03
   9.8646323e-02   1.5917368e-01   1.0867304e-01   6.0828200e-03   3.0864580e-03  -4.8105831e-03
   1.0021596e-01   6.8690902e-02   1.5039123e-01   6.6923977e-03   2.7376117e-03  -5.0203185e-03
   9.7504131e-02   1.6680530e-01   9.8195663e-02   6.0980839e-03   2.8922558e-03  -5.0507434e-03
   1.0407188e-01   1.0840472e-01   1.0743758e-01   6.3464597e-03   3.1043295e-03  -5.1439131e-03
   1.0666891e-01   1.1191655e-01   9.0437675e-02   6.3007484e-03   2.9409309e-03  -5.0729408e-03
   9.7587668e-02   1.5353078e-01   6.4620757e-02   5.9657761e-03   2.9056102e-03  -5.1748404e-03
   8.5998117e-02   1.3290319e-01   6.6185879e-02   6.2573850e-03   2.4989584e-03  -5.5611520e-03
   8.6347797e-02   1.6163480e-01   2.8000845e-02   6.1155451e-03   2.8010445e-03  -5.6979011e-03
   8.1280215e-02   2.2386720e-01   3.9254712e-02   5.9114978e-03   2.5364216e-03  -5.3030853e-03
   1.0020761e-01   7.0100470e-02   6.7162964e-02   6.9660386e-03   2.1442518e-03  -5.4046240e-03
   8.7201977e-02   1.4546998e-01   6.9333586e-02   6.4413426e-03   2.1870152e-03  -5.4229944e-03
   6.4351201e-02   1.3876616e-01   8.7183162e-02   6.3472982e-03   2.0829036e-03  -5.7402423e-03
   7.6904034e-02   1.4717435e-01   8.0120114e-02   6.1311856e-03   2.0322094e-03  -5.6192596e-03
   8.7544614e-02   2.1245756e-01   2.6960273e-02   5.6528682e-03   2.1298516e-03  -5.3536277e-03
   9.6335409e-02   1.4358661e-01   1.9760899e-02   5.8568511e-03   2.2184291e-03  -5.1429259e-03
   8.2684078e-02   1.2063805e-01   3.6000903e-02   5.8007536e-03   2.1295499e-03  -5.4777433e-03
   8.9811600e-02   1.9572549e-01   2.5504949e-02   5.7994445e-03   2.3235853e-03  -5.2590824e-03
   9.7294739e-02   1.1879473e-01   3.6791790e-02   6.1035852e-03   2.2040954e-03  -5.2262712e-03
   9.6151117e-02   1.0940629e-01   6.0002928e-02   6.0479750e-03   2.3123108e-03  -5.1099341e-03
   1.0621691e-01   1.7583704e-01   3.2922862e-02   5.9699448e-03   2.3746190e-03  -5.0612160e-03
   1.0756158e-01   1.3986717e-01   5.5987159e-02   6.0042032e-03   2.1774125e-03  -5.1642894e-03
   1.0327502e-01   1.1716315e-01   7.4272843e-02   6.1733513e-03   2.2824280e-03  -5.1317644e-03
   1.2068964e-01   1.5393075e-01   5.5808269e-02   5.8431070e-03   2.4521770e-03  -4.9718368e-03
   1.1805305e-01   1.9066869e-01   7.5604796e-02   6.1601690e-03   2.2861607e-03  -4.9462981e-03
   1.2383004e-01   9.7130490e-02   6.7691285e-02   5.6612135e-03   2.3613588e-03  -5.1528070e-03
   1.1556543e-01   1.7277484e-01   5.5965724e-02   5.6450988e-03   2.4197689e-03  -5.3281119e-03
   1.0713169e-01   1.9817177e-01   3.3833491e-02   6.0255001e-03   2.3334143e-03  -5.3980505e-03
   1.0105286e-01   1.8109519e-01   5.1230884e-02   5.8971913e-03   2.3711684e-03  -5.5634846e-03
   9.8451045e-02   1.3940007e-01   8.1090236e-02   6.5249164e-03   2.0456964e-03  -5.7308182e-03
   9.3406389e-02   1.4964604e-01   8.0975762e-02   5.9062809e-03   2.0973217e-03  -5.8383361e-03
   9.0606940e-02   1.4122849e-01   7.1680189e-02   6.2353573e-03   1.9994103e-03  -5.4548817e-03
   9.4836660e-02   1.1695265e-01   6.9935965e-02   6.0768532e-03   2.0043946e-03  -5.3960995e-03
   9.6744467e-02   1.9761609e-01   7.1951680e-02   6.1727060e-03   2.0194728e-03  -5.3088878e-03
